-9.97500000 0.00000000 
-9.92500000 0.00000000 
-9.87500000 0.00000000 
-9.82500000 0.00000000 
-9.77500000 0.00000000 
-9.72500000 0.00000000 
-9.67500000 0.00000000 
-9.62500000 0.00000000 
-9.57500000 0.00000000 
-9.52500000 0.00000000 
-9.47500000 0.00000000 
-9.42500000 0.00000000 
-9.37500000 0.00000000 
-9.32500000 0.00000000 
-9.27500000 0.00000000 
-9.22500000 0.00000000 
-9.17500000 0.00000000 
-9.12500000 0.00000000 
-9.07500000 0.00000000 
-9.02500000 0.00000000 
-8.97500000 0.00000000 
-8.92500000 0.00000000 
-8.87500000 0.00000000 
-8.82500000 0.00000000 
-8.77500000 0.00000000 
-8.72500000 0.00000000 
-8.67500000 0.00000000 
-8.62500000 0.00000000 
-8.57500000 0.00000000 
-8.52500000 0.00000000 
-8.47500000 0.00000000 
-8.42500000 0.00000000 
-8.37500000 0.00000000 
-8.32500000 0.00000000 
-8.27500000 0.00000000 
-8.22500000 0.00000000 
-8.17500000 0.00000000 
-8.12500000 0.00000000 
-8.07500000 0.00000000 
-8.02500000 0.00000000 
-7.97500000 0.00000000 
-7.92500000 0.00000000 
-7.87500000 0.00000000 
-7.82500000 0.00000000 
-7.77500000 0.00000000 
-7.72500000 0.00000000 
-7.67500000 0.00000000 
-7.62500000 0.00000000 
-7.57500000 0.00000000 
-7.52500000 0.00000000 
-7.47500000 0.00000000 
-7.42500000 0.00000000 
-7.37500000 0.00000000 
-7.32500000 0.00000000 
-7.27500000 0.00000000 
-7.22500000 0.00000000 
-7.17500000 0.00000000 
-7.12500000 0.00000001 
-7.07500000 0.00000001 
-7.02500000 0.00000001 
-6.97500000 0.00000001 
-6.92500000 0.00000001 
-6.87500000 0.00000001 
-6.82500000 0.00000002 
-6.77500000 0.00000002 
-6.72500000 0.00000002 
-6.67500000 0.00000003 
-6.62500000 0.00000003 
-6.57500000 0.00000004 
-6.52500000 0.00000004 
-6.47500000 0.00000005 
-6.42500000 0.00000006 
-6.37500000 0.00000008 
-6.32500000 0.00000009 
-6.27500000 0.00000011 
-6.22500000 0.00000013 
-6.17500000 0.00000015 
-6.12500000 0.00000018 
-6.07500000 0.00000022 
-6.02500000 0.00000027 
-5.97500000 0.00000032 
-5.92500000 0.00000039 
-5.87500000 0.00000046 
-5.82500000 0.00000055 
-5.77500000 0.00000065 
-5.72500000 0.00000077 
-5.67500000 0.00000092 
-5.62500000 0.00000110 
-5.57500000 0.00000131 
-5.52500000 0.00000156 
-5.47500000 0.00000186 
-5.42500000 0.00000220 
-5.37500000 0.00000260 
-5.32500000 0.00000307 
-5.27500000 0.00000363 
-5.22500000 0.00000429 
-5.17500000 0.00000508 
-5.12500000 0.00000600 
-5.07500000 0.00000706 
-5.02500000 0.00000831 
-4.97500000 0.00000975 
-4.92500000 0.00001143 
-4.87500000 0.00001339 
-4.82500000 0.00001568 
-4.77500000 0.00001836 
-4.72500000 0.00002146 
-4.67500000 0.00002504 
-4.62500000 0.00002918 
-4.57500000 0.00003394 
-4.52500000 0.00003943 
-4.47500000 0.00004576 
-4.42500000 0.00005306 
-4.37500000 0.00006147 
-4.32500000 0.00007112 
-4.27500000 0.00008217 
-4.22500000 0.00009480 
-4.17500000 0.00010921 
-4.12500000 0.00012565 
-4.07500000 0.00014439 
-4.02500000 0.00016576 
-3.97500000 0.00019007 
-3.92500000 0.00021770 
-3.87500000 0.00024901 
-3.82500000 0.00028443 
-3.77500000 0.00032447 
-3.72500000 0.00036968 
-3.67500000 0.00042070 
-3.62500000 0.00047821 
-3.57500000 0.00054297 
-3.52500000 0.00061575 
-3.47500000 0.00069741 
-3.42500000 0.00078890 
-3.37500000 0.00089125 
-3.32500000 0.00100567 
-3.27500000 0.00113343 
-3.22500000 0.00127594 
-3.17500000 0.00143467 
-3.12500000 0.00161118 
-3.07500000 0.00180714 
-3.02500000 0.00202440 
-2.97500000 0.00226497 
-2.92500000 0.00253102 
-2.87500000 0.00282491 
-2.82500000 0.00314911 
-2.77500000 0.00350621 
-2.72500000 0.00389893 
-2.67500000 0.00433017 
-2.62500000 0.00480304 
-2.57500000 0.00532087 
-2.52500000 0.00588720 
-2.47500000 0.00650574 
-2.42500000 0.00718029 
-2.37500000 0.00791479 
-2.32500000 0.00871332 
-2.27500000 0.00958017 
-2.22500000 0.01051985 
-2.17500000 0.01153711 
-2.12500000 0.01263684 
-2.07500000 0.01382402 
-2.02500000 0.01510362 
-1.97500000 0.01648064 
-1.92500000 0.01796019 
-1.87500000 0.01954751 
-1.82500000 0.02124798 
-1.77500000 0.02306712 
-1.72500000 0.02501036 
-1.67500000 0.02708302 
-1.62500000 0.02929014 
-1.57500000 0.03163660 
-1.52500000 0.03412712 
-1.47500000 0.03676641 
-1.42500000 0.03955908 
-1.37500000 0.04250953 
-1.32500000 0.04562176 
-1.27500000 0.04889917 
-1.22500000 0.05234454 
-1.17500000 0.05596011 
-1.12500000 0.05974766 
-1.07500000 0.06370867 
-1.02500000 0.06784421 
-0.97500000 0.07215481 
-0.92500000 0.07664009 
-0.87500000 0.08129865 
-0.82500000 0.08612798 
-0.77500000 0.09112463 
-0.72500000 0.09628446 
-0.67500000 0.10160281 
-0.62500000 0.10707445 
-0.57500000 0.11269339 
-0.52500000 0.11845250 
-0.47500000 0.12434329 
-0.42500000 0.13035583 
-0.37500000 0.13647903 
-0.32500000 0.14270100 
-0.27500000 0.14900937 
-0.22500000 0.15539137 
-0.17500000 0.16183354 
-0.12500000 0.16832138 
-0.07500000 0.17483898 
-0.02500000 0.18136903 
0.02500000 0.18789313 
0.07500000 0.19439242 
0.12500000 0.20084809 
0.17500000 0.20724157 
0.22500000 0.21355435 
0.27500000 0.21976742 
0.32500000 0.22586084 
0.37500000 0.23181365 
0.42500000 0.23760432 
0.47500000 0.24321153 
0.52500000 0.24861502 
0.57500000 0.25379598 
0.62500000 0.25873688 
0.67500000 0.26342079 
0.72500000 0.26783067 
0.77500000 0.27194904 
0.82500000 0.27575837 
0.87500000 0.27924200 
0.92500000 0.28238520 
0.97500000 0.28517582 
1.02500000 0.28760414 
1.07500000 0.28966211 
1.12500000 0.29134229 
1.17500000 0.29263719 
1.22500000 0.29353939 
1.27500000 0.29404255 
1.32500000 0.29414259 
1.37500000 0.29383867 
1.42500000 0.29313321 
1.47500000 0.29203109 
1.52500000 0.29053828 
1.57500000 0.28866075 
1.62500000 0.28640419 
1.67500000 0.28377477 
1.72500000 0.28078037 
1.77500000 0.27743186 
1.82500000 0.27374344 
1.87500000 0.26973196 
1.92500000 0.26541552 
1.97500000 0.26081191 
2.02500000 0.25593782 
2.07500000 0.25080908 
2.12500000 0.24544177 
2.17500000 0.23985359 
2.22500000 0.23406469 
2.27500000 0.22809747 
2.32500000 0.22197537 
2.37500000 0.21572133 
2.42500000 0.20935645 
2.47500000 0.20289966 
2.52500000 0.19636847 
2.57500000 0.18978020 
2.62500000 0.18315325 
2.67500000 0.17650754 
2.72500000 0.16986400 
2.77500000 0.16324327 
2.82500000 0.15666426 
2.87500000 0.15014326 
2.92500000 0.14369396 
2.97500000 0.13732830 
3.02500000 0.13105772 
3.07500000 0.12489413 
3.12500000 0.11885019 
3.17500000 0.11293870 
3.22500000 0.10717157 
3.27500000 0.10155863 
3.32500000 0.09610713 
3.37500000 0.09082187 
3.42500000 0.08570601 
3.47500000 0.08076213 
3.52500000 0.07599306 
3.57500000 0.07140205 
3.62500000 0.06699245 
3.67500000 0.06276692 
3.72500000 0.05872660 
3.77500000 0.05487076 
3.82500000 0.05119689 
3.87500000 0.04770130 
3.92500000 0.04437988 
3.97500000 0.04122879 
4.02500000 0.03824473 
4.07500000 0.03542473 
4.12500000 0.03276574 
4.17500000 0.03026409 
4.22500000 0.02791508 
4.27500000 0.02571303 
4.32500000 0.02365152 
4.37500000 0.02172390 
4.42500000 0.01992376 
4.47500000 0.01824522 
4.52500000 0.01668296 
4.57500000 0.01523203 
4.62500000 0.01388754 
4.67500000 0.01264436 
4.72500000 0.01149696 
4.77500000 0.01043953 
4.82500000 0.00946612 
4.87500000 0.00857093 
4.92500000 0.00774858 
4.97500000 0.00699420 
5.02500000 0.00630342 
5.07500000 0.00567226 
5.12500000 0.00509693 
5.17500000 0.00457371 
5.22500000 0.00409880 
5.27500000 0.00366839 
5.32500000 0.00327872 
5.37500000 0.00292620 
5.42500000 0.00260754 
5.47500000 0.00231979 
5.52500000 0.00206037 
5.57500000 0.00182699 
5.62500000 0.00161757 
5.67500000 0.00143016 
5.72500000 0.00126285 
5.77500000 0.00111378 
5.82500000 0.00098112 
5.87500000 0.00086314 
5.92500000 0.00075824 
5.97500000 0.00066499 
6.02500000 0.00058217 
6.07500000 0.00050870 
6.12500000 0.00044370 
6.17500000 0.00038637 
6.22500000 0.00033598 
6.27500000 0.00029182 
6.32500000 0.00025324 
6.37500000 0.00021955 
6.42500000 0.00019016 
6.47500000 0.00016449 
6.52500000 0.00014205 
6.57500000 0.00012242 
6.62500000 0.00010525 
6.67500000 0.00009028 
6.72500000 0.00007726 
6.77500000 0.00006601 
6.82500000 0.00005634 
6.87500000 0.00004805 
6.92500000 0.00004099 
6.97500000 0.00003496 
7.02500000 0.00002981 
7.07500000 0.00002540 
7.12500000 0.00002160 
7.17500000 0.00001831 
7.22500000 0.00001547 
7.27500000 0.00001301 
7.32500000 0.00001090 
7.37500000 0.00000911 
7.42500000 0.00000760 
7.47500000 0.00000634 
7.52500000 0.00000530 
7.57500000 0.00000444 
7.62500000 0.00000374 
7.67500000 0.00000315 
7.72500000 0.00000265 
7.77500000 0.00000222 
7.82500000 0.00000185 
7.87500000 0.00000153 
7.92500000 0.00000125 
7.97500000 0.00000101 
8.02500000 0.00000082 
8.07500000 0.00000065 
8.12500000 0.00000052 
8.17500000 0.00000042 
8.22500000 0.00000035 
8.27500000 0.00000029 
8.32500000 0.00000024 
8.37500000 0.00000021 
8.42500000 0.00000017 
8.47500000 0.00000015 
8.52500000 0.00000012 
8.57500000 0.00000010 
8.62500000 0.00000008 
8.67500000 0.00000006 
8.72500000 0.00000005 
8.77500000 0.00000003 
8.82500000 0.00000003 
8.87500000 0.00000002 
8.92500000 0.00000001 
8.97500000 0.00000001 
9.02500000 0.00000001 
9.07500000 0.00000001 
9.12500000 0.00000001 
9.17500000 0.00000001 
9.22500000 0.00000001 
9.27500000 0.00000001 
9.32500000 0.00000001 
9.37500000 0.00000001 
9.42500000 0.00000000 
9.47500000 0.00000000 
9.52500000 0.00000000 
9.57500000 0.00000000 
9.62500000 0.00000000 
9.67500000 0.00000000 
9.72500000 0.00000000 
9.77500000 0.00000000 
9.82500000 0.00000000 
9.87500000 0.00000000 
9.92500000 0.00000000 
9.97500000 0.00000000 
