0.02500000 0.00182558 
0.07500000 0.00365107 
0.12500000 0.00547636 
0.17500000 0.00730134 
0.22500000 0.00912593 
0.27500000 0.01095000 
0.32500000 0.01277345 
0.37500000 0.01459617 
0.42500000 0.01641804 
0.47500000 0.01823893 
0.52500000 0.02005870 
0.57500000 0.02187723 
0.62500000 0.02369436 
0.67500000 0.02550995 
0.72500000 0.02732382 
0.77500000 0.02913580 
0.82500000 0.03094572 
0.87500000 0.03275338 
0.92500000 0.03455857 
0.97500000 0.03636108 
1.02500000 0.03816068 
1.07500000 0.03995714 
1.12500000 0.04175019 
1.17500000 0.04353957 
1.22500000 0.04532501 
1.27500000 0.04710621 
1.32500000 0.04888286 
1.37500000 0.05065464 
1.42500000 0.05242122 
1.47500000 0.05418225 
1.52500000 0.05593736 
1.57500000 0.05768618 
1.62500000 0.05942831 
1.67500000 0.06116334 
1.72500000 0.06289086 
1.77500000 0.06461041 
1.82500000 0.06632156 
1.87500000 0.06802384 
1.92500000 0.06971677 
1.97500000 0.07139985 
2.02500000 0.07307258 
2.07500000 0.07473443 
2.12500000 0.07638489 
2.17500000 0.07802340 
2.22500000 0.07964940 
2.27500000 0.08126234 
2.32500000 0.08286162 
2.37500000 0.08444667 
2.42500000 0.08601687 
2.47500000 0.08757164 
2.52500000 0.08911034 
2.57500000 0.09063235 
2.62500000 0.09213705 
2.67500000 0.09362380 
2.72500000 0.09509194 
2.77500000 0.09654084 
2.82500000 0.09796985 
2.87500000 0.09937829 
2.92500000 0.10076553 
2.97500000 0.10213089 
3.02500000 0.10347372 
3.07500000 0.10479335 
3.12500000 0.10608914 
3.17500000 0.10736041 
3.22500000 0.10860651 
3.27500000 0.10982680 
3.32500000 0.11102063 
3.37500000 0.11218735 
3.42500000 0.11332634 
3.47500000 0.11443696 
3.52500000 0.11551859 
3.57500000 0.11657064 
3.62500000 0.11759249 
3.67500000 0.11858356 
3.72500000 0.11954328 
3.77500000 0.12047108 
3.82500000 0.12136641 
3.87500000 0.12222874 
3.92500000 0.12305755 
3.97500000 0.12385234 
4.02500000 0.12461261 
4.07500000 0.12533790 
4.12500000 0.12602777 
4.17500000 0.12668178 
4.22500000 0.12729952 
4.27500000 0.12788059 
4.32500000 0.12842464 
4.37500000 0.12893132 
4.42500000 0.12940029 
4.47500000 0.12983126 
4.52500000 0.13022396 
4.57500000 0.13057811 
4.62500000 0.13089351 
4.67500000 0.13116993 
4.72500000 0.13140720 
4.77500000 0.13160517 
4.82500000 0.13176369 
4.87500000 0.13188268 
4.92500000 0.13196205 
4.97500000 0.13200175 
5.02500000 0.13200175 
5.07500000 0.13196205 
5.12500000 0.13188268 
5.17500000 0.13176369 
5.22500000 0.13160517 
5.27500000 0.13140720 
5.32500000 0.13116993 
5.37500000 0.13089351 
5.42500000 0.13057811 
5.47500000 0.13022396 
5.52500000 0.12983126 
5.57500000 0.12940029 
5.62500000 0.12893132 
5.67500000 0.12842464 
5.72500000 0.12788059 
5.77500000 0.12729952 
5.82500000 0.12668178 
5.87500000 0.12602777 
5.92500000 0.12533790 
5.97500000 0.12461261 
6.02500000 0.12385234 
6.07500000 0.12305755 
6.12500000 0.12222874 
6.17500000 0.12136641 
6.22500000 0.12047108 
6.27500000 0.11954328 
6.32500000 0.11858356 
6.37500000 0.11759249 
6.42500000 0.11657064 
6.47500000 0.11551859 
6.52500000 0.11443696 
6.57500000 0.11332634 
6.62500000 0.11218735 
6.67500000 0.11102063 
6.72500000 0.10982680 
6.77500000 0.10860651 
6.82500000 0.10736041 
6.87500000 0.10608914 
6.92500000 0.10479335 
6.97500000 0.10347372 
7.02500000 0.10213089 
7.07500000 0.10076553 
7.12500000 0.09937829 
7.17500000 0.09796985 
7.22500000 0.09654084 
7.27500000 0.09509194 
7.32500000 0.09362380 
7.37500000 0.09213705 
7.42500000 0.09063235 
7.47500000 0.08911034 
7.52500000 0.08757164 
7.57500000 0.08601687 
7.62500000 0.08444667 
7.67500000 0.08286162 
7.72500000 0.08126234 
7.77500000 0.07964940 
7.82500000 0.07802340 
7.87500000 0.07638489 
7.92500000 0.07473443 
7.97500000 0.07307258 
8.02500000 0.07139985 
8.07500000 0.06971677 
8.12500000 0.06802384 
8.17500000 0.06632156 
8.22500000 0.06461041 
8.27500000 0.06289086 
8.32500000 0.06116334 
8.37500000 0.05942831 
8.42500000 0.05768618 
8.47500000 0.05593736 
8.52500000 0.05418225 
8.57500000 0.05242122 
8.62500000 0.05065464 
8.67500000 0.04888286 
8.72500000 0.04710621 
8.77500000 0.04532501 
8.82500000 0.04353957 
8.87500000 0.04175019 
8.92500000 0.03995714 
8.97500000 0.03816068 
9.02500000 0.03636108 
9.07500000 0.03455857 
9.12500000 0.03275338 
9.17500000 0.03094572 
9.22500000 0.02913580 
9.27500000 0.02732382 
9.32500000 0.02550995 
9.37500000 0.02369436 
9.42500000 0.02187723 
9.47500000 0.02005870 
9.52500000 0.01823893 
9.57500000 0.01641804 
9.62500000 0.01459617 
9.67500000 0.01277345 
9.72500000 0.01095000 
9.77500000 0.00912593 
9.82500000 0.00730134 
9.87500000 0.00547636 
9.92500000 0.00365107 
9.97500000 0.00182558 
