0.02500000 0.99999970 
0.07500000 0.99999940 
0.12500000 0.99999910 
0.17500000 0.99999879 
0.22500000 0.99999849 
0.27500000 0.99999819 
0.32500000 0.99999788 
0.37500000 0.99999758 
0.42500000 0.99999727 
0.47500000 0.99999696 
0.52500000 0.99999665 
0.57500000 0.99999634 
0.62500000 0.99999603 
0.67500000 0.99999571 
0.72500000 0.99999540 
0.77500000 0.99999508 
0.82500000 0.99999475 
0.87500000 0.99999443 
0.92500000 0.99999410 
0.97500000 0.99999377 
1.02500000 0.99999344 
1.07500000 0.99999310 
1.12500000 0.99999276 
1.17500000 0.99999241 
1.22500000 0.99999206 
1.27500000 0.99999171 
1.32500000 0.99999135 
1.37500000 0.99999099 
1.42500000 0.99999062 
1.47500000 0.99999025 
1.52500000 0.99998987 
1.57500000 0.99998949 
1.62500000 0.99998910 
1.67500000 0.99998871 
1.72500000 0.99998831 
1.77500000 0.99998791 
1.82500000 0.99998750 
1.87500000 0.99998708 
1.92500000 0.99998665 
1.97500000 0.99998622 
2.02500000 0.99998579 
2.07500000 0.99998534 
2.12500000 0.99998489 
2.17500000 0.99998443 
2.22500000 0.99998396 
2.27500000 0.99998348 
2.32500000 0.99998299 
2.37500000 0.99998250 
2.42500000 0.99998200 
2.47500000 0.99998148 
2.52500000 0.99998096 
2.57500000 0.99998043 
2.62500000 0.99997989 
2.67500000 0.99997933 
2.72500000 0.99997877 
2.77500000 0.99997820 
2.82500000 0.99997761 
2.87500000 0.99997701 
2.92500000 0.99997641 
2.97500000 0.99997579 
3.02500000 0.99997515 
3.07500000 0.99997451 
3.12500000 0.99997385 
3.17500000 0.99997318 
3.22500000 0.99997249 
3.27500000 0.99997179 
3.32500000 0.99997108 
3.37500000 0.99997035 
3.42500000 0.99996960 
3.47500000 0.99996884 
3.52500000 0.99996807 
3.57500000 0.99996728 
3.62500000 0.99996647 
3.67500000 0.99996565 
3.72500000 0.99996480 
3.77500000 0.99996394 
3.82500000 0.99996306 
3.87500000 0.99996217 
3.92500000 0.99996125 
3.97500000 0.99996031 
4.02500000 0.99995936 
4.07500000 0.99995838 
4.12500000 0.99995738 
4.17500000 0.99995637 
4.22500000 0.99995532 
4.27500000 0.99995426 
4.32500000 0.99995317 
4.37500000 0.99995206 
4.42500000 0.99995093 
4.47500000 0.99994977 
4.52500000 0.99994859 
4.57500000 0.99994738 
4.62500000 0.99994614 
4.67500000 0.99994488 
4.72500000 0.99994359 
4.77500000 0.99994227 
4.82500000 0.99994092 
4.87500000 0.99993954 
4.92500000 0.99993814 
4.97500000 0.99993670 
5.02500000 0.99993523 
5.07500000 0.99993373 
5.12500000 0.99993219 
5.17500000 0.99993062 
5.22500000 0.99992902 
5.27500000 0.99992738 
5.32500000 0.99992570 
5.37500000 0.99992399 
5.42500000 0.99992224 
5.47500000 0.99992045 
5.52500000 0.99991863 
5.57500000 0.99991676 
5.62500000 0.99991485 
5.67500000 0.99991290 
5.72500000 0.99991090 
5.77500000 0.99990886 
5.82500000 0.99990678 
5.87500000 0.99990465 
5.92500000 0.99990248 
5.97500000 0.99990025 
6.02500000 0.99989798 
6.07500000 0.99989565 
6.12500000 0.99989328 
6.17500000 0.99989085 
6.22500000 0.99988837 
6.27500000 0.99988583 
6.32500000 0.99988324 
6.37500000 0.99988059 
6.42500000 0.99987788 
6.47500000 0.99987512 
6.52500000 0.99987229 
6.57500000 0.99986940 
6.62500000 0.99986644 
6.67500000 0.99986342 
6.72500000 0.99986033 
6.77500000 0.99985718 
6.82500000 0.99985395 
6.87500000 0.99985065 
6.92500000 0.99984729 
6.97500000 0.99984384 
7.02500000 0.99984032 
7.07500000 0.99983673 
7.12500000 0.99983305 
7.17500000 0.99982929 
7.22500000 0.99982545 
7.27500000 0.99982153 
7.32500000 0.99981751 
7.37500000 0.99981341 
7.42500000 0.99980922 
7.47500000 0.99980494 
7.52500000 0.99980056 
7.57500000 0.99979609 
7.62500000 0.99979151 
7.67500000 0.99978684 
7.72500000 0.99978206 
7.77500000 0.99977718 
7.82500000 0.99977219 
7.87500000 0.99976709 
7.92500000 0.99976188 
7.97500000 0.99975656 
8.02500000 0.99975111 
8.07500000 0.99974555 
8.12500000 0.99973987 
8.17500000 0.99973406 
8.22500000 0.99972812 
8.27500000 0.99972205 
8.32500000 0.99971585 
8.37500000 0.99970951 
8.42500000 0.99970303 
8.47500000 0.99969641 
8.52500000 0.99968965 
8.57500000 0.99968273 
8.62500000 0.99967567 
8.67500000 0.99966845 
8.72500000 0.99966107 
8.77500000 0.99965353 
8.82500000 0.99964582 
8.87500000 0.99963794 
8.92500000 0.99962990 
8.97500000 0.99962167 
9.02500000 0.99961327 
9.07500000 0.99960468 
9.12500000 0.99959590 
9.17500000 0.99958693 
9.22500000 0.99957776 
9.27500000 0.99956840 
9.32500000 0.99955882 
9.37500000 0.99954904 
9.42500000 0.99953904 
9.47500000 0.99952883 
9.52500000 0.99951839 
9.57500000 0.99950772 
9.62500000 0.99949682 
9.67500000 0.99948569 
9.72500000 0.99947430 
9.77500000 0.99946267 
9.82500000 0.99945079 
9.87500000 0.99943864 
9.92500000 0.99942623 
9.97500000 0.99941355 
10.02500000 0.99940059 
10.07500000 0.99938735 
10.12500000 0.99937382 
10.17500000 0.99936000 
10.22500000 0.99934587 
10.27500000 0.99933143 
10.32500000 0.99931668 
10.37500000 0.99930161 
10.42500000 0.99928621 
10.47500000 0.99927047 
10.52500000 0.99925439 
10.57500000 0.99923796 
10.62500000 0.99922118 
10.67500000 0.99920402 
10.72500000 0.99918649 
10.77500000 0.99916858 
10.82500000 0.99915028 
10.87500000 0.99913159 
10.92500000 0.99911248 
10.97500000 0.99909296 
11.02500000 0.99907301 
11.07500000 0.99905263 
11.12500000 0.99903181 
11.17500000 0.99901054 
11.22500000 0.99898880 
11.27500000 0.99896659 
11.32500000 0.99894389 
11.37500000 0.99892070 
11.42500000 0.99889701 
11.47500000 0.99887281 
11.52500000 0.99884807 
11.57500000 0.99882281 
11.62500000 0.99879699 
11.67500000 0.99877061 
11.72500000 0.99874366 
11.77500000 0.99871612 
11.82500000 0.99868799 
11.87500000 0.99865925 
11.92500000 0.99862988 
11.97500000 0.99859987 
12.02500000 0.99856922 
12.07500000 0.99853790 
12.12500000 0.99850590 
12.17500000 0.99847321 
12.22500000 0.99843981 
12.27500000 0.99840569 
12.32500000 0.99837082 
12.37500000 0.99833521 
12.42500000 0.99829882 
12.47500000 0.99826164 
12.52500000 0.99822366 
12.57500000 0.99818485 
12.62500000 0.99814521 
12.67500000 0.99810471 
12.72500000 0.99806333 
12.77500000 0.99802106 
12.82500000 0.99797787 
12.87500000 0.99793376 
12.92500000 0.99788868 
12.97500000 0.99784263 
13.02500000 0.99779559 
13.07500000 0.99774753 
13.12500000 0.99769844 
13.17500000 0.99764828 
13.22500000 0.99759704 
13.27500000 0.99754470 
13.32500000 0.99749122 
13.37500000 0.99743659 
13.42500000 0.99738079 
13.47500000 0.99732378 
13.52500000 0.99726553 
13.57500000 0.99720604 
13.62500000 0.99714526 
13.67500000 0.99708317 
13.72500000 0.99701974 
13.77500000 0.99695495 
13.82500000 0.99688876 
13.87500000 0.99682115 
13.92500000 0.99675208 
13.97500000 0.99668152 
14.02500000 0.99660945 
14.07500000 0.99653582 
14.12500000 0.99646061 
14.17500000 0.99638379 
14.22500000 0.99630531 
14.27500000 0.99622514 
14.32500000 0.99614325 
14.37500000 0.99605960 
14.42500000 0.99597416 
14.47500000 0.99588687 
14.52500000 0.99579772 
14.57500000 0.99570665 
14.62500000 0.99561362 
14.67500000 0.99551860 
14.72500000 0.99542154 
14.77500000 0.99532240 
14.82500000 0.99522114 
14.87500000 0.99511770 
14.92500000 0.99501204 
14.97500000 0.99490412 
15.02500000 0.99479389 
15.07500000 0.99468130 
15.12500000 0.99456630 
15.17500000 0.99444884 
15.22500000 0.99432886 
15.27500000 0.99420631 
15.32500000 0.99408115 
15.37500000 0.99395331 
15.42500000 0.99382273 
15.47500000 0.99368937 
15.52500000 0.99355316 
15.57500000 0.99341403 
15.62500000 0.99327194 
15.67500000 0.99312681 
15.72500000 0.99297859 
15.77500000 0.99282720 
15.82500000 0.99267259 
15.87500000 0.99251468 
15.92500000 0.99235341 
15.97500000 0.99218870 
16.02500000 0.99202048 
16.07500000 0.99184868 
16.12500000 0.99167322 
16.17500000 0.99149403 
16.22500000 0.99131103 
16.27500000 0.99112414 
16.32500000 0.99093328 
16.37500000 0.99073836 
16.42500000 0.99053931 
16.47500000 0.99033602 
16.52500000 0.99012843 
16.57500000 0.98991643 
16.62500000 0.98969993 
16.67500000 0.98947885 
16.72500000 0.98925308 
16.77500000 0.98902253 
16.82500000 0.98878710 
16.87500000 0.98854669 
16.92500000 0.98830119 
16.97500000 0.98805051 
17.02500000 0.98779452 
17.07500000 0.98753313 
17.12500000 0.98726623 
17.17500000 0.98699369 
17.22500000 0.98671540 
17.27500000 0.98643125 
17.32500000 0.98614111 
17.37500000 0.98584485 
17.42500000 0.98554237 
17.47500000 0.98523352 
17.52500000 0.98491818 
17.57500000 0.98459621 
17.62500000 0.98426748 
17.67500000 0.98393185 
17.72500000 0.98358918 
17.77500000 0.98323932 
17.82500000 0.98288214 
17.87500000 0.98251747 
17.92500000 0.98214518 
17.97500000 0.98176510 
18.02500000 0.98137708 
18.07500000 0.98098095 
18.12500000 0.98057656 
18.17500000 0.98016373 
18.22500000 0.97974230 
18.27500000 0.97931209 
18.32500000 0.97887293 
18.37500000 0.97842464 
18.42500000 0.97796703 
18.47500000 0.97749992 
18.52500000 0.97702312 
18.57500000 0.97653644 
18.62500000 0.97603967 
18.67500000 0.97553263 
18.72500000 0.97501510 
18.77500000 0.97448688 
18.82500000 0.97394775 
18.87500000 0.97339751 
18.92500000 0.97283593 
18.97500000 0.97226279 
19.02500000 0.97167786 
19.07500000 0.97108092 
19.12500000 0.97047173 
19.17500000 0.96985005 
19.22500000 0.96921563 
19.27500000 0.96856824 
19.32500000 0.96790761 
19.37500000 0.96723350 
19.42500000 0.96654565 
19.47500000 0.96584378 
19.52500000 0.96512764 
19.57500000 0.96439694 
19.62500000 0.96365142 
19.67500000 0.96289079 
19.72500000 0.96211475 
19.77500000 0.96132304 
19.82500000 0.96051533 
19.87500000 0.95969135 
19.92500000 0.95885077 
19.97500000 0.95799329 
20.02500000 0.95711860 
20.07500000 0.95622638 
20.12500000 0.95531630 
20.17500000 0.95438803 
20.22500000 0.95344123 
20.27500000 0.95247558 
20.32500000 0.95149072 
20.37500000 0.95048630 
20.42500000 0.94946198 
20.47500000 0.94841739 
20.52500000 0.94735217 
20.57500000 0.94626594 
20.62500000 0.94515834 
20.67500000 0.94402899 
20.72500000 0.94287750 
20.77500000 0.94170348 
20.82500000 0.94050653 
20.87500000 0.93928627 
20.92500000 0.93804228 
20.97500000 0.93677416 
21.02500000 0.93548149 
21.07500000 0.93416385 
21.12500000 0.93282082 
21.17500000 0.93145197 
21.22500000 0.93005687 
21.27500000 0.92863508 
21.32500000 0.92718616 
21.37500000 0.92570965 
21.42500000 0.92420512 
21.47500000 0.92267211 
21.52500000 0.92111014 
21.57500000 0.91951877 
21.62500000 0.91789752 
21.67500000 0.91624592 
21.72500000 0.91456350 
21.77500000 0.91284977 
21.82500000 0.91110425 
21.87500000 0.90932646 
21.92500000 0.90751591 
21.97500000 0.90567210 
22.02500000 0.90379454 
22.07500000 0.90188273 
22.12500000 0.89993617 
22.17500000 0.89795436 
22.22500000 0.89593679 
22.27500000 0.89388296 
22.32500000 0.89179235 
22.37500000 0.88966447 
22.42500000 0.88749880 
22.47500000 0.88529482 
22.52500000 0.88305204 
22.57500000 0.88076993 
22.62500000 0.87844799 
22.67500000 0.87608570 
22.72500000 0.87368256 
22.77500000 0.87123805 
22.82500000 0.86875168 
22.87500000 0.86622294 
22.92500000 0.86365133 
22.97500000 0.86103634 
23.02500000 0.85837749 
23.07500000 0.85567427 
23.12500000 0.85292622 
23.17500000 0.85013284 
23.22500000 0.84729366 
23.27500000 0.84440820 
23.32500000 0.84147601 
23.37500000 0.83849663 
23.42500000 0.83546960 
23.47500000 0.83239449 
23.52500000 0.82927087 
23.57500000 0.82609830 
23.62500000 0.82287639 
23.67500000 0.81960473 
23.72500000 0.81628292 
23.77500000 0.81291060 
23.82500000 0.80948739 
23.87500000 0.80601294 
23.92500000 0.80248692 
23.97500000 0.79890900 
24.02500000 0.79527888 
24.07500000 0.79159627 
24.12500000 0.78786089 
24.17500000 0.78407249 
24.22500000 0.78023083 
24.27500000 0.77633571 
24.32500000 0.77238691 
24.37500000 0.76838428 
24.42500000 0.76432765 
24.47500000 0.76021690 
24.52500000 0.75605193 
24.57500000 0.75183265 
24.62500000 0.74755901 
24.67500000 0.74323098 
24.72500000 0.73884857 
24.77500000 0.73441179 
24.82500000 0.72992071 
24.87500000 0.72537541 
24.92500000 0.72077602 
24.97500000 0.71612266 
25.02500000 0.71141554 
25.07500000 0.70665486 
25.12500000 0.70184087 
25.17500000 0.69697384 
25.22500000 0.69205411 
25.27500000 0.68708202 
25.32500000 0.68205796 
25.37500000 0.67698235 
25.42500000 0.67185567 
25.47500000 0.66667842 
25.52500000 0.66145113 
25.57500000 0.65617440 
25.62500000 0.65084884 
25.67500000 0.64547512 
25.72500000 0.64005394 
25.77500000 0.63458605 
25.82500000 0.62907223 
25.87500000 0.62351331 
25.92500000 0.61791017 
25.97500000 0.61226372 
26.02500000 0.60657490 
26.07500000 0.60084473 
26.12500000 0.59507425 
26.17500000 0.58926452 
26.22500000 0.58341669 
26.27500000 0.57753191 
26.32500000 0.57161140 
26.37500000 0.56565640 
26.42500000 0.55966821 
26.47500000 0.55364816 
26.52500000 0.54759761 
26.57500000 0.54151798 
26.62500000 0.53541071 
26.67500000 0.52927730 
26.72500000 0.52311926 
26.77500000 0.51693815 
26.82500000 0.51073557 
26.87500000 0.50451313 
26.92500000 0.49827251 
26.97500000 0.49201538 
27.02500000 0.48574347 
27.07500000 0.47945852 
27.12500000 0.47316231 
27.17500000 0.46685664 
27.22500000 0.46054333 
27.27500000 0.45422423 
27.32500000 0.44790119 
27.37500000 0.44157611 
27.42500000 0.43525088 
27.47500000 0.42892742 
27.52500000 0.42260765 
27.57500000 0.41629350 
27.62500000 0.40998693 
27.67500000 0.40368988 
27.72500000 0.39740430 
27.77500000 0.39113216 
27.82500000 0.38487540 
27.87500000 0.37863599 
27.92500000 0.37241586 
27.97500000 0.36621696 
28.02500000 0.36004122 
28.07500000 0.35389056 
28.12500000 0.34776687 
28.17500000 0.34167206 
28.22500000 0.33560797 
28.27500000 0.32957647 
28.32500000 0.32357938 
28.37500000 0.31761849 
28.42500000 0.31169558 
28.47500000 0.30581238 
28.52500000 0.29997061 
28.57500000 0.29417194 
28.62500000 0.28841800 
28.67500000 0.28271041 
28.72500000 0.27705071 
28.77500000 0.27144043 
28.82500000 0.26588104 
28.87500000 0.26037398 
28.92500000 0.25492064 
28.97500000 0.24952234 
29.02500000 0.24418037 
29.07500000 0.23889599 
29.12500000 0.23367036 
29.17500000 0.22850462 
29.22500000 0.22339986 
29.27500000 0.21835709 
29.32500000 0.21337729 
29.37500000 0.20846137 
29.42500000 0.20361019 
29.47500000 0.19882455 
29.52500000 0.19410519 
29.57500000 0.18945279 
29.62500000 0.18486799 
29.67500000 0.18035135 
29.72500000 0.17590339 
29.77500000 0.17152456 
29.82500000 0.16721525 
29.87500000 0.16297581 
29.92500000 0.15880653 
29.97500000 0.15470762 
30.02500000 0.15067927 
30.07500000 0.14672159 
30.12500000 0.14283465 
30.17500000 0.13901845 
30.22500000 0.13527296 
30.27500000 0.13159810 
30.32500000 0.12799370 
30.37500000 0.12445960 
30.42500000 0.12099555 
30.47500000 0.11760127 
30.52500000 0.11427644 
30.57500000 0.11102068 
30.62500000 0.10783358 
30.67500000 0.10471469 
30.72500000 0.10166353 
30.77500000 0.09867955 
30.82500000 0.09576220 
30.87500000 0.09291088 
30.92500000 0.09012496 
30.97500000 0.08740378 
31.02500000 0.08474664 
31.07500000 0.08215282 
31.12500000 0.07962159 
31.17500000 0.07715216 
31.22500000 0.07474375 
31.27500000 0.07239555 
31.32500000 0.07010671 
31.37500000 0.06787639 
31.42500000 0.06570372 
31.47500000 0.06358780 
31.52500000 0.06152776 
31.57500000 0.05952266 
31.62500000 0.05757160 
31.67500000 0.05567363 
31.72500000 0.05382783 
31.77500000 0.05203325 
31.82500000 0.05028893 
31.87500000 0.04859392 
31.92500000 0.04694726 
31.97500000 0.04534799 
32.02500000 0.04379515 
32.07500000 0.04228779 
32.12500000 0.04082493 
32.17500000 0.03940563 
32.22500000 0.03802893 
32.27500000 0.03669389 
32.32500000 0.03539955 
32.37500000 0.03414498 
32.42500000 0.03292926 
32.47500000 0.03175145 
32.52500000 0.03061065 
32.57500000 0.02950594 
32.62500000 0.02843643 
32.67500000 0.02740124 
32.72500000 0.02639948 
32.77500000 0.02543030 
32.82500000 0.02449284 
32.87500000 0.02358626 
32.92500000 0.02270972 
32.97500000 0.02186243 
33.02500000 0.02104356 
33.07500000 0.02025233 
33.12500000 0.01948798 
33.17500000 0.01874972 
33.22500000 0.01803682 
33.27500000 0.01734854 
33.32500000 0.01668416 
33.37500000 0.01604297 
33.42500000 0.01542429 
33.47500000 0.01482744 
33.52500000 0.01425174 
33.57500000 0.01369657 
33.62500000 0.01316127 
33.67500000 0.01264524 
33.72500000 0.01214787 
33.77500000 0.01166856 
33.82500000 0.01120675 
33.87500000 0.01076187 
33.92500000 0.01033337 
33.97500000 0.00992071 
34.02500000 0.00952338 
34.07500000 0.00914088 
34.12500000 0.00877270 
34.17500000 0.00841836 
34.22500000 0.00807741 
34.27500000 0.00774938 
34.32500000 0.00743383 
34.37500000 0.00713034 
34.42500000 0.00683848 
34.47500000 0.00655786 
34.52500000 0.00628807 
34.57500000 0.00602875 
34.62500000 0.00577951 
34.67500000 0.00554000 
34.72500000 0.00530987 
34.77500000 0.00508879 
34.82500000 0.00487642 
34.87500000 0.00467245 
34.92500000 0.00447658 
34.97500000 0.00428850 
35.02500000 0.00410794 
35.07500000 0.00393460 
35.12500000 0.00376823 
35.17500000 0.00360856 
35.22500000 0.00345535 
35.27500000 0.00330834 
35.32500000 0.00316730 
35.37500000 0.00303202 
35.42500000 0.00290226 
35.47500000 0.00277781 
35.52500000 0.00265848 
35.57500000 0.00254406 
35.62500000 0.00243436 
35.67500000 0.00232921 
35.72500000 0.00222842 
35.77500000 0.00213182 
35.82500000 0.00203924 
35.87500000 0.00195054 
35.92500000 0.00186555 
35.97500000 0.00178413 
36.02500000 0.00170614 
36.07500000 0.00163143 
36.12500000 0.00155989 
36.17500000 0.00149137 
36.22500000 0.00142576 
36.27500000 0.00136294 
36.32500000 0.00130280 
36.37500000 0.00124523 
36.42500000 0.00119012 
36.47500000 0.00113737 
36.52500000 0.00108689 
36.57500000 0.00103859 
36.62500000 0.00099236 
36.67500000 0.00094814 
36.72500000 0.00090582 
36.77500000 0.00086535 
36.82500000 0.00082663 
36.87500000 0.00078959 
36.92500000 0.00075417 
36.97500000 0.00072029 
37.02500000 0.00068790 
37.07500000 0.00065693 
37.12500000 0.00062731 
37.17500000 0.00059900 
37.22500000 0.00057193 
37.27500000 0.00054606 
37.32500000 0.00052133 
37.37500000 0.00049769 
37.42500000 0.00047510 
37.47500000 0.00045351 
37.52500000 0.00043288 
37.57500000 0.00041317 
37.62500000 0.00039433 
37.67500000 0.00037634 
37.72500000 0.00035914 
37.77500000 0.00034272 
37.82500000 0.00032703 
37.87500000 0.00031205 
37.92500000 0.00029774 
37.97500000 0.00028407 
38.02500000 0.00027102 
38.07500000 0.00025856 
38.12500000 0.00024665 
38.17500000 0.00023529 
38.22500000 0.00022444 
38.27500000 0.00021408 
38.32500000 0.00020419 
38.37500000 0.00019475 
38.42500000 0.00018574 
38.47500000 0.00017714 
38.52500000 0.00016893 
38.57500000 0.00016109 
38.62500000 0.00015361 
38.67500000 0.00014648 
38.72500000 0.00013967 
38.77500000 0.00013317 
38.82500000 0.00012697 
38.87500000 0.00012105 
38.92500000 0.00011540 
38.97500000 0.00011002 
39.02500000 0.00010488 
39.07500000 0.00009998 
39.12500000 0.00009530 
39.17500000 0.00009084 
39.22500000 0.00008659 
39.27500000 0.00008253 
39.32500000 0.00007866 
39.37500000 0.00007497 
39.42500000 0.00007145 
39.47500000 0.00006810 
39.52500000 0.00006489 
39.57500000 0.00006184 
39.62500000 0.00005893 
39.67500000 0.00005616 
39.72500000 0.00005351 
39.77500000 0.00005099 
39.82500000 0.00004858 
39.87500000 0.00004629 
39.92500000 0.00004410 
39.97500000 0.00004202 
40.02500000 0.00004003 
40.07500000 0.00003814 
40.12500000 0.00003633 
40.17500000 0.00003461 
40.22500000 0.00003297 
40.27500000 0.00003141 
40.32500000 0.00002992 
40.37500000 0.00002850 
40.42500000 0.00002715 
40.47500000 0.00002586 
40.52500000 0.00002463 
40.57500000 0.00002346 
40.62500000 0.00002235 
40.67500000 0.00002128 
40.72500000 0.00002027 
40.77500000 0.00001930 
40.82500000 0.00001839 
40.87500000 0.00001751 
40.92500000 0.00001667 
40.97500000 0.00001588 
41.02500000 0.00001512 
41.07500000 0.00001440 
41.12500000 0.00001371 
41.17500000 0.00001306 
41.22500000 0.00001243 
41.27500000 0.00001184 
41.32500000 0.00001127 
41.37500000 0.00001073 
41.42500000 0.00001022 
41.47500000 0.00000973 
41.52500000 0.00000927 
41.57500000 0.00000882 
41.62500000 0.00000840 
41.67500000 0.00000800 
41.72500000 0.00000761 
41.77500000 0.00000725 
41.82500000 0.00000690 
41.87500000 0.00000657 
41.92500000 0.00000625 
41.97500000 0.00000595 
42.02500000 0.00000567 
42.07500000 0.00000540 
42.12500000 0.00000514 
42.17500000 0.00000489 
42.22500000 0.00000465 
42.27500000 0.00000443 
42.32500000 0.00000422 
42.37500000 0.00000401 
42.42500000 0.00000382 
42.47500000 0.00000364 
42.52500000 0.00000346 
42.57500000 0.00000330 
42.62500000 0.00000314 
42.67500000 0.00000299 
42.72500000 0.00000284 
42.77500000 0.00000270 
42.82500000 0.00000257 
42.87500000 0.00000245 
42.92500000 0.00000233 
42.97500000 0.00000222 
43.02500000 0.00000211 
43.07500000 0.00000201 
43.12500000 0.00000191 
43.17500000 0.00000182 
43.22500000 0.00000173 
43.27500000 0.00000165 
43.32500000 0.00000157 
43.37500000 0.00000149 
43.42500000 0.00000142 
43.47500000 0.00000135 
43.52500000 0.00000129 
43.57500000 0.00000122 
43.62500000 0.00000117 
43.67500000 0.00000111 
43.72500000 0.00000106 
43.77500000 0.00000100 
43.82500000 0.00000096 
43.87500000 0.00000091 
43.92500000 0.00000087 
43.97500000 0.00000082 
44.02500000 0.00000078 
44.07500000 0.00000075 
44.12500000 0.00000071 
44.17500000 0.00000068 
44.22500000 0.00000064 
44.27500000 0.00000061 
44.32500000 0.00000058 
44.37500000 0.00000055 
44.42500000 0.00000053 
44.47500000 0.00000050 
44.52500000 0.00000048 
44.57500000 0.00000045 
44.62500000 0.00000043 
44.67500000 0.00000041 
44.72500000 0.00000039 
44.77500000 0.00000037 
44.82500000 0.00000035 
44.87500000 0.00000034 
44.92500000 0.00000032 
44.97500000 0.00000030 
45.02500000 0.00000029 
45.07500000 0.00000028 
45.12500000 0.00000026 
45.17500000 0.00000025 
45.22500000 0.00000024 
45.27500000 0.00000023 
45.32500000 0.00000022 
45.37500000 0.00000020 
45.42500000 0.00000019 
45.47500000 0.00000019 
45.52500000 0.00000018 
45.57500000 0.00000017 
45.62500000 0.00000016 
45.67500000 0.00000015 
45.72500000 0.00000014 
45.77500000 0.00000014 
45.82500000 0.00000013 
45.87500000 0.00000012 
45.92500000 0.00000012 
45.97500000 0.00000011 
46.02500000 0.00000011 
46.07500000 0.00000010 
46.12500000 0.00000010 
46.17500000 0.00000009 
46.22500000 0.00000009 
46.27500000 0.00000008 
46.32500000 0.00000008 
46.37500000 0.00000008 
46.42500000 0.00000007 
46.47500000 0.00000007 
46.52500000 0.00000007 
46.57500000 0.00000006 
46.62500000 0.00000006 
46.67500000 0.00000006 
46.72500000 0.00000005 
46.77500000 0.00000005 
46.82500000 0.00000005 
46.87500000 0.00000005 
46.92500000 0.00000004 
46.97500000 0.00000004 
47.02500000 0.00000004 
47.07500000 0.00000004 
47.12500000 0.00000004 
47.17500000 0.00000003 
47.22500000 0.00000003 
47.27500000 0.00000003 
47.32500000 0.00000003 
47.37500000 0.00000003 
47.42500000 0.00000003 
47.47500000 0.00000003 
47.52500000 0.00000002 
47.57500000 0.00000002 
47.62500000 0.00000002 
47.67500000 0.00000002 
47.72500000 0.00000002 
47.77500000 0.00000002 
47.82500000 0.00000002 
47.87500000 0.00000002 
47.92500000 0.00000002 
47.97500000 0.00000002 
48.02500000 0.00000001 
48.07500000 0.00000001 
48.12500000 0.00000001 
48.17500000 0.00000001 
48.22500000 0.00000001 
48.27500000 0.00000001 
48.32500000 0.00000001 
48.37500000 0.00000001 
48.42500000 0.00000001 
48.47500000 0.00000001 
48.52500000 0.00000001 
48.57500000 0.00000001 
48.62500000 0.00000001 
48.67500000 0.00000001 
48.72500000 0.00000001 
48.77500000 0.00000001 
48.82500000 0.00000001 
48.87500000 0.00000001 
48.92500000 0.00000001 
48.97500000 0.00000001 
49.02500000 0.00000001 
49.07500000 0.00000001 
49.12500000 0.00000000 
49.17500000 0.00000000 
49.22500000 0.00000000 
49.27500000 0.00000000 
49.32500000 0.00000000 
49.37500000 0.00000000 
49.42500000 0.00000000 
49.47500000 0.00000000 
49.52500000 0.00000000 
49.57500000 0.00000000 
49.62500000 0.00000000 
49.67500000 0.00000000 
49.72500000 0.00000000 
49.77500000 0.00000000 
49.82500000 0.00000000 
49.87500000 0.00000000 
49.92500000 0.00000000 
49.97500000 0.00000000 
50.02500000 0.00000000 
50.07500000 0.00000000 
50.12500000 0.00000000 
50.17500000 0.00000000 
50.22500000 0.00000000 
50.27500000 0.00000000 
50.32500000 0.00000000 
50.37500000 0.00000000 
50.42500000 0.00000000 
50.47500000 0.00000000 
50.52500000 0.00000000 
50.57500000 0.00000000 
50.62500000 0.00000000 
50.67500000 0.00000000 
50.72500000 0.00000000 
50.77500000 0.00000000 
50.82500000 0.00000000 
50.87500000 0.00000000 
50.92500000 0.00000000 
50.97500000 0.00000000 
51.02500000 0.00000000 
51.07500000 0.00000000 
51.12500000 0.00000000 
51.17500000 0.00000000 
51.22500000 0.00000000 
51.27500000 0.00000000 
51.32500000 0.00000000 
51.37500000 0.00000000 
51.42500000 0.00000000 
51.47500000 0.00000000 
51.52500000 0.00000000 
51.57500000 0.00000000 
51.62500000 0.00000000 
51.67500000 0.00000000 
51.72500000 0.00000000 
51.77500000 0.00000000 
51.82500000 0.00000000 
51.87500000 0.00000000 
51.92500000 0.00000000 
51.97500000 0.00000000 
52.02500000 0.00000000 
52.07500000 0.00000000 
52.12500000 0.00000000 
52.17500000 0.00000000 
52.22500000 0.00000000 
52.27500000 0.00000000 
52.32500000 0.00000000 
52.37500000 0.00000000 
52.42500000 0.00000000 
52.47500000 0.00000000 
52.52500000 0.00000000 
52.57500000 0.00000000 
52.62500000 0.00000000 
52.67500000 0.00000000 
52.72500000 0.00000000 
52.77500000 0.00000000 
52.82500000 0.00000000 
52.87500000 0.00000000 
52.92500000 0.00000000 
52.97500000 0.00000000 
53.02500000 0.00000000 
53.07500000 0.00000000 
53.12500000 0.00000000 
53.17500000 0.00000000 
53.22500000 0.00000000 
53.27500000 0.00000000 
53.32500000 0.00000000 
53.37500000 0.00000000 
53.42500000 0.00000000 
53.47500000 0.00000000 
53.52500000 0.00000000 
53.57500000 0.00000000 
53.62500000 0.00000000 
53.67500000 0.00000000 
53.72500000 0.00000000 
53.77500000 0.00000000 
53.82500000 0.00000000 
53.87500000 0.00000000 
53.92500000 0.00000000 
53.97500000 0.00000000 
54.02500000 0.00000000 
54.07500000 0.00000000 
54.12500000 0.00000000 
54.17500000 0.00000000 
54.22500000 0.00000000 
54.27500000 0.00000000 
54.32500000 0.00000000 
54.37500000 0.00000000 
54.42500000 0.00000000 
54.47500000 0.00000000 
54.52500000 0.00000000 
54.57500000 0.00000000 
54.62500000 0.00000000 
54.67500000 0.00000000 
54.72500000 0.00000000 
54.77500000 0.00000000 
54.82500000 0.00000000 
54.87500000 0.00000000 
54.92500000 0.00000000 
54.97500000 0.00000000 
55.02500000 0.00000000 
55.07500000 0.00000000 
55.12500000 0.00000000 
55.17500000 0.00000000 
55.22500000 0.00000000 
55.27500000 0.00000000 
55.32500000 0.00000000 
55.37500000 0.00000000 
55.42500000 0.00000000 
55.47500000 0.00000000 
55.52500000 0.00000000 
55.57500000 0.00000000 
55.62500000 0.00000000 
55.67500000 0.00000000 
55.72500000 0.00000000 
55.77500000 0.00000000 
55.82500000 0.00000000 
55.87500000 0.00000000 
55.92500000 0.00000000 
55.97500000 0.00000000 
56.02500000 0.00000000 
56.07500000 0.00000000 
56.12500000 0.00000000 
56.17500000 0.00000000 
56.22500000 0.00000000 
56.27500000 0.00000000 
56.32500000 0.00000000 
56.37500000 0.00000000 
56.42500000 0.00000000 
56.47500000 0.00000000 
56.52500000 0.00000000 
56.57500000 0.00000000 
56.62500000 0.00000000 
56.67500000 0.00000000 
56.72500000 0.00000000 
56.77500000 0.00000000 
56.82500000 0.00000000 
56.87500000 0.00000000 
56.92500000 0.00000000 
56.97500000 0.00000000 
57.02500000 0.00000000 
57.07500000 0.00000000 
57.12500000 0.00000000 
57.17500000 0.00000000 
57.22500000 0.00000000 
57.27500000 0.00000000 
57.32500000 0.00000000 
57.37500000 0.00000000 
57.42500000 0.00000000 
57.47500000 0.00000000 
57.52500000 0.00000000 
57.57500000 0.00000000 
57.62500000 0.00000000 
57.67500000 0.00000000 
57.72500000 0.00000000 
57.77500000 0.00000000 
57.82500000 0.00000000 
57.87500000 0.00000000 
57.92500000 0.00000000 
57.97500000 0.00000000 
58.02500000 0.00000000 
58.07500000 0.00000000 
58.12500000 0.00000000 
58.17500000 0.00000000 
58.22500000 0.00000000 
58.27500000 0.00000000 
58.32500000 0.00000000 
58.37500000 0.00000000 
58.42500000 0.00000000 
58.47500000 0.00000000 
58.52500000 0.00000000 
58.57500000 0.00000000 
58.62500000 0.00000000 
58.67500000 0.00000000 
58.72500000 0.00000000 
58.77500000 0.00000000 
58.82500000 0.00000000 
58.87500000 0.00000000 
58.92500000 0.00000000 
58.97500000 0.00000000 
59.02500000 0.00000000 
59.07500000 0.00000000 
59.12500000 0.00000000 
59.17500000 0.00000000 
59.22500000 0.00000000 
59.27500000 0.00000000 
59.32500000 0.00000000 
59.37500000 0.00000000 
59.42500000 0.00000000 
59.47500000 0.00000000 
59.52500000 0.00000000 
59.57500000 0.00000000 
59.62500000 0.00000000 
59.67500000 0.00000000 
59.72500000 0.00000000 
59.77500000 0.00000000 
59.82500000 0.00000000 
59.87500000 0.00000000 
59.92500000 0.00000000 
59.97500000 0.00000000 
60.02500000 0.00000000 
60.07500000 0.00000000 
60.12500000 0.00000000 
60.17500000 0.00000000 
60.22500000 0.00000000 
60.27500000 0.00000000 
60.32500000 0.00000000 
60.37500000 0.00000000 
60.42500000 0.00000000 
60.47500000 0.00000000 
60.52500000 0.00000000 
60.57500000 0.00000000 
60.62500000 0.00000000 
60.67500000 0.00000000 
60.72500000 0.00000000 
60.77500000 0.00000000 
60.82500000 0.00000000 
60.87500000 0.00000000 
60.92500000 0.00000000 
60.97500000 0.00000000 
61.02500000 0.00000000 
61.07500000 0.00000000 
61.12500000 0.00000000 
61.17500000 0.00000000 
61.22500000 0.00000000 
61.27500000 0.00000000 
61.32500000 0.00000000 
61.37500000 0.00000000 
61.42500000 0.00000000 
61.47500000 0.00000000 
61.52500000 0.00000000 
61.57500000 0.00000000 
61.62500000 0.00000000 
61.67500000 0.00000000 
61.72500000 0.00000000 
61.77500000 0.00000000 
61.82500000 0.00000000 
61.87500000 0.00000000 
61.92500000 0.00000000 
61.97500000 0.00000000 
62.02500000 0.00000000 
62.07500000 0.00000000 
62.12500000 0.00000000 
62.17500000 0.00000000 
62.22500000 0.00000000 
62.27500000 0.00000000 
62.32500000 0.00000000 
62.37500000 0.00000000 
62.42500000 0.00000000 
62.47500000 0.00000000 
62.52500000 0.00000000 
62.57500000 0.00000000 
62.62500000 0.00000000 
62.67500000 0.00000000 
62.72500000 0.00000000 
62.77500000 0.00000000 
62.82500000 0.00000000 
62.87500000 0.00000000 
62.92500000 0.00000000 
62.97500000 0.00000000 
63.02500000 0.00000000 
63.07500000 0.00000000 
63.12500000 0.00000000 
63.17500000 0.00000000 
63.22500000 0.00000000 
63.27500000 0.00000000 
63.32500000 0.00000000 
63.37500000 0.00000000 
63.42500000 0.00000000 
63.47500000 0.00000000 
63.52500000 0.00000000 
63.57500000 0.00000000 
63.62500000 0.00000000 
63.67500000 0.00000000 
63.72500000 0.00000000 
63.77500000 0.00000000 
63.82500000 0.00000000 
63.87500000 0.00000000 
63.92500000 0.00000000 
63.97500000 0.00000000 
64.02500000 0.00000000 
64.07500000 0.00000000 
64.12500000 0.00000000 
64.17500000 0.00000000 
64.22500000 0.00000000 
64.27500000 0.00000000 
64.32500000 0.00000000 
64.37500000 0.00000000 
64.42500000 0.00000000 
64.47500000 0.00000000 
64.52500000 0.00000000 
64.57500000 0.00000000 
64.62500000 0.00000000 
64.67500000 0.00000000 
64.72500000 0.00000000 
64.77500000 0.00000000 
64.82500000 0.00000000 
64.87500000 0.00000000 
64.92500000 0.00000000 
64.97500000 0.00000000 
65.02500000 0.00000000 
65.07500000 0.00000000 
65.12500000 0.00000000 
65.17500000 0.00000000 
65.22500000 0.00000000 
65.27500000 0.00000000 
65.32500000 0.00000000 
65.37500000 0.00000000 
65.42500000 0.00000000 
65.47500000 0.00000000 
65.52500000 0.00000000 
65.57500000 0.00000000 
65.62500000 0.00000000 
65.67500000 0.00000000 
65.72500000 0.00000000 
65.77500000 0.00000000 
65.82500000 0.00000000 
65.87500000 0.00000000 
65.92500000 0.00000000 
65.97500000 0.00000000 
66.02500000 0.00000000 
66.07500000 0.00000000 
66.12500000 0.00000000 
66.17500000 0.00000000 
66.22500000 0.00000000 
66.27500000 0.00000000 
66.32500000 0.00000000 
66.37500000 0.00000000 
66.42500000 0.00000000 
66.47500000 0.00000000 
66.52500000 0.00000000 
66.57500000 0.00000000 
66.62500000 0.00000000 
66.67500000 0.00000000 
66.72500000 0.00000000 
66.77500000 0.00000000 
66.82500000 0.00000000 
66.87500000 0.00000000 
66.92500000 0.00000000 
66.97500000 0.00000000 
67.02500000 0.00000000 
67.07500000 0.00000000 
67.12500000 0.00000000 
67.17500000 0.00000000 
67.22500000 0.00000000 
67.27500000 0.00000000 
67.32500000 0.00000000 
67.37500000 0.00000000 
67.42500000 0.00000000 
67.47500000 0.00000000 
67.52500000 0.00000000 
67.57500000 0.00000000 
67.62500000 0.00000000 
67.67500000 0.00000000 
67.72500000 0.00000000 
67.77500000 0.00000000 
67.82500000 0.00000000 
67.87500000 0.00000000 
67.92500000 0.00000000 
67.97500000 0.00000000 
68.02500000 0.00000000 
68.07500000 0.00000000 
68.12500000 0.00000000 
68.17500000 0.00000000 
68.22500000 0.00000000 
68.27500000 0.00000000 
68.32500000 0.00000000 
68.37500000 0.00000000 
68.42500000 0.00000000 
68.47500000 0.00000000 
68.52500000 0.00000000 
68.57500000 0.00000000 
68.62500000 0.00000000 
68.67500000 0.00000000 
68.72500000 0.00000000 
68.77500000 0.00000000 
68.82500000 0.00000000 
68.87500000 0.00000000 
68.92500000 0.00000000 
68.97500000 0.00000000 
69.02500000 0.00000000 
69.07500000 0.00000000 
69.12500000 0.00000000 
69.17500000 0.00000000 
69.22500000 0.00000000 
69.27500000 0.00000000 
69.32500000 0.00000000 
69.37500000 0.00000000 
69.42500000 0.00000000 
69.47500000 0.00000000 
69.52500000 0.00000000 
69.57500000 0.00000000 
69.62500000 0.00000000 
69.67500000 0.00000000 
69.72500000 0.00000000 
69.77500000 0.00000000 
69.82500000 0.00000000 
69.87500000 0.00000000 
69.92500000 0.00000000 
69.97500000 0.00000000 
70.02500000 0.00000000 
70.07500000 0.00000000 
70.12500000 0.00000000 
70.17500000 0.00000000 
70.22500000 0.00000000 
70.27500000 0.00000000 
70.32500000 0.00000000 
70.37500000 0.00000000 
70.42500000 0.00000000 
70.47500000 0.00000000 
70.52500000 0.00000000 
70.57500000 0.00000000 
70.62500000 0.00000000 
70.67500000 0.00000000 
70.72500000 0.00000000 
70.77500000 0.00000000 
70.82500000 0.00000000 
70.87500000 0.00000000 
70.92500000 0.00000000 
70.97500000 0.00000000 
71.02500000 0.00000000 
71.07500000 0.00000000 
71.12500000 0.00000000 
71.17500000 0.00000000 
71.22500000 0.00000000 
71.27500000 0.00000000 
71.32500000 0.00000000 
71.37500000 0.00000000 
71.42500000 0.00000000 
71.47500000 0.00000000 
71.52500000 0.00000000 
71.57500000 0.00000000 
71.62500000 0.00000000 
71.67500000 0.00000000 
71.72500000 0.00000000 
71.77500000 0.00000000 
71.82500000 0.00000000 
71.87500000 0.00000000 
71.92500000 0.00000000 
71.97500000 0.00000000 
72.02500000 0.00000000 
72.07500000 0.00000000 
72.12500000 0.00000000 
72.17500000 0.00000000 
72.22500000 0.00000000 
72.27500000 0.00000000 
72.32500000 0.00000000 
72.37500000 0.00000000 
72.42500000 0.00000000 
72.47500000 0.00000000 
72.52500000 0.00000000 
72.57500000 0.00000000 
72.62500000 0.00000000 
72.67500000 0.00000000 
72.72500000 0.00000000 
72.77500000 0.00000000 
72.82500000 0.00000000 
72.87500000 0.00000000 
72.92500000 0.00000000 
72.97500000 0.00000000 
73.02500000 0.00000000 
73.07500000 0.00000000 
73.12500000 0.00000000 
73.17500000 0.00000000 
73.22500000 0.00000000 
73.27500000 0.00000000 
73.32500000 0.00000000 
73.37500000 0.00000000 
73.42500000 0.00000000 
73.47500000 0.00000000 
73.52500000 0.00000000 
73.57500000 0.00000000 
73.62500000 0.00000000 
73.67500000 0.00000000 
73.72500000 0.00000000 
73.77500000 0.00000000 
73.82500000 0.00000000 
73.87500000 0.00000000 
73.92500000 0.00000000 
73.97500000 0.00000000 
74.02500000 0.00000000 
74.07500000 0.00000000 
74.12500000 0.00000000 
74.17500000 0.00000000 
74.22500000 0.00000000 
74.27500000 0.00000000 
74.32500000 0.00000000 
74.37500000 0.00000000 
74.42500000 0.00000000 
74.47500000 0.00000000 
74.52500000 0.00000000 
74.57500000 0.00000000 
74.62500000 0.00000000 
74.67500000 0.00000000 
74.72500000 0.00000000 
74.77500000 0.00000000 
74.82500000 0.00000000 
74.87500000 0.00000000 
74.92500000 0.00000000 
74.97500000 0.00000000 
75.02500000 0.00000000 
75.07500000 0.00000000 
75.12500000 0.00000000 
75.17500000 0.00000000 
75.22500000 0.00000000 
75.27500000 0.00000000 
75.32500000 0.00000000 
75.37500000 0.00000000 
75.42500000 0.00000000 
75.47500000 0.00000000 
75.52500000 0.00000000 
75.57500000 0.00000000 
75.62500000 0.00000000 
75.67500000 0.00000000 
75.72500000 0.00000000 
75.77500000 0.00000000 
75.82500000 0.00000000 
75.87500000 0.00000000 
75.92500000 0.00000000 
75.97500000 0.00000000 
76.02500000 0.00000000 
76.07500000 0.00000000 
76.12500000 0.00000000 
76.17500000 0.00000000 
76.22500000 0.00000000 
76.27500000 0.00000000 
76.32500000 0.00000000 
76.37500000 0.00000000 
76.42500000 0.00000000 
76.47500000 0.00000000 
76.52500000 0.00000000 
76.57500000 0.00000000 
76.62500000 0.00000000 
76.67500000 0.00000000 
76.72500000 0.00000000 
76.77500000 0.00000000 
76.82500000 0.00000000 
76.87500000 0.00000000 
76.92500000 0.00000000 
76.97500000 0.00000000 
77.02500000 0.00000000 
77.07500000 0.00000000 
77.12500000 0.00000000 
77.17500000 0.00000000 
77.22500000 0.00000000 
77.27500000 0.00000000 
77.32500000 0.00000000 
77.37500000 0.00000000 
77.42500000 0.00000000 
77.47500000 0.00000000 
77.52500000 0.00000000 
77.57500000 0.00000000 
77.62500000 0.00000000 
77.67500000 0.00000000 
77.72500000 0.00000000 
77.77500000 0.00000000 
77.82500000 0.00000000 
77.87500000 0.00000000 
77.92500000 0.00000000 
77.97500000 0.00000000 
78.02500000 0.00000000 
78.07500000 0.00000000 
78.12500000 0.00000000 
78.17500000 0.00000000 
78.22500000 0.00000000 
78.27500000 0.00000000 
78.32500000 0.00000000 
78.37500000 0.00000000 
78.42500000 0.00000000 
78.47500000 0.00000000 
78.52500000 0.00000000 
78.57500000 0.00000000 
78.62500000 0.00000000 
78.67500000 0.00000000 
78.72500000 0.00000000 
78.77500000 0.00000000 
78.82500000 0.00000000 
78.87500000 0.00000000 
78.92500000 0.00000000 
78.97500000 0.00000000 
79.02500000 0.00000000 
79.07500000 0.00000000 
79.12500000 0.00000000 
79.17500000 0.00000000 
79.22500000 0.00000000 
79.27500000 0.00000000 
79.32500000 0.00000000 
79.37500000 0.00000000 
79.42500000 0.00000000 
79.47500000 0.00000000 
79.52500000 0.00000000 
79.57500000 0.00000000 
79.62500000 0.00000000 
79.67500000 0.00000000 
79.72500000 0.00000000 
79.77500000 0.00000000 
79.82500000 0.00000000 
79.87500000 0.00000000 
79.92500000 0.00000000 
79.97500000 0.00000000 
80.02500000 0.00000000 
80.07500000 0.00000000 
80.12500000 0.00000000 
80.17500000 0.00000000 
80.22500000 0.00000000 
80.27500000 0.00000000 
80.32500000 0.00000000 
80.37500000 0.00000000 
80.42500000 0.00000000 
80.47500000 0.00000000 
80.52500000 0.00000000 
80.57500000 0.00000000 
80.62500000 0.00000000 
80.67500000 0.00000000 
80.72500000 0.00000000 
80.77500000 0.00000000 
80.82500000 0.00000000 
80.87500000 0.00000000 
80.92500000 0.00000000 
80.97500000 0.00000000 
81.02500000 0.00000000 
81.07500000 0.00000000 
81.12500000 0.00000000 
81.17500000 0.00000000 
81.22500000 0.00000000 
81.27500000 0.00000000 
81.32500000 0.00000000 
81.37500000 0.00000000 
81.42500000 0.00000000 
81.47500000 0.00000000 
81.52500000 0.00000000 
81.57500000 0.00000000 
81.62500000 0.00000000 
81.67500000 0.00000000 
81.72500000 0.00000000 
81.77500000 0.00000000 
81.82500000 0.00000000 
81.87500000 0.00000000 
81.92500000 0.00000000 
81.97500000 0.00000000 
82.02500000 0.00000000 
82.07500000 0.00000000 
82.12500000 0.00000000 
82.17500000 0.00000000 
82.22500000 0.00000000 
82.27500000 0.00000000 
82.32500000 0.00000000 
82.37500000 0.00000000 
82.42500000 0.00000000 
82.47500000 0.00000000 
82.52500000 0.00000000 
82.57500000 0.00000000 
82.62500000 0.00000000 
82.67500000 0.00000000 
82.72500000 0.00000000 
82.77500000 0.00000000 
82.82500000 0.00000000 
82.87500000 0.00000000 
82.92500000 0.00000000 
82.97500000 0.00000000 
83.02500000 0.00000000 
83.07500000 0.00000000 
83.12500000 0.00000000 
83.17500000 0.00000000 
83.22500000 0.00000000 
83.27500000 0.00000000 
83.32500000 0.00000000 
83.37500000 0.00000000 
83.42500000 0.00000000 
83.47500000 0.00000000 
83.52500000 0.00000000 
83.57500000 0.00000000 
83.62500000 0.00000000 
83.67500000 0.00000000 
83.72500000 0.00000000 
83.77500000 0.00000000 
83.82500000 0.00000000 
83.87500000 0.00000000 
83.92500000 0.00000000 
83.97500000 0.00000000 
84.02500000 0.00000000 
84.07500000 0.00000000 
84.12500000 0.00000000 
84.17500000 0.00000000 
84.22500000 0.00000000 
84.27500000 0.00000000 
84.32500000 0.00000000 
84.37500000 0.00000000 
84.42500000 0.00000000 
84.47500000 0.00000000 
84.52500000 0.00000000 
84.57500000 0.00000000 
84.62500000 0.00000000 
84.67500000 0.00000000 
84.72500000 0.00000000 
84.77500000 0.00000000 
84.82500000 0.00000000 
84.87500000 0.00000000 
84.92500000 0.00000000 
84.97500000 0.00000000 
85.02500000 0.00000000 
85.07500000 0.00000000 
85.12500000 0.00000000 
85.17500000 0.00000000 
85.22500000 0.00000000 
85.27500000 0.00000000 
85.32500000 0.00000000 
85.37500000 0.00000000 
85.42500000 0.00000000 
85.47500000 0.00000000 
85.52500000 0.00000000 
85.57500000 0.00000000 
85.62500000 0.00000000 
85.67500000 0.00000000 
85.72500000 0.00000000 
85.77500000 0.00000000 
85.82500000 0.00000000 
85.87500000 0.00000000 
85.92500000 0.00000000 
85.97500000 0.00000000 
86.02500000 0.00000000 
86.07500000 0.00000000 
86.12500000 0.00000000 
86.17500000 0.00000000 
86.22500000 0.00000000 
86.27500000 0.00000000 
86.32500000 0.00000000 
86.37500000 0.00000000 
86.42500000 0.00000000 
86.47500000 0.00000000 
86.52500000 0.00000000 
86.57500000 0.00000000 
86.62500000 0.00000000 
86.67500000 0.00000000 
86.72500000 0.00000000 
86.77500000 0.00000000 
86.82500000 0.00000000 
86.87500000 0.00000000 
86.92500000 0.00000000 
86.97500000 0.00000000 
87.02500000 0.00000000 
87.07500000 0.00000000 
87.12500000 0.00000000 
87.17500000 0.00000000 
87.22500000 0.00000000 
87.27500000 0.00000000 
87.32500000 0.00000000 
87.37500000 0.00000000 
87.42500000 0.00000000 
87.47500000 0.00000000 
87.52500000 0.00000000 
87.57500000 0.00000000 
87.62500000 0.00000000 
87.67500000 0.00000000 
87.72500000 0.00000000 
87.77500000 0.00000000 
87.82500000 0.00000000 
87.87500000 0.00000000 
87.92500000 0.00000000 
87.97500000 0.00000000 
88.02500000 0.00000000 
88.07500000 0.00000000 
88.12500000 0.00000000 
88.17500000 0.00000000 
88.22500000 0.00000000 
88.27500000 0.00000000 
88.32500000 0.00000000 
88.37500000 0.00000000 
88.42500000 0.00000000 
88.47500000 0.00000000 
88.52500000 0.00000000 
88.57500000 0.00000000 
88.62500000 0.00000000 
88.67500000 0.00000000 
88.72500000 0.00000000 
88.77500000 0.00000000 
88.82500000 0.00000000 
88.87500000 0.00000000 
88.92500000 0.00000000 
88.97500000 0.00000000 
89.02500000 0.00000000 
89.07500000 0.00000000 
89.12500000 0.00000000 
89.17500000 0.00000000 
89.22500000 0.00000000 
89.27500000 0.00000000 
89.32500000 0.00000000 
89.37500000 0.00000000 
89.42500000 0.00000000 
89.47500000 0.00000000 
89.52500000 0.00000000 
89.57500000 0.00000000 
89.62500000 0.00000000 
89.67500000 0.00000000 
89.72500000 0.00000000 
89.77500000 0.00000000 
89.82500000 0.00000000 
89.87500000 0.00000000 
89.92500000 0.00000000 
89.97500000 0.00000000 
90.02500000 0.00000000 
90.07500000 0.00000000 
90.12500000 0.00000000 
90.17500000 0.00000000 
90.22500000 0.00000000 
90.27500000 0.00000000 
90.32500000 0.00000000 
90.37500000 0.00000000 
90.42500000 0.00000000 
90.47500000 0.00000000 
90.52500000 0.00000000 
90.57500000 0.00000000 
90.62500000 0.00000000 
90.67500000 0.00000000 
90.72500000 0.00000000 
90.77500000 0.00000000 
90.82500000 0.00000000 
90.87500000 0.00000000 
90.92500000 0.00000000 
90.97500000 0.00000000 
91.02500000 0.00000000 
91.07500000 0.00000000 
91.12500000 0.00000000 
91.17500000 0.00000000 
91.22500000 0.00000000 
91.27500000 0.00000000 
91.32500000 0.00000000 
91.37500000 0.00000000 
91.42500000 0.00000000 
91.47500000 0.00000000 
91.52500000 0.00000000 
91.57500000 0.00000000 
91.62500000 0.00000000 
91.67500000 0.00000000 
91.72500000 0.00000000 
91.77500000 0.00000000 
91.82500000 0.00000000 
91.87500000 0.00000000 
91.92500000 0.00000000 
91.97500000 0.00000000 
92.02500000 0.00000000 
92.07500000 0.00000000 
92.12500000 0.00000000 
92.17500000 0.00000000 
92.22500000 0.00000000 
92.27500000 0.00000000 
92.32500000 0.00000000 
92.37500000 0.00000000 
92.42500000 0.00000000 
92.47500000 0.00000000 
92.52500000 0.00000000 
92.57500000 0.00000000 
92.62500000 0.00000000 
92.67500000 0.00000000 
92.72500000 0.00000000 
92.77500000 0.00000000 
92.82500000 0.00000000 
92.87500000 0.00000000 
92.92500000 0.00000000 
92.97500000 0.00000000 
93.02500000 0.00000000 
93.07500000 0.00000000 
93.12500000 0.00000000 
93.17500000 0.00000000 
93.22500000 0.00000000 
93.27500000 0.00000000 
93.32500000 0.00000000 
93.37500000 0.00000000 
93.42500000 0.00000000 
93.47500000 0.00000000 
93.52500000 0.00000000 
93.57500000 0.00000000 
93.62500000 0.00000000 
93.67500000 0.00000000 
93.72500000 0.00000000 
93.77500000 0.00000000 
93.82500000 0.00000000 
93.87500000 0.00000000 
93.92500000 0.00000000 
93.97500000 0.00000000 
94.02500000 0.00000000 
94.07500000 0.00000000 
94.12500000 0.00000000 
94.17500000 0.00000000 
94.22500000 0.00000000 
94.27500000 0.00000000 
94.32500000 0.00000000 
94.37500000 0.00000000 
94.42500000 0.00000000 
94.47500000 0.00000000 
94.52500000 0.00000000 
94.57500000 0.00000000 
94.62500000 0.00000000 
94.67500000 0.00000000 
94.72500000 0.00000000 
94.77500000 0.00000000 
94.82500000 0.00000000 
94.87500000 0.00000000 
94.92500000 0.00000000 
94.97500000 0.00000000 
95.02500000 0.00000000 
95.07500000 0.00000000 
95.12500000 0.00000000 
95.17500000 0.00000000 
95.22500000 0.00000000 
95.27500000 0.00000000 
95.32500000 0.00000000 
95.37500000 0.00000000 
95.42500000 0.00000000 
95.47500000 0.00000000 
95.52500000 0.00000000 
95.57500000 0.00000000 
95.62500000 0.00000000 
95.67500000 0.00000000 
95.72500000 0.00000000 
95.77500000 0.00000000 
95.82500000 0.00000000 
95.87500000 0.00000000 
95.92500000 0.00000000 
95.97500000 0.00000000 
96.02500000 0.00000000 
96.07500000 0.00000000 
96.12500000 0.00000000 
96.17500000 0.00000000 
96.22500000 0.00000000 
96.27500000 0.00000000 
96.32500000 0.00000000 
96.37500000 0.00000000 
96.42500000 0.00000000 
96.47500000 0.00000000 
96.52500000 0.00000000 
96.57500000 0.00000000 
96.62500000 0.00000000 
96.67500000 0.00000000 
96.72500000 0.00000000 
96.77500000 0.00000000 
96.82500000 0.00000000 
96.87500000 0.00000000 
96.92500000 0.00000000 
96.97500000 0.00000000 
97.02500000 0.00000000 
97.07500000 0.00000000 
97.12500000 0.00000000 
97.17500000 0.00000000 
97.22500000 0.00000000 
97.27500000 0.00000000 
97.32500000 0.00000000 
97.37500000 0.00000000 
97.42500000 0.00000000 
97.47500000 0.00000000 
97.52500000 0.00000000 
97.57500000 0.00000000 
97.62500000 0.00000000 
97.67500000 0.00000000 
97.72500000 0.00000000 
97.77500000 0.00000000 
97.82500000 0.00000000 
97.87500000 0.00000000 
97.92500000 0.00000000 
97.97500000 0.00000000 
98.02500000 0.00000000 
98.07500000 0.00000000 
98.12500000 0.00000000 
98.17500000 0.00000000 
98.22500000 0.00000000 
98.27500000 0.00000000 
98.32500000 0.00000000 
98.37500000 0.00000000 
98.42500000 0.00000000 
98.47500000 0.00000000 
98.52500000 0.00000000 
98.57500000 0.00000000 
98.62500000 0.00000000 
98.67500000 0.00000000 
98.72500000 0.00000000 
98.77500000 0.00000000 
98.82500000 0.00000000 
98.87500000 0.00000000 
98.92500000 0.00000000 
98.97500000 0.00000000 
99.02500000 0.00000000 
99.07500000 0.00000000 
99.12500000 0.00000000 
99.17500000 0.00000000 
99.22500000 0.00000000 
99.27500000 0.00000000 
99.32500000 0.00000000 
99.37500000 0.00000000 
99.42500000 0.00000000 
99.47500000 0.00000000 
99.52500000 0.00000000 
99.57500000 0.00000000 
99.62500000 0.00000000 
99.67500000 0.00000000 
99.72500000 0.00000000 
99.77500000 0.00000000 
99.82500000 0.00000000 
99.87500000 0.00000000 
99.92500000 0.00000000 
99.97500000 0.00000000 
100.02500000 0.00000000 
100.07500000 0.00000000 
100.12500000 0.00000000 
100.17500000 0.00000000 
100.22500000 0.00000000 
100.27500000 0.00000000 
100.32500000 0.00000000 
100.37500000 0.00000000 
100.42500000 0.00000000 
100.47500000 0.00000000 
100.52500000 0.00000000 
100.57500000 0.00000000 
100.62500000 0.00000000 
100.67500000 0.00000000 
100.72500000 0.00000000 
100.77500000 0.00000000 
100.82500000 0.00000000 
100.87500000 0.00000000 
100.92500000 0.00000000 
100.97500000 0.00000000 
101.02500000 0.00000000 
101.07500000 0.00000000 
101.12500000 0.00000000 
101.17500000 0.00000000 
101.22500000 0.00000000 
101.27500000 0.00000000 
101.32500000 0.00000000 
101.37500000 0.00000000 
101.42500000 0.00000000 
101.47500000 0.00000000 
101.52500000 0.00000000 
101.57500000 0.00000000 
101.62500000 0.00000000 
101.67500000 0.00000000 
101.72500000 0.00000000 
101.77500000 0.00000000 
101.82500000 0.00000000 
101.87500000 0.00000000 
101.92500000 0.00000000 
101.97500000 0.00000000 
102.02500000 0.00000000 
102.07500000 0.00000000 
102.12500000 0.00000000 
102.17500000 0.00000000 
102.22500000 0.00000000 
102.27500000 0.00000000 
102.32500000 0.00000000 
102.37500000 0.00000000 
102.42500000 0.00000000 
102.47500000 0.00000000 
102.52500000 0.00000000 
102.57500000 0.00000000 
102.62500000 0.00000000 
102.67500000 0.00000000 
102.72500000 0.00000000 
102.77500000 0.00000000 
102.82500000 0.00000000 
102.87500000 0.00000000 
102.92500000 0.00000000 
102.97500000 0.00000000 
103.02500000 0.00000000 
103.07500000 0.00000000 
103.12500000 0.00000000 
103.17500000 0.00000000 
103.22500000 0.00000000 
103.27500000 0.00000000 
103.32500000 0.00000000 
103.37500000 0.00000000 
103.42500000 0.00000000 
103.47500000 0.00000000 
103.52500000 0.00000000 
103.57500000 0.00000000 
103.62500000 0.00000000 
103.67500000 0.00000000 
103.72500000 0.00000000 
103.77500000 0.00000000 
103.82500000 0.00000000 
103.87500000 0.00000000 
103.92500000 0.00000000 
103.97500000 0.00000000 
104.02500000 0.00000000 
104.07500000 0.00000000 
104.12500000 0.00000000 
104.17500000 0.00000000 
104.22500000 0.00000000 
104.27500000 0.00000000 
104.32500000 0.00000000 
104.37500000 0.00000000 
104.42500000 0.00000000 
104.47500000 0.00000000 
104.52500000 0.00000000 
104.57500000 0.00000000 
104.62500000 0.00000000 
104.67500000 0.00000000 
104.72500000 0.00000000 
104.77500000 0.00000000 
104.82500000 0.00000000 
104.87500000 0.00000000 
104.92500000 0.00000000 
104.97500000 0.00000000 
105.02500000 0.00000000 
105.07500000 0.00000000 
105.12500000 0.00000000 
105.17500000 0.00000000 
105.22500000 0.00000000 
105.27500000 0.00000000 
105.32500000 0.00000000 
105.37500000 0.00000000 
105.42500000 0.00000000 
105.47500000 0.00000000 
105.52500000 0.00000000 
105.57500000 0.00000000 
105.62500000 0.00000000 
105.67500000 0.00000000 
105.72500000 0.00000000 
105.77500000 0.00000000 
105.82500000 0.00000000 
105.87500000 0.00000000 
105.92500000 0.00000000 
105.97500000 0.00000000 
106.02500000 0.00000000 
106.07500000 0.00000000 
106.12500000 0.00000000 
106.17500000 0.00000000 
106.22500000 0.00000000 
106.27500000 0.00000000 
106.32500000 0.00000000 
106.37500000 0.00000000 
106.42500000 0.00000000 
106.47500000 0.00000000 
106.52500000 0.00000000 
106.57500000 0.00000000 
106.62500000 0.00000000 
106.67500000 0.00000000 
106.72500000 0.00000000 
106.77500000 0.00000000 
106.82500000 0.00000000 
106.87500000 0.00000000 
106.92500000 0.00000000 
106.97500000 0.00000000 
107.02500000 0.00000000 
107.07500000 0.00000000 
107.12500000 0.00000000 
107.17500000 0.00000000 
107.22500000 0.00000000 
107.27500000 0.00000000 
107.32500000 0.00000000 
107.37500000 0.00000000 
107.42500000 0.00000000 
107.47500000 0.00000000 
107.52500000 0.00000000 
107.57500000 0.00000000 
107.62500000 0.00000000 
107.67500000 0.00000000 
107.72500000 0.00000000 
107.77500000 0.00000000 
107.82500000 0.00000000 
107.87500000 0.00000000 
107.92500000 0.00000000 
107.97500000 0.00000000 
108.02500000 0.00000000 
108.07500000 0.00000000 
108.12500000 0.00000000 
108.17500000 0.00000000 
108.22500000 0.00000000 
108.27500000 0.00000000 
108.32500000 0.00000000 
108.37500000 0.00000000 
108.42500000 0.00000000 
108.47500000 0.00000000 
108.52500000 0.00000000 
108.57500000 0.00000000 
108.62500000 0.00000000 
108.67500000 0.00000000 
108.72500000 0.00000000 
108.77500000 0.00000000 
108.82500000 0.00000000 
108.87500000 0.00000000 
108.92500000 0.00000000 
108.97500000 0.00000000 
109.02500000 0.00000000 
109.07500000 0.00000000 
109.12500000 0.00000000 
109.17500000 0.00000000 
109.22500000 0.00000000 
109.27500000 0.00000000 
109.32500000 0.00000000 
109.37500000 0.00000000 
109.42500000 0.00000000 
109.47500000 0.00000000 
109.52500000 0.00000000 
109.57500000 0.00000000 
109.62500000 0.00000000 
109.67500000 0.00000000 
109.72500000 0.00000000 
109.77500000 0.00000000 
109.82500000 0.00000000 
109.87500000 0.00000000 
109.92500000 0.00000000 
109.97500000 0.00000000 
110.02500000 0.00000000 
110.07500000 0.00000000 
110.12500000 0.00000000 
110.17500000 0.00000000 
110.22500000 0.00000000 
110.27500000 0.00000000 
110.32500000 0.00000000 
110.37500000 0.00000000 
110.42500000 0.00000000 
110.47500000 0.00000000 
110.52500000 0.00000000 
110.57500000 0.00000000 
110.62500000 0.00000000 
110.67500000 0.00000000 
110.72500000 0.00000000 
110.77500000 0.00000000 
110.82500000 0.00000000 
110.87500000 0.00000000 
110.92500000 0.00000000 
110.97500000 0.00000000 
111.02500000 0.00000000 
111.07500000 0.00000000 
111.12500000 0.00000000 
111.17500000 0.00000000 
111.22500000 0.00000000 
111.27500000 0.00000000 
111.32500000 0.00000000 
111.37500000 0.00000000 
111.42500000 0.00000000 
111.47500000 0.00000000 
111.52500000 0.00000000 
111.57500000 0.00000000 
111.62500000 0.00000000 
111.67500000 0.00000000 
111.72500000 0.00000000 
111.77500000 0.00000000 
111.82500000 0.00000000 
111.87500000 0.00000000 
111.92500000 0.00000000 
111.97500000 0.00000000 
112.02500000 0.00000000 
112.07500000 0.00000000 
112.12500000 0.00000000 
112.17500000 0.00000000 
112.22500000 0.00000000 
112.27500000 0.00000000 
112.32500000 0.00000000 
112.37500000 0.00000000 
112.42500000 0.00000000 
112.47500000 0.00000000 
112.52500000 0.00000000 
112.57500000 0.00000000 
112.62500000 0.00000000 
112.67500000 0.00000000 
112.72500000 0.00000000 
112.77500000 0.00000000 
112.82500000 0.00000000 
112.87500000 0.00000000 
112.92500000 0.00000000 
112.97500000 0.00000000 
113.02500000 0.00000000 
113.07500000 0.00000000 
113.12500000 0.00000000 
113.17500000 0.00000000 
113.22500000 0.00000000 
113.27500000 0.00000000 
113.32500000 0.00000000 
113.37500000 0.00000000 
113.42500000 0.00000000 
113.47500000 0.00000000 
113.52500000 0.00000000 
113.57500000 0.00000000 
113.62500000 0.00000000 
113.67500000 0.00000000 
113.72500000 0.00000000 
113.77500000 0.00000000 
113.82500000 0.00000000 
113.87500000 0.00000000 
113.92500000 0.00000000 
113.97500000 0.00000000 
114.02500000 0.00000000 
114.07500000 0.00000000 
114.12500000 0.00000000 
114.17500000 0.00000000 
114.22500000 0.00000000 
114.27500000 0.00000000 
114.32500000 0.00000000 
114.37500000 0.00000000 
114.42500000 0.00000000 
114.47500000 0.00000000 
114.52500000 0.00000000 
114.57500000 0.00000000 
114.62500000 0.00000000 
114.67500000 0.00000000 
114.72500000 0.00000000 
114.77500000 0.00000000 
114.82500000 0.00000000 
114.87500000 0.00000000 
114.92500000 0.00000000 
114.97500000 0.00000000 
115.02500000 0.00000000 
115.07500000 0.00000000 
115.12500000 0.00000000 
115.17500000 0.00000000 
115.22500000 0.00000000 
115.27500000 0.00000000 
115.32500000 0.00000000 
115.37500000 0.00000000 
115.42500000 0.00000000 
115.47500000 0.00000000 
115.52500000 0.00000000 
115.57500000 0.00000000 
115.62500000 0.00000000 
115.67500000 0.00000000 
115.72500000 0.00000000 
115.77500000 0.00000000 
115.82500000 0.00000000 
115.87500000 0.00000000 
115.92500000 0.00000000 
115.97500000 0.00000000 
116.02500000 0.00000000 
116.07500000 0.00000000 
116.12500000 0.00000000 
116.17500000 0.00000000 
116.22500000 0.00000000 
116.27500000 0.00000000 
116.32500000 0.00000000 
116.37500000 0.00000000 
116.42500000 0.00000000 
116.47500000 0.00000000 
116.52500000 0.00000000 
116.57500000 0.00000000 
116.62500000 0.00000000 
116.67500000 0.00000000 
116.72500000 0.00000000 
116.77500000 0.00000000 
116.82500000 0.00000000 
116.87500000 0.00000000 
116.92500000 0.00000000 
116.97500000 0.00000000 
117.02500000 0.00000000 
117.07500000 0.00000000 
117.12500000 0.00000000 
117.17500000 0.00000000 
117.22500000 0.00000000 
117.27500000 0.00000000 
117.32500000 0.00000000 
117.37500000 0.00000000 
117.42500000 0.00000000 
117.47500000 0.00000000 
117.52500000 0.00000000 
117.57500000 0.00000000 
117.62500000 0.00000000 
117.67500000 0.00000000 
117.72500000 0.00000000 
117.77500000 0.00000000 
117.82500000 0.00000000 
117.87500000 0.00000000 
117.92500000 0.00000000 
117.97500000 0.00000000 
118.02500000 0.00000000 
118.07500000 0.00000000 
118.12500000 0.00000000 
118.17500000 0.00000000 
118.22500000 0.00000000 
118.27500000 0.00000000 
118.32500000 0.00000000 
118.37500000 0.00000000 
118.42500000 0.00000000 
118.47500000 0.00000000 
118.52500000 0.00000000 
118.57500000 0.00000000 
118.62500000 0.00000000 
118.67500000 0.00000000 
118.72500000 0.00000000 
118.77500000 0.00000000 
118.82500000 0.00000000 
118.87500000 0.00000000 
118.92500000 0.00000000 
118.97500000 0.00000000 
119.02500000 0.00000000 
119.07500000 0.00000000 
119.12500000 0.00000000 
119.17500000 0.00000000 
119.22500000 0.00000000 
119.27500000 0.00000000 
119.32500000 0.00000000 
119.37500000 0.00000000 
119.42500000 0.00000000 
119.47500000 0.00000000 
119.52500000 0.00000000 
119.57500000 0.00000000 
119.62500000 0.00000000 
119.67500000 0.00000000 
119.72500000 0.00000000 
119.77500000 0.00000000 
119.82500000 0.00000000 
119.87500000 0.00000000 
119.92500000 0.00000000 
119.97500000 0.00000000 
120.02500000 0.00000000 
120.07500000 0.00000000 
120.12500000 0.00000000 
120.17500000 0.00000000 
120.22500000 0.00000000 
120.27500000 0.00000000 
120.32500000 0.00000000 
120.37500000 0.00000000 
120.42500000 0.00000000 
120.47500000 0.00000000 
120.52500000 0.00000000 
120.57500000 0.00000000 
120.62500000 0.00000000 
120.67500000 0.00000000 
120.72500000 0.00000000 
120.77500000 0.00000000 
120.82500000 0.00000000 
120.87500000 0.00000000 
120.92500000 0.00000000 
120.97500000 0.00000000 
121.02500000 0.00000000 
121.07500000 0.00000000 
121.12500000 0.00000000 
121.17500000 0.00000000 
121.22500000 0.00000000 
121.27500000 0.00000000 
121.32500000 0.00000000 
121.37500000 0.00000000 
121.42500000 0.00000000 
121.47500000 0.00000000 
121.52500000 0.00000000 
121.57500000 0.00000000 
121.62500000 0.00000000 
121.67500000 0.00000000 
121.72500000 0.00000000 
121.77500000 0.00000000 
121.82500000 0.00000000 
121.87500000 0.00000000 
121.92500000 0.00000000 
121.97500000 0.00000000 
122.02500000 0.00000000 
122.07500000 0.00000000 
122.12500000 0.00000000 
122.17500000 0.00000000 
122.22500000 0.00000000 
122.27500000 0.00000000 
122.32500000 0.00000000 
122.37500000 0.00000000 
122.42500000 0.00000000 
122.47500000 0.00000000 
122.52500000 0.00000000 
122.57500000 0.00000000 
122.62500000 0.00000000 
122.67500000 0.00000000 
122.72500000 0.00000000 
122.77500000 0.00000000 
122.82500000 0.00000000 
122.87500000 0.00000000 
122.92500000 0.00000000 
122.97500000 0.00000000 
123.02500000 0.00000000 
123.07500000 0.00000000 
123.12500000 0.00000000 
123.17500000 0.00000000 
123.22500000 0.00000000 
123.27500000 0.00000000 
123.32500000 0.00000000 
123.37500000 0.00000000 
123.42500000 0.00000000 
123.47500000 0.00000000 
123.52500000 0.00000000 
123.57500000 0.00000000 
123.62500000 0.00000000 
123.67500000 0.00000000 
123.72500000 0.00000000 
123.77500000 0.00000000 
123.82500000 0.00000000 
123.87500000 0.00000000 
123.92500000 0.00000000 
123.97500000 0.00000000 
124.02500000 0.00000000 
124.07500000 0.00000000 
124.12500000 0.00000000 
124.17500000 0.00000000 
124.22500000 0.00000000 
124.27500000 0.00000000 
124.32500000 0.00000000 
124.37500000 0.00000000 
124.42500000 0.00000000 
124.47500000 0.00000000 
124.52500000 0.00000000 
124.57500000 0.00000000 
124.62500000 0.00000000 
124.67500000 0.00000000 
124.72500000 0.00000000 
124.77500000 0.00000000 
124.82500000 0.00000000 
124.87500000 0.00000000 
124.92500000 0.00000000 
124.97500000 0.00000000 
125.02500000 0.00000000 
125.07500000 0.00000000 
125.12500000 0.00000000 
125.17500000 0.00000000 
125.22500000 0.00000000 
125.27500000 0.00000000 
125.32500000 0.00000000 
125.37500000 0.00000000 
125.42500000 0.00000000 
125.47500000 0.00000000 
125.52500000 0.00000000 
125.57500000 0.00000000 
125.62500000 0.00000000 
125.67500000 0.00000000 
125.72500000 0.00000000 
125.77500000 0.00000000 
125.82500000 0.00000000 
125.87500000 0.00000000 
125.92500000 0.00000000 
125.97500000 0.00000000 
126.02500000 0.00000000 
126.07500000 0.00000000 
126.12500000 0.00000000 
126.17500000 0.00000000 
126.22500000 0.00000000 
126.27500000 0.00000000 
126.32500000 0.00000000 
126.37500000 0.00000000 
126.42500000 0.00000000 
126.47500000 0.00000000 
126.52500000 0.00000000 
126.57500000 0.00000000 
126.62500000 0.00000000 
126.67500000 0.00000000 
126.72500000 0.00000000 
126.77500000 0.00000000 
126.82500000 0.00000000 
126.87500000 0.00000000 
126.92500000 0.00000000 
126.97500000 0.00000000 
127.02500000 0.00000000 
127.07500000 0.00000000 
127.12500000 0.00000000 
127.17500000 0.00000000 
127.22500000 0.00000000 
127.27500000 0.00000000 
127.32500000 0.00000000 
127.37500000 0.00000000 
127.42500000 0.00000000 
127.47500000 0.00000000 
127.52500000 0.00000000 
127.57500000 0.00000000 
127.62500000 0.00000000 
127.67500000 0.00000000 
127.72500000 0.00000000 
127.77500000 0.00000000 
127.82500000 0.00000000 
127.87500000 0.00000000 
127.92500000 0.00000000 
127.97500000 0.00000000 
128.02500000 0.00000000 
128.07500000 0.00000000 
128.12500000 0.00000000 
128.17500000 0.00000000 
128.22500000 0.00000000 
128.27500000 0.00000000 
128.32500000 0.00000000 
128.37500000 0.00000000 
128.42500000 0.00000000 
128.47500000 0.00000000 
128.52500000 0.00000000 
128.57500000 0.00000000 
128.62500000 0.00000000 
128.67500000 0.00000000 
128.72500000 0.00000000 
128.77500000 0.00000000 
128.82500000 0.00000000 
128.87500000 0.00000000 
128.92500000 0.00000000 
128.97500000 0.00000000 
129.02500000 0.00000000 
129.07500000 0.00000000 
129.12500000 0.00000000 
129.17500000 0.00000000 
129.22500000 0.00000000 
129.27500000 0.00000000 
129.32500000 0.00000000 
129.37500000 0.00000000 
129.42500000 0.00000000 
129.47500000 0.00000000 
129.52500000 0.00000000 
129.57500000 0.00000000 
129.62500000 0.00000000 
129.67500000 0.00000000 
129.72500000 0.00000000 
129.77500000 0.00000000 
129.82500000 0.00000000 
129.87500000 0.00000000 
129.92500000 0.00000000 
129.97500000 0.00000000 
130.02500000 0.00000000 
130.07500000 0.00000000 
130.12500000 0.00000000 
130.17500000 0.00000000 
130.22500000 0.00000000 
130.27500000 0.00000000 
130.32500000 0.00000000 
130.37500000 0.00000000 
130.42500000 0.00000000 
130.47500000 0.00000000 
130.52500000 0.00000000 
130.57500000 0.00000000 
130.62500000 0.00000000 
130.67500000 0.00000000 
130.72500000 0.00000000 
130.77500000 0.00000000 
130.82500000 0.00000000 
130.87500000 0.00000000 
130.92500000 0.00000000 
130.97500000 0.00000000 
131.02500000 0.00000000 
131.07500000 0.00000000 
131.12500000 0.00000000 
131.17500000 0.00000000 
131.22500000 0.00000000 
131.27500000 0.00000000 
131.32500000 0.00000000 
131.37500000 0.00000000 
131.42500000 0.00000000 
131.47500000 0.00000000 
131.52500000 0.00000000 
131.57500000 0.00000000 
131.62500000 0.00000000 
131.67500000 0.00000000 
131.72500000 0.00000000 
131.77500000 0.00000000 
131.82500000 0.00000000 
131.87500000 0.00000000 
131.92500000 0.00000000 
131.97500000 0.00000000 
132.02500000 0.00000000 
132.07500000 0.00000000 
132.12500000 0.00000000 
132.17500000 0.00000000 
132.22500000 0.00000000 
132.27500000 0.00000000 
132.32500000 0.00000000 
132.37500000 0.00000000 
132.42500000 0.00000000 
132.47500000 0.00000000 
132.52500000 0.00000000 
132.57500000 0.00000000 
132.62500000 0.00000000 
132.67500000 0.00000000 
132.72500000 0.00000000 
132.77500000 0.00000000 
132.82500000 0.00000000 
132.87500000 0.00000000 
132.92500000 0.00000000 
132.97500000 0.00000000 
133.02500000 0.00000000 
133.07500000 0.00000000 
133.12500000 0.00000000 
133.17500000 0.00000000 
133.22500000 0.00000000 
133.27500000 0.00000000 
133.32500000 0.00000000 
133.37500000 0.00000000 
133.42500000 0.00000000 
133.47500000 0.00000000 
133.52500000 0.00000000 
133.57500000 0.00000000 
133.62500000 0.00000000 
133.67500000 0.00000000 
133.72500000 0.00000000 
133.77500000 0.00000000 
133.82500000 0.00000000 
133.87500000 0.00000000 
133.92500000 0.00000000 
133.97500000 0.00000000 
134.02500000 0.00000000 
134.07500000 0.00000000 
134.12500000 0.00000000 
134.17500000 0.00000000 
134.22500000 0.00000000 
134.27500000 0.00000000 
134.32500000 0.00000000 
134.37500000 0.00000000 
134.42500000 0.00000000 
134.47500000 0.00000000 
134.52500000 0.00000000 
134.57500000 0.00000000 
134.62500000 0.00000000 
134.67500000 0.00000000 
134.72500000 0.00000000 
134.77500000 0.00000000 
134.82500000 0.00000000 
134.87500000 0.00000000 
134.92500000 0.00000000 
134.97500000 0.00000000 
135.02500000 0.00000000 
135.07500000 0.00000000 
135.12500000 0.00000000 
135.17500000 0.00000000 
135.22500000 0.00000000 
135.27500000 0.00000000 
135.32500000 0.00000000 
135.37500000 0.00000000 
135.42500000 0.00000000 
135.47500000 0.00000000 
135.52500000 0.00000000 
135.57500000 0.00000000 
135.62500000 0.00000000 
135.67500000 0.00000000 
135.72500000 0.00000000 
135.77500000 0.00000000 
135.82500000 0.00000000 
135.87500000 0.00000000 
135.92500000 0.00000000 
135.97500000 0.00000000 
136.02500000 0.00000000 
136.07500000 0.00000000 
136.12500000 0.00000000 
136.17500000 0.00000000 
136.22500000 0.00000000 
136.27500000 0.00000000 
136.32500000 0.00000000 
136.37500000 0.00000000 
136.42500000 0.00000000 
136.47500000 0.00000000 
136.52500000 0.00000000 
136.57500000 0.00000000 
136.62500000 0.00000000 
136.67500000 0.00000000 
136.72500000 0.00000000 
136.77500000 0.00000000 
136.82500000 0.00000000 
136.87500000 0.00000000 
136.92500000 0.00000000 
136.97500000 0.00000000 
137.02500000 0.00000000 
137.07500000 0.00000000 
137.12500000 0.00000000 
137.17500000 0.00000000 
137.22500000 0.00000000 
137.27500000 0.00000000 
137.32500000 0.00000000 
137.37500000 0.00000000 
137.42500000 0.00000000 
137.47500000 0.00000000 
137.52500000 0.00000000 
137.57500000 0.00000000 
137.62500000 0.00000000 
137.67500000 0.00000000 
137.72500000 0.00000000 
137.77500000 0.00000000 
137.82500000 0.00000000 
137.87500000 0.00000000 
137.92500000 0.00000000 
137.97500000 0.00000000 
138.02500000 0.00000000 
138.07500000 0.00000000 
138.12500000 0.00000000 
138.17500000 0.00000000 
138.22500000 0.00000000 
138.27500000 0.00000000 
138.32500000 0.00000000 
138.37500000 0.00000000 
138.42500000 0.00000000 
138.47500000 0.00000000 
138.52500000 0.00000000 
138.57500000 0.00000000 
138.62500000 0.00000000 
138.67500000 0.00000000 
138.72500000 0.00000000 
138.77500000 0.00000000 
138.82500000 0.00000000 
138.87500000 0.00000000 
138.92500000 0.00000000 
138.97500000 0.00000000 
139.02500000 0.00000000 
139.07500000 0.00000000 
139.12500000 0.00000000 
139.17500000 0.00000000 
139.22500000 0.00000000 
139.27500000 0.00000000 
139.32500000 0.00000000 
139.37500000 0.00000000 
139.42500000 0.00000000 
139.47500000 0.00000000 
139.52500000 0.00000000 
139.57500000 0.00000000 
139.62500000 0.00000000 
139.67500000 0.00000000 
139.72500000 0.00000000 
139.77500000 0.00000000 
139.82500000 0.00000000 
139.87500000 0.00000000 
139.92500000 0.00000000 
139.97500000 0.00000000 
140.02500000 0.00000000 
140.07500000 0.00000000 
140.12500000 0.00000000 
140.17500000 0.00000000 
140.22500000 0.00000000 
140.27500000 0.00000000 
140.32500000 0.00000000 
140.37500000 0.00000000 
140.42500000 0.00000000 
140.47500000 0.00000000 
140.52500000 0.00000000 
140.57500000 0.00000000 
140.62500000 0.00000000 
140.67500000 0.00000000 
140.72500000 0.00000000 
140.77500000 0.00000000 
140.82500000 0.00000000 
140.87500000 0.00000000 
140.92500000 0.00000000 
140.97500000 0.00000000 
141.02500000 0.00000000 
141.07500000 0.00000000 
141.12500000 0.00000000 
141.17500000 0.00000000 
141.22500000 0.00000000 
141.27500000 0.00000000 
141.32500000 0.00000000 
141.37500000 0.00000000 
141.42500000 0.00000000 
141.47500000 0.00000000 
141.52500000 0.00000000 
141.57500000 0.00000000 
141.62500000 0.00000000 
141.67500000 0.00000000 
141.72500000 0.00000000 
141.77500000 0.00000000 
141.82500000 0.00000000 
141.87500000 0.00000000 
141.92500000 0.00000000 
141.97500000 0.00000000 
142.02500000 0.00000000 
142.07500000 0.00000000 
142.12500000 0.00000000 
142.17500000 0.00000000 
142.22500000 0.00000000 
142.27500000 0.00000000 
142.32500000 0.00000000 
142.37500000 0.00000000 
142.42500000 0.00000000 
142.47500000 0.00000000 
142.52500000 0.00000000 
142.57500000 0.00000000 
142.62500000 0.00000000 
142.67500000 0.00000000 
142.72500000 0.00000000 
142.77500000 0.00000000 
142.82500000 0.00000000 
142.87500000 0.00000000 
142.92500000 0.00000000 
142.97500000 0.00000000 
143.02500000 0.00000000 
143.07500000 0.00000000 
143.12500000 0.00000000 
143.17500000 0.00000000 
143.22500000 0.00000000 
143.27500000 0.00000000 
143.32500000 0.00000000 
143.37500000 0.00000000 
143.42500000 0.00000000 
143.47500000 0.00000000 
143.52500000 0.00000000 
143.57500000 0.00000000 
143.62500000 0.00000000 
143.67500000 0.00000000 
143.72500000 0.00000000 
143.77500000 0.00000000 
143.82500000 0.00000000 
143.87500000 0.00000000 
143.92500000 0.00000000 
143.97500000 0.00000000 
144.02500000 0.00000000 
144.07500000 0.00000000 
144.12500000 0.00000000 
144.17500000 0.00000000 
144.22500000 0.00000000 
144.27500000 0.00000000 
144.32500000 0.00000000 
144.37500000 0.00000000 
144.42500000 0.00000000 
144.47500000 0.00000000 
144.52500000 0.00000000 
144.57500000 0.00000000 
144.62500000 0.00000000 
144.67500000 0.00000000 
144.72500000 0.00000000 
144.77500000 0.00000000 
144.82500000 0.00000000 
144.87500000 0.00000000 
144.92500000 0.00000000 
144.97500000 0.00000000 
145.02500000 0.00000000 
145.07500000 0.00000000 
145.12500000 0.00000000 
145.17500000 0.00000000 
145.22500000 0.00000000 
145.27500000 0.00000000 
145.32500000 0.00000000 
145.37500000 0.00000000 
145.42500000 0.00000000 
145.47500000 0.00000000 
145.52500000 0.00000000 
145.57500000 0.00000000 
145.62500000 0.00000000 
145.67500000 0.00000000 
145.72500000 0.00000000 
145.77500000 0.00000000 
145.82500000 0.00000000 
145.87500000 0.00000000 
145.92500000 0.00000000 
145.97500000 0.00000000 
146.02500000 0.00000000 
146.07500000 0.00000000 
146.12500000 0.00000000 
146.17500000 0.00000000 
146.22500000 0.00000000 
146.27500000 0.00000000 
146.32500000 0.00000000 
146.37500000 0.00000000 
146.42500000 0.00000000 
146.47500000 0.00000000 
146.52500000 0.00000000 
146.57500000 0.00000000 
146.62500000 0.00000000 
146.67500000 0.00000000 
146.72500000 0.00000000 
146.77500000 0.00000000 
146.82500000 0.00000000 
146.87500000 0.00000000 
146.92500000 0.00000000 
146.97500000 0.00000000 
147.02500000 0.00000000 
147.07500000 0.00000000 
147.12500000 0.00000000 
147.17500000 0.00000000 
147.22500000 0.00000000 
147.27500000 0.00000000 
147.32500000 0.00000000 
147.37500000 0.00000000 
147.42500000 0.00000000 
147.47500000 0.00000000 
147.52500000 0.00000000 
147.57500000 0.00000000 
147.62500000 0.00000000 
147.67500000 0.00000000 
147.72500000 0.00000000 
147.77500000 0.00000000 
147.82500000 0.00000000 
147.87500000 0.00000000 
147.92500000 0.00000000 
147.97500000 0.00000000 
148.02500000 0.00000000 
148.07500000 0.00000000 
148.12500000 0.00000000 
148.17500000 0.00000000 
148.22500000 0.00000000 
148.27500000 0.00000000 
148.32500000 0.00000000 
148.37500000 0.00000000 
148.42500000 0.00000000 
148.47500000 0.00000000 
148.52500000 0.00000000 
148.57500000 0.00000000 
148.62500000 0.00000000 
148.67500000 0.00000000 
148.72500000 0.00000000 
148.77500000 0.00000000 
148.82500000 0.00000000 
148.87500000 0.00000000 
148.92500000 0.00000000 
148.97500000 0.00000000 
149.02500000 0.00000000 
149.07500000 0.00000000 
149.12500000 0.00000000 
149.17500000 0.00000000 
149.22500000 0.00000000 
149.27500000 0.00000000 
149.32500000 0.00000000 
149.37500000 0.00000000 
149.42500000 0.00000000 
149.47500000 0.00000000 
149.52500000 0.00000000 
149.57500000 0.00000000 
149.62500000 0.00000000 
149.67500000 0.00000000 
149.72500000 0.00000000 
149.77500000 0.00000000 
149.82500000 0.00000000 
149.87500000 0.00000000 
149.92500000 0.00000000 
149.97500000 0.00000000 
150.02500000 0.00000000 
150.07500000 0.00000000 
150.12500000 0.00000000 
150.17500000 0.00000000 
150.22500000 0.00000000 
150.27500000 0.00000000 
150.32500000 0.00000000 
150.37500000 0.00000000 
150.42500000 0.00000000 
150.47500000 0.00000000 
150.52500000 0.00000000 
150.57500000 0.00000000 
150.62500000 0.00000000 
150.67500000 0.00000000 
150.72500000 0.00000000 
150.77500000 0.00000000 
150.82500000 0.00000000 
150.87500000 0.00000000 
150.92500000 0.00000000 
150.97500000 0.00000000 
151.02500000 0.00000000 
151.07500000 0.00000000 
151.12500000 0.00000000 
151.17500000 0.00000000 
151.22500000 0.00000000 
151.27500000 0.00000000 
151.32500000 0.00000000 
151.37500000 0.00000000 
151.42500000 0.00000000 
151.47500000 0.00000000 
151.52500000 0.00000000 
151.57500000 0.00000000 
151.62500000 0.00000000 
151.67500000 0.00000000 
151.72500000 0.00000000 
151.77500000 0.00000000 
151.82500000 0.00000000 
151.87500000 0.00000000 
151.92500000 0.00000000 
151.97500000 0.00000000 
152.02500000 0.00000000 
152.07500000 0.00000000 
152.12500000 0.00000000 
152.17500000 0.00000000 
152.22500000 0.00000000 
152.27500000 0.00000000 
152.32500000 0.00000000 
152.37500000 0.00000000 
152.42500000 0.00000000 
152.47500000 0.00000000 
152.52500000 0.00000000 
152.57500000 0.00000000 
152.62500000 0.00000000 
152.67500000 0.00000000 
152.72500000 0.00000000 
152.77500000 0.00000000 
152.82500000 0.00000000 
152.87500000 0.00000000 
152.92500000 0.00000000 
152.97500000 0.00000000 
153.02500000 0.00000000 
153.07500000 0.00000000 
153.12500000 0.00000000 
153.17500000 0.00000000 
153.22500000 0.00000000 
153.27500000 0.00000000 
153.32500000 0.00000000 
153.37500000 0.00000000 
153.42500000 0.00000000 
153.47500000 0.00000000 
153.52500000 0.00000000 
153.57500000 0.00000000 
153.62500000 0.00000000 
153.67500000 0.00000000 
153.72500000 0.00000000 
153.77500000 0.00000000 
153.82500000 0.00000000 
153.87500000 0.00000000 
153.92500000 0.00000000 
153.97500000 0.00000000 
154.02500000 0.00000000 
154.07500000 0.00000000 
154.12500000 0.00000000 
154.17500000 0.00000000 
154.22500000 0.00000000 
154.27500000 0.00000000 
154.32500000 0.00000000 
154.37500000 0.00000000 
154.42500000 0.00000000 
154.47500000 0.00000000 
154.52500000 0.00000000 
154.57500000 0.00000000 
154.62500000 0.00000000 
154.67500000 0.00000000 
154.72500000 0.00000000 
154.77500000 0.00000000 
154.82500000 0.00000000 
154.87500000 0.00000000 
154.92500000 0.00000000 
154.97500000 0.00000000 
155.02500000 0.00000000 
155.07500000 0.00000000 
155.12500000 0.00000000 
155.17500000 0.00000000 
155.22500000 0.00000000 
155.27500000 0.00000000 
155.32500000 0.00000000 
155.37500000 0.00000000 
155.42500000 0.00000000 
155.47500000 0.00000000 
155.52500000 0.00000000 
155.57500000 0.00000000 
155.62500000 0.00000000 
155.67500000 0.00000000 
155.72500000 0.00000000 
155.77500000 0.00000000 
155.82500000 0.00000000 
155.87500000 0.00000000 
155.92500000 0.00000000 
155.97500000 0.00000000 
156.02500000 0.00000000 
156.07500000 0.00000000 
156.12500000 0.00000000 
156.17500000 0.00000000 
156.22500000 0.00000000 
156.27500000 0.00000000 
156.32500000 0.00000000 
156.37500000 0.00000000 
156.42500000 0.00000000 
156.47500000 0.00000000 
156.52500000 0.00000000 
156.57500000 0.00000000 
156.62500000 0.00000000 
156.67500000 0.00000000 
156.72500000 0.00000000 
156.77500000 0.00000000 
156.82500000 0.00000000 
156.87500000 0.00000000 
156.92500000 0.00000000 
156.97500000 0.00000000 
157.02500000 0.00000000 
157.07500000 0.00000000 
157.12500000 0.00000000 
157.17500000 0.00000000 
157.22500000 0.00000000 
157.27500000 0.00000000 
157.32500000 0.00000000 
157.37500000 0.00000000 
157.42500000 0.00000000 
157.47500000 0.00000000 
157.52500000 0.00000000 
157.57500000 0.00000000 
157.62500000 0.00000000 
157.67500000 0.00000000 
157.72500000 0.00000000 
157.77500000 0.00000000 
157.82500000 0.00000000 
157.87500000 0.00000000 
157.92500000 0.00000000 
157.97500000 0.00000000 
158.02500000 0.00000000 
158.07500000 0.00000000 
158.12500000 0.00000000 
158.17500000 0.00000000 
158.22500000 0.00000000 
158.27500000 0.00000000 
158.32500000 0.00000000 
158.37500000 0.00000000 
158.42500000 0.00000000 
158.47500000 0.00000000 
158.52500000 0.00000000 
158.57500000 0.00000000 
158.62500000 0.00000000 
158.67500000 0.00000000 
158.72500000 0.00000000 
158.77500000 0.00000000 
158.82500000 0.00000000 
158.87500000 0.00000000 
158.92500000 0.00000000 
158.97500000 0.00000000 
159.02500000 0.00000000 
159.07500000 0.00000000 
159.12500000 0.00000000 
159.17500000 0.00000000 
159.22500000 0.00000000 
159.27500000 0.00000000 
159.32500000 0.00000000 
159.37500000 0.00000000 
159.42500000 0.00000000 
159.47500000 0.00000000 
159.52500000 0.00000000 
159.57500000 0.00000000 
159.62500000 0.00000000 
159.67500000 0.00000000 
159.72500000 0.00000000 
159.77500000 0.00000000 
159.82500000 0.00000000 
159.87500000 0.00000000 
159.92500000 0.00000000 
159.97500000 0.00000000 
160.02500000 0.00000000 
160.07500000 0.00000000 
160.12500000 0.00000000 
160.17500000 0.00000000 
160.22500000 0.00000000 
160.27500000 0.00000000 
160.32500000 0.00000000 
160.37500000 0.00000000 
160.42500000 0.00000000 
160.47500000 0.00000000 
160.52500000 0.00000000 
160.57500000 0.00000000 
160.62500000 0.00000000 
160.67500000 0.00000000 
160.72500000 0.00000000 
160.77500000 0.00000000 
160.82500000 0.00000000 
160.87500000 0.00000000 
160.92500000 0.00000000 
160.97500000 0.00000000 
161.02500000 0.00000000 
161.07500000 0.00000000 
161.12500000 0.00000000 
161.17500000 0.00000000 
161.22500000 0.00000000 
161.27500000 0.00000000 
161.32500000 0.00000000 
161.37500000 0.00000000 
161.42500000 0.00000000 
161.47500000 0.00000000 
161.52500000 0.00000000 
161.57500000 0.00000000 
161.62500000 0.00000000 
161.67500000 0.00000000 
161.72500000 0.00000000 
161.77500000 0.00000000 
161.82500000 0.00000000 
161.87500000 0.00000000 
161.92500000 0.00000000 
161.97500000 0.00000000 
162.02500000 0.00000000 
162.07500000 0.00000000 
162.12500000 0.00000000 
162.17500000 0.00000000 
162.22500000 0.00000000 
162.27500000 0.00000000 
162.32500000 0.00000000 
162.37500000 0.00000000 
162.42500000 0.00000000 
162.47500000 0.00000000 
162.52500000 0.00000000 
162.57500000 0.00000000 
162.62500000 0.00000000 
162.67500000 0.00000000 
162.72500000 0.00000000 
162.77500000 0.00000000 
162.82500000 0.00000000 
162.87500000 0.00000000 
162.92500000 0.00000000 
162.97500000 0.00000000 
163.02500000 0.00000000 
163.07500000 0.00000000 
163.12500000 0.00000000 
163.17500000 0.00000000 
163.22500000 0.00000000 
163.27500000 0.00000000 
163.32500000 0.00000000 
163.37500000 0.00000000 
163.42500000 0.00000000 
163.47500000 0.00000000 
163.52500000 0.00000000 
163.57500000 0.00000000 
163.62500000 0.00000000 
163.67500000 0.00000000 
163.72500000 0.00000000 
163.77500000 0.00000000 
163.82500000 0.00000000 
163.87500000 0.00000000 
163.92500000 0.00000000 
163.97500000 0.00000000 
164.02500000 0.00000000 
164.07500000 0.00000000 
164.12500000 0.00000000 
164.17500000 0.00000000 
164.22500000 0.00000000 
164.27500000 0.00000000 
164.32500000 0.00000000 
164.37500000 0.00000000 
164.42500000 0.00000000 
164.47500000 0.00000000 
164.52500000 0.00000000 
164.57500000 0.00000000 
164.62500000 0.00000000 
164.67500000 0.00000000 
164.72500000 0.00000000 
164.77500000 0.00000000 
164.82500000 0.00000000 
164.87500000 0.00000000 
164.92500000 0.00000000 
164.97500000 0.00000000 
165.02500000 0.00000000 
165.07500000 0.00000000 
165.12500000 0.00000000 
165.17500000 0.00000000 
165.22500000 0.00000000 
165.27500000 0.00000000 
165.32500000 0.00000000 
165.37500000 0.00000000 
165.42500000 0.00000000 
165.47500000 0.00000000 
165.52500000 0.00000000 
165.57500000 0.00000000 
165.62500000 0.00000000 
165.67500000 0.00000000 
165.72500000 0.00000000 
165.77500000 0.00000000 
165.82500000 0.00000000 
165.87500000 0.00000000 
165.92500000 0.00000000 
165.97500000 0.00000000 
166.02500000 0.00000000 
166.07500000 0.00000000 
166.12500000 0.00000000 
166.17500000 0.00000000 
166.22500000 0.00000000 
166.27500000 0.00000000 
166.32500000 0.00000000 
166.37500000 0.00000000 
166.42500000 0.00000000 
166.47500000 0.00000000 
166.52500000 0.00000000 
166.57500000 0.00000000 
166.62500000 0.00000000 
166.67500000 0.00000000 
166.72500000 0.00000000 
166.77500000 0.00000000 
166.82500000 0.00000000 
166.87500000 0.00000000 
166.92500000 0.00000000 
166.97500000 0.00000000 
167.02500000 0.00000000 
167.07500000 0.00000000 
167.12500000 0.00000000 
167.17500000 0.00000000 
167.22500000 0.00000000 
167.27500000 0.00000000 
167.32500000 0.00000000 
167.37500000 0.00000000 
167.42500000 0.00000000 
167.47500000 0.00000000 
167.52500000 0.00000000 
167.57500000 0.00000000 
167.62500000 0.00000000 
167.67500000 0.00000000 
167.72500000 0.00000000 
167.77500000 0.00000000 
167.82500000 0.00000000 
167.87500000 0.00000000 
167.92500000 0.00000000 
167.97500000 0.00000000 
168.02500000 0.00000000 
168.07500000 0.00000000 
168.12500000 0.00000000 
168.17500000 0.00000000 
168.22500000 0.00000000 
168.27500000 0.00000000 
168.32500000 0.00000000 
168.37500000 0.00000000 
168.42500000 0.00000000 
168.47500000 0.00000000 
168.52500000 0.00000000 
168.57500000 0.00000000 
168.62500000 0.00000000 
168.67500000 0.00000000 
168.72500000 0.00000000 
168.77500000 0.00000000 
168.82500000 0.00000000 
168.87500000 0.00000000 
168.92500000 0.00000000 
168.97500000 0.00000000 
169.02500000 0.00000000 
169.07500000 0.00000000 
169.12500000 0.00000000 
169.17500000 0.00000000 
169.22500000 0.00000000 
169.27500000 0.00000000 
169.32500000 0.00000000 
169.37500000 0.00000000 
169.42500000 0.00000000 
169.47500000 0.00000000 
169.52500000 0.00000000 
169.57500000 0.00000000 
169.62500000 0.00000000 
169.67500000 0.00000000 
169.72500000 0.00000000 
169.77500000 0.00000000 
169.82500000 0.00000000 
169.87500000 0.00000000 
169.92500000 0.00000000 
169.97500000 0.00000000 
170.02500000 0.00000000 
170.07500000 0.00000000 
170.12500000 0.00000000 
170.17500000 0.00000000 
170.22500000 0.00000000 
170.27500000 0.00000000 
170.32500000 0.00000000 
170.37500000 0.00000000 
170.42500000 0.00000000 
170.47500000 0.00000000 
170.52500000 0.00000000 
170.57500000 0.00000000 
170.62500000 0.00000000 
170.67500000 0.00000000 
170.72500000 0.00000000 
170.77500000 0.00000000 
170.82500000 0.00000000 
170.87500000 0.00000000 
170.92500000 0.00000000 
170.97500000 0.00000000 
171.02500000 0.00000000 
171.07500000 0.00000000 
171.12500000 0.00000000 
171.17500000 0.00000000 
171.22500000 0.00000000 
171.27500000 0.00000000 
171.32500000 0.00000000 
171.37500000 0.00000000 
171.42500000 0.00000000 
171.47500000 0.00000000 
171.52500000 0.00000000 
171.57500000 0.00000000 
171.62500000 0.00000000 
171.67500000 0.00000000 
171.72500000 0.00000000 
171.77500000 0.00000000 
171.82500000 0.00000000 
171.87500000 0.00000000 
171.92500000 0.00000000 
171.97500000 0.00000000 
172.02500000 0.00000000 
172.07500000 0.00000000 
172.12500000 0.00000000 
172.17500000 0.00000000 
172.22500000 0.00000000 
172.27500000 0.00000000 
172.32500000 0.00000000 
172.37500000 0.00000000 
172.42500000 0.00000000 
172.47500000 0.00000000 
172.52500000 0.00000000 
172.57500000 0.00000000 
172.62500000 0.00000000 
172.67500000 0.00000000 
172.72500000 0.00000000 
172.77500000 0.00000000 
172.82500000 0.00000000 
172.87500000 0.00000000 
172.92500000 0.00000000 
172.97500000 0.00000000 
173.02500000 0.00000000 
173.07500000 0.00000000 
173.12500000 0.00000000 
173.17500000 0.00000000 
173.22500000 0.00000000 
173.27500000 0.00000000 
173.32500000 0.00000000 
173.37500000 0.00000000 
173.42500000 0.00000000 
173.47500000 0.00000000 
173.52500000 0.00000000 
173.57500000 0.00000000 
173.62500000 0.00000000 
173.67500000 0.00000000 
173.72500000 0.00000000 
173.77500000 0.00000000 
173.82500000 0.00000000 
173.87500000 0.00000000 
173.92500000 0.00000000 
173.97500000 0.00000000 
174.02500000 0.00000000 
174.07500000 0.00000000 
174.12500000 0.00000000 
174.17500000 0.00000000 
174.22500000 0.00000000 
174.27500000 0.00000000 
174.32500000 0.00000000 
174.37500000 0.00000000 
174.42500000 0.00000000 
174.47500000 0.00000000 
174.52500000 0.00000000 
174.57500000 0.00000000 
174.62500000 0.00000000 
174.67500000 0.00000000 
174.72500000 0.00000000 
174.77500000 0.00000000 
174.82500000 0.00000000 
174.87500000 0.00000000 
174.92500000 0.00000000 
174.97500000 0.00000000 
175.02500000 0.00000000 
175.07500000 0.00000000 
175.12500000 0.00000000 
175.17500000 0.00000000 
175.22500000 0.00000000 
175.27500000 0.00000000 
175.32500000 0.00000000 
175.37500000 0.00000000 
175.42500000 0.00000000 
175.47500000 0.00000000 
175.52500000 0.00000000 
175.57500000 0.00000000 
175.62500000 0.00000000 
175.67500000 0.00000000 
175.72500000 0.00000000 
175.77500000 0.00000000 
175.82500000 0.00000000 
175.87500000 0.00000000 
175.92500000 0.00000000 
175.97500000 0.00000000 
176.02500000 0.00000000 
176.07500000 0.00000000 
176.12500000 0.00000000 
176.17500000 0.00000000 
176.22500000 0.00000000 
176.27500000 0.00000000 
176.32500000 0.00000000 
176.37500000 0.00000000 
176.42500000 0.00000000 
176.47500000 0.00000000 
176.52500000 0.00000000 
176.57500000 0.00000000 
176.62500000 0.00000000 
176.67500000 0.00000000 
176.72500000 0.00000000 
176.77500000 0.00000000 
176.82500000 0.00000000 
176.87500000 0.00000000 
176.92500000 0.00000000 
176.97500000 0.00000000 
177.02500000 0.00000000 
177.07500000 0.00000000 
177.12500000 0.00000000 
177.17500000 0.00000000 
177.22500000 0.00000000 
177.27500000 0.00000000 
177.32500000 0.00000000 
177.37500000 0.00000000 
177.42500000 0.00000000 
177.47500000 0.00000000 
177.52500000 0.00000000 
177.57500000 0.00000000 
177.62500000 0.00000000 
177.67500000 0.00000000 
177.72500000 0.00000000 
177.77500000 0.00000000 
177.82500000 0.00000000 
177.87500000 0.00000000 
177.92500000 0.00000000 
177.97500000 0.00000000 
178.02500000 0.00000000 
178.07500000 0.00000000 
178.12500000 0.00000000 
178.17500000 0.00000000 
178.22500000 0.00000000 
178.27500000 0.00000000 
178.32500000 0.00000000 
178.37500000 0.00000000 
178.42500000 0.00000000 
178.47500000 0.00000000 
178.52500000 0.00000000 
178.57500000 0.00000000 
178.62500000 0.00000000 
178.67500000 0.00000000 
178.72500000 0.00000000 
178.77500000 0.00000000 
178.82500000 0.00000000 
178.87500000 0.00000000 
178.92500000 0.00000000 
178.97500000 0.00000000 
179.02500000 0.00000000 
179.07500000 0.00000000 
179.12500000 0.00000000 
179.17500000 0.00000000 
179.22500000 0.00000000 
179.27500000 0.00000000 
179.32500000 0.00000000 
179.37500000 0.00000000 
179.42500000 0.00000000 
179.47500000 0.00000000 
179.52500000 0.00000000 
179.57500000 0.00000000 
179.62500000 0.00000000 
179.67500000 0.00000000 
179.72500000 0.00000000 
179.77500000 0.00000000 
179.82500000 0.00000000 
179.87500000 0.00000000 
179.92500000 0.00000000 
179.97500000 0.00000000 
180.02500000 0.00000000 
180.07500000 0.00000000 
180.12500000 0.00000000 
180.17500000 0.00000000 
180.22500000 0.00000000 
180.27500000 0.00000000 
180.32500000 0.00000000 
180.37500000 0.00000000 
180.42500000 0.00000000 
180.47500000 0.00000000 
180.52500000 0.00000000 
180.57500000 0.00000000 
180.62500000 0.00000000 
180.67500000 0.00000000 
180.72500000 0.00000000 
180.77500000 0.00000000 
180.82500000 0.00000000 
180.87500000 0.00000000 
180.92500000 0.00000000 
180.97500000 0.00000000 
181.02500000 0.00000000 
181.07500000 0.00000000 
181.12500000 0.00000000 
181.17500000 0.00000000 
181.22500000 0.00000000 
181.27500000 0.00000000 
181.32500000 0.00000000 
181.37500000 0.00000000 
181.42500000 0.00000000 
181.47500000 0.00000000 
181.52500000 0.00000000 
181.57500000 0.00000000 
181.62500000 0.00000000 
181.67500000 0.00000000 
181.72500000 0.00000000 
181.77500000 0.00000000 
181.82500000 0.00000000 
181.87500000 0.00000000 
181.92500000 0.00000000 
181.97500000 0.00000000 
182.02500000 0.00000000 
182.07500000 0.00000000 
182.12500000 0.00000000 
182.17500000 0.00000000 
182.22500000 0.00000000 
182.27500000 0.00000000 
182.32500000 0.00000000 
182.37500000 0.00000000 
182.42500000 0.00000000 
182.47500000 0.00000000 
182.52500000 0.00000000 
182.57500000 0.00000000 
182.62500000 0.00000000 
182.67500000 0.00000000 
182.72500000 0.00000000 
182.77500000 0.00000000 
182.82500000 0.00000000 
182.87500000 0.00000000 
182.92500000 0.00000000 
182.97500000 0.00000000 
183.02500000 0.00000000 
183.07500000 0.00000000 
183.12500000 0.00000000 
183.17500000 0.00000000 
183.22500000 0.00000000 
183.27500000 0.00000000 
183.32500000 0.00000000 
183.37500000 0.00000000 
183.42500000 0.00000000 
183.47500000 0.00000000 
183.52500000 0.00000000 
183.57500000 0.00000000 
183.62500000 0.00000000 
183.67500000 0.00000000 
183.72500000 0.00000000 
183.77500000 0.00000000 
183.82500000 0.00000000 
183.87500000 0.00000000 
183.92500000 0.00000000 
183.97500000 0.00000000 
184.02500000 0.00000000 
184.07500000 0.00000000 
184.12500000 0.00000000 
184.17500000 0.00000000 
184.22500000 0.00000000 
184.27500000 0.00000000 
184.32500000 0.00000000 
184.37500000 0.00000000 
184.42500000 0.00000000 
184.47500000 0.00000000 
184.52500000 0.00000000 
184.57500000 0.00000000 
184.62500000 0.00000000 
184.67500000 0.00000000 
184.72500000 0.00000000 
184.77500000 0.00000000 
184.82500000 0.00000000 
184.87500000 0.00000000 
184.92500000 0.00000000 
184.97500000 0.00000000 
185.02500000 0.00000000 
185.07500000 0.00000000 
185.12500000 0.00000000 
185.17500000 0.00000000 
185.22500000 0.00000000 
185.27500000 0.00000000 
185.32500000 0.00000000 
185.37500000 0.00000000 
185.42500000 0.00000000 
185.47500000 0.00000000 
185.52500000 0.00000000 
185.57500000 0.00000000 
185.62500000 0.00000000 
185.67500000 0.00000000 
185.72500000 0.00000000 
185.77500000 0.00000000 
185.82500000 0.00000000 
185.87500000 0.00000000 
185.92500000 0.00000000 
185.97500000 0.00000000 
186.02500000 0.00000000 
186.07500000 0.00000000 
186.12500000 0.00000000 
186.17500000 0.00000000 
186.22500000 0.00000000 
186.27500000 0.00000000 
186.32500000 0.00000000 
186.37500000 0.00000000 
186.42500000 0.00000000 
186.47500000 0.00000000 
186.52500000 0.00000000 
186.57500000 0.00000000 
186.62500000 0.00000000 
186.67500000 0.00000000 
186.72500000 0.00000000 
186.77500000 0.00000000 
186.82500000 0.00000000 
186.87500000 0.00000000 
186.92500000 0.00000000 
186.97500000 0.00000000 
187.02500000 0.00000000 
187.07500000 0.00000000 
187.12500000 0.00000000 
187.17500000 0.00000000 
187.22500000 0.00000000 
187.27500000 0.00000000 
187.32500000 0.00000000 
187.37500000 0.00000000 
187.42500000 0.00000000 
187.47500000 0.00000000 
187.52500000 0.00000000 
187.57500000 0.00000000 
187.62500000 0.00000000 
187.67500000 0.00000000 
187.72500000 0.00000000 
187.77500000 0.00000000 
187.82500000 0.00000000 
187.87500000 0.00000000 
187.92500000 0.00000000 
187.97500000 0.00000000 
188.02500000 0.00000000 
188.07500000 0.00000000 
188.12500000 0.00000000 
188.17500000 0.00000000 
188.22500000 0.00000000 
188.27500000 0.00000000 
188.32500000 0.00000000 
188.37500000 0.00000000 
188.42500000 0.00000000 
188.47500000 0.00000000 
188.52500000 0.00000000 
188.57500000 0.00000000 
188.62500000 0.00000000 
188.67500000 0.00000000 
188.72500000 0.00000000 
188.77500000 0.00000000 
188.82500000 0.00000000 
188.87500000 0.00000000 
188.92500000 0.00000000 
188.97500000 0.00000000 
189.02500000 0.00000000 
189.07500000 0.00000000 
189.12500000 0.00000000 
189.17500000 0.00000000 
189.22500000 0.00000000 
189.27500000 0.00000000 
189.32500000 0.00000000 
189.37500000 0.00000000 
189.42500000 0.00000000 
189.47500000 0.00000000 
189.52500000 0.00000000 
189.57500000 0.00000000 
189.62500000 0.00000000 
189.67500000 0.00000000 
189.72500000 0.00000000 
189.77500000 0.00000000 
189.82500000 0.00000000 
189.87500000 0.00000000 
189.92500000 0.00000000 
189.97500000 0.00000000 
190.02500000 0.00000000 
190.07500000 0.00000000 
190.12500000 0.00000000 
190.17500000 0.00000000 
190.22500000 0.00000000 
190.27500000 0.00000000 
190.32500000 0.00000000 
190.37500000 0.00000000 
190.42500000 0.00000000 
190.47500000 0.00000000 
190.52500000 0.00000000 
190.57500000 0.00000000 
190.62500000 0.00000000 
190.67500000 0.00000000 
190.72500000 0.00000000 
190.77500000 0.00000000 
190.82500000 0.00000000 
190.87500000 0.00000000 
190.92500000 0.00000000 
190.97500000 0.00000000 
191.02500000 0.00000000 
191.07500000 0.00000000 
191.12500000 0.00000000 
191.17500000 0.00000000 
191.22500000 0.00000000 
191.27500000 0.00000000 
191.32500000 0.00000000 
191.37500000 0.00000000 
191.42500000 0.00000000 
191.47500000 0.00000000 
191.52500000 0.00000000 
191.57500000 0.00000000 
191.62500000 0.00000000 
191.67500000 0.00000000 
191.72500000 0.00000000 
191.77500000 0.00000000 
191.82500000 0.00000000 
191.87500000 0.00000000 
191.92500000 0.00000000 
191.97500000 0.00000000 
192.02500000 0.00000000 
192.07500000 0.00000000 
192.12500000 0.00000000 
192.17500000 0.00000000 
192.22500000 0.00000000 
192.27500000 0.00000000 
192.32500000 0.00000000 
192.37500000 0.00000000 
192.42500000 0.00000000 
192.47500000 0.00000000 
192.52500000 0.00000000 
192.57500000 0.00000000 
192.62500000 0.00000000 
192.67500000 0.00000000 
192.72500000 0.00000000 
192.77500000 0.00000000 
192.82500000 0.00000000 
192.87500000 0.00000000 
192.92500000 0.00000000 
192.97500000 0.00000000 
193.02500000 0.00000000 
193.07500000 0.00000000 
193.12500000 0.00000000 
193.17500000 0.00000000 
193.22500000 0.00000000 
193.27500000 0.00000000 
193.32500000 0.00000000 
193.37500000 0.00000000 
193.42500000 0.00000000 
193.47500000 0.00000000 
193.52500000 0.00000000 
193.57500000 0.00000000 
193.62500000 0.00000000 
193.67500000 0.00000000 
193.72500000 0.00000000 
193.77500000 0.00000000 
193.82500000 0.00000000 
193.87500000 0.00000000 
193.92500000 0.00000000 
193.97500000 0.00000000 
194.02500000 0.00000000 
194.07500000 0.00000000 
194.12500000 0.00000000 
194.17500000 0.00000000 
194.22500000 0.00000000 
194.27500000 0.00000000 
194.32500000 0.00000000 
194.37500000 0.00000000 
194.42500000 0.00000000 
194.47500000 0.00000000 
194.52500000 0.00000000 
194.57500000 0.00000000 
194.62500000 0.00000000 
194.67500000 0.00000000 
194.72500000 0.00000000 
194.77500000 0.00000000 
194.82500000 0.00000000 
194.87500000 0.00000000 
194.92500000 0.00000000 
194.97500000 0.00000000 
195.02500000 0.00000000 
195.07500000 0.00000000 
195.12500000 0.00000000 
195.17500000 0.00000000 
195.22500000 0.00000000 
195.27500000 0.00000000 
195.32500000 0.00000000 
195.37500000 0.00000000 
195.42500000 0.00000000 
195.47500000 0.00000000 
195.52500000 0.00000000 
195.57500000 0.00000000 
195.62500000 0.00000000 
195.67500000 0.00000000 
195.72500000 0.00000000 
195.77500000 0.00000000 
195.82500000 0.00000000 
195.87500000 0.00000000 
195.92500000 0.00000000 
195.97500000 0.00000000 
196.02500000 0.00000000 
196.07500000 0.00000000 
196.12500000 0.00000000 
196.17500000 0.00000000 
196.22500000 0.00000000 
196.27500000 0.00000000 
196.32500000 0.00000000 
196.37500000 0.00000000 
196.42500000 0.00000000 
196.47500000 0.00000000 
196.52500000 0.00000000 
196.57500000 0.00000000 
196.62500000 0.00000000 
196.67500000 0.00000000 
196.72500000 0.00000000 
196.77500000 0.00000000 
196.82500000 0.00000000 
196.87500000 0.00000000 
196.92500000 0.00000000 
196.97500000 0.00000000 
197.02500000 0.00000000 
197.07500000 0.00000000 
197.12500000 0.00000000 
197.17500000 0.00000000 
197.22500000 0.00000000 
197.27500000 0.00000000 
197.32500000 0.00000000 
197.37500000 0.00000000 
197.42500000 0.00000000 
197.47500000 0.00000000 
197.52500000 0.00000000 
197.57500000 0.00000000 
197.62500000 0.00000000 
197.67500000 0.00000000 
197.72500000 0.00000000 
197.77500000 0.00000000 
197.82500000 0.00000000 
197.87500000 0.00000000 
197.92500000 0.00000000 
197.97500000 0.00000000 
198.02500000 0.00000000 
198.07500000 0.00000000 
198.12500000 0.00000000 
198.17500000 0.00000000 
198.22500000 0.00000000 
198.27500000 0.00000000 
198.32500000 0.00000000 
198.37500000 0.00000000 
198.42500000 0.00000000 
198.47500000 0.00000000 
198.52500000 0.00000000 
198.57500000 0.00000000 
198.62500000 0.00000000 
198.67500000 0.00000000 
198.72500000 0.00000000 
198.77500000 0.00000000 
198.82500000 0.00000000 
198.87500000 0.00000000 
198.92500000 0.00000000 
198.97500000 0.00000000 
199.02500000 0.00000000 
199.07500000 0.00000000 
199.12500000 0.00000000 
199.17500000 0.00000000 
199.22500000 0.00000000 
199.27500000 0.00000000 
199.32500000 0.00000000 
199.37500000 0.00000000 
199.42500000 0.00000000 
199.47500000 0.00000000 
199.52500000 0.00000000 
199.57500000 0.00000000 
199.62500000 0.00000000 
199.67500000 0.00000000 
199.72500000 0.00000000 
199.77500000 0.00000000 
199.82500000 0.00000000 
199.87500000 0.00000000 
199.92500000 0.00000000 
199.97500000 0.00000000 
