0.02500000 0.99999612 
0.07500000 0.99999225 
0.12500000 0.99998837 
0.17500000 0.99998448 
0.22500000 0.99998058 
0.27500000 0.99997666 
0.32500000 0.99997274 
0.37500000 0.99996880 
0.42500000 0.99996483 
0.47500000 0.99996085 
0.52500000 0.99995684 
0.57500000 0.99995280 
0.62500000 0.99994874 
0.67500000 0.99994464 
0.72500000 0.99994051 
0.77500000 0.99993634 
0.82500000 0.99993213 
0.87500000 0.99992788 
0.92500000 0.99992358 
0.97500000 0.99991924 
1.02500000 0.99991484 
1.07500000 0.99991039 
1.12500000 0.99990589 
1.17500000 0.99990133 
1.22500000 0.99989670 
1.27500000 0.99989202 
1.32500000 0.99988726 
1.37500000 0.99988244 
1.42500000 0.99987754 
1.47500000 0.99987257 
1.52500000 0.99986752 
1.57500000 0.99986238 
1.62500000 0.99985717 
1.67500000 0.99985186 
1.72500000 0.99984646 
1.77500000 0.99984097 
1.82500000 0.99983538 
1.87500000 0.99982969 
1.92500000 0.99982389 
1.97500000 0.99981799 
2.02500000 0.99981197 
2.07500000 0.99980584 
2.12500000 0.99979959 
2.17500000 0.99979322 
2.22500000 0.99978672 
2.27500000 0.99978009 
2.32500000 0.99977333 
2.37500000 0.99976643 
2.42500000 0.99975938 
2.47500000 0.99975219 
2.52500000 0.99974486 
2.57500000 0.99973736 
2.62500000 0.99972971 
2.67500000 0.99972189 
2.72500000 0.99971391 
2.77500000 0.99970575 
2.82500000 0.99969742 
2.87500000 0.99968890 
2.92500000 0.99968020 
2.97500000 0.99967131 
3.02500000 0.99966221 
3.07500000 0.99965292 
3.12500000 0.99964342 
3.17500000 0.99963370 
3.22500000 0.99962377 
3.27500000 0.99961361 
3.32500000 0.99960323 
3.37500000 0.99959260 
3.42500000 0.99958174 
3.47500000 0.99957063 
3.52500000 0.99955926 
3.57500000 0.99954763 
3.62500000 0.99953574 
3.67500000 0.99952357 
3.72500000 0.99951112 
3.77500000 0.99949838 
3.82500000 0.99948535 
3.87500000 0.99947201 
3.92500000 0.99945837 
3.97500000 0.99944441 
4.02500000 0.99943012 
4.07500000 0.99941551 
4.12500000 0.99940055 
4.17500000 0.99938524 
4.22500000 0.99936957 
4.27500000 0.99935354 
4.32500000 0.99933713 
4.37500000 0.99932034 
4.42500000 0.99930316 
4.47500000 0.99928557 
4.52500000 0.99926757 
4.57500000 0.99924915 
4.62500000 0.99923029 
4.67500000 0.99921099 
4.72500000 0.99919124 
4.77500000 0.99917103 
4.82500000 0.99915034 
4.87500000 0.99912916 
4.92500000 0.99910749 
4.97500000 0.99908530 
5.02500000 0.99906260 
5.07500000 0.99903936 
5.12500000 0.99901558 
5.17500000 0.99899123 
5.22500000 0.99896632 
5.27500000 0.99894081 
5.32500000 0.99891471 
5.37500000 0.99888800 
5.42500000 0.99886065 
5.47500000 0.99883267 
5.52500000 0.99880402 
5.57500000 0.99877471 
5.62500000 0.99874470 
5.67500000 0.99871399 
5.72500000 0.99868256 
5.77500000 0.99865039 
5.82500000 0.99861747 
5.87500000 0.99858377 
5.92500000 0.99854929 
5.97500000 0.99851399 
6.02500000 0.99847787 
6.07500000 0.99844090 
6.12500000 0.99840307 
6.17500000 0.99836435 
6.22500000 0.99832473 
6.27500000 0.99828417 
6.32500000 0.99824267 
6.37500000 0.99820020 
6.42500000 0.99815673 
6.47500000 0.99811225 
6.52500000 0.99806673 
6.57500000 0.99802015 
6.62500000 0.99797248 
6.67500000 0.99792369 
6.72500000 0.99787377 
6.77500000 0.99782269 
6.82500000 0.99777041 
6.87500000 0.99771692 
6.92500000 0.99766218 
6.97500000 0.99760617 
7.02500000 0.99754885 
7.07500000 0.99749020 
7.12500000 0.99743019 
7.17500000 0.99736879 
7.22500000 0.99730595 
7.27500000 0.99724166 
7.32500000 0.99717588 
7.37500000 0.99710857 
7.42500000 0.99703970 
7.47500000 0.99696923 
7.52500000 0.99689713 
7.57500000 0.99682337 
7.62500000 0.99674789 
7.67500000 0.99667067 
7.72500000 0.99659166 
7.77500000 0.99651083 
7.82500000 0.99642813 
7.87500000 0.99634352 
7.92500000 0.99625695 
7.97500000 0.99616839 
8.02500000 0.99607779 
8.07500000 0.99598510 
8.12500000 0.99589027 
8.17500000 0.99579326 
8.22500000 0.99569402 
8.27500000 0.99559249 
8.32500000 0.99548863 
8.37500000 0.99538238 
8.42500000 0.99527370 
8.47500000 0.99516251 
8.52500000 0.99504878 
8.57500000 0.99493243 
8.62500000 0.99481342 
8.67500000 0.99469168 
8.72500000 0.99456715 
8.77500000 0.99443977 
8.82500000 0.99430948 
8.87500000 0.99417620 
8.92500000 0.99403988 
8.97500000 0.99390045 
9.02500000 0.99375783 
9.07500000 0.99361196 
9.12500000 0.99346276 
9.17500000 0.99331015 
9.22500000 0.99315407 
9.27500000 0.99299444 
9.32500000 0.99283117 
9.37500000 0.99266419 
9.42500000 0.99249341 
9.47500000 0.99231875 
9.52500000 0.99214012 
9.57500000 0.99195744 
9.62500000 0.99177061 
9.67500000 0.99157955 
9.72500000 0.99138415 
9.77500000 0.99118434 
9.82500000 0.99097999 
9.87500000 0.99077103 
9.92500000 0.99055734 
9.97500000 0.99033883 
10.02500000 0.99011537 
10.07500000 0.98988688 
10.12500000 0.98965323 
10.17500000 0.98941432 
10.22500000 0.98917002 
10.27500000 0.98892023 
10.32500000 0.98866482 
10.37500000 0.98840366 
10.42500000 0.98813664 
10.47500000 0.98786362 
10.52500000 0.98758447 
10.57500000 0.98729907 
10.62500000 0.98700727 
10.67500000 0.98670894 
10.72500000 0.98640393 
10.77500000 0.98609211 
10.82500000 0.98577331 
10.87500000 0.98544740 
10.92500000 0.98511422 
10.97500000 0.98477361 
11.02500000 0.98442541 
11.07500000 0.98406947 
11.12500000 0.98370560 
11.17500000 0.98333365 
11.22500000 0.98295344 
11.27500000 0.98256480 
11.32500000 0.98216754 
11.37500000 0.98176148 
11.42500000 0.98134643 
11.47500000 0.98092221 
11.52500000 0.98048861 
11.57500000 0.98004544 
11.62500000 0.97959250 
11.67500000 0.97912959 
11.72500000 0.97865648 
11.77500000 0.97817296 
11.82500000 0.97767883 
11.87500000 0.97717385 
11.92500000 0.97665780 
11.97500000 0.97613044 
12.02500000 0.97559155 
12.07500000 0.97504088 
12.12500000 0.97447818 
12.17500000 0.97390321 
12.22500000 0.97331572 
12.27500000 0.97271544 
12.32500000 0.97210211 
12.37500000 0.97147546 
12.42500000 0.97083523 
12.47500000 0.97018113 
12.52500000 0.96951288 
12.57500000 0.96883019 
12.62500000 0.96813277 
12.67500000 0.96742032 
12.72500000 0.96669254 
12.77500000 0.96594911 
12.82500000 0.96518973 
12.87500000 0.96441407 
12.92500000 0.96362182 
12.97500000 0.96281263 
13.02500000 0.96198617 
13.07500000 0.96114210 
13.12500000 0.96028008 
13.17500000 0.95939974 
13.22500000 0.95850074 
13.27500000 0.95758270 
13.32500000 0.95664525 
13.37500000 0.95568803 
13.42500000 0.95471064 
13.47500000 0.95371270 
13.52500000 0.95269381 
13.57500000 0.95165357 
13.62500000 0.95059158 
13.67500000 0.94950742 
13.72500000 0.94840068 
13.77500000 0.94727092 
13.82500000 0.94611773 
13.87500000 0.94494066 
13.92500000 0.94373927 
13.97500000 0.94251312 
14.02500000 0.94126174 
14.07500000 0.93998467 
14.12500000 0.93868146 
14.17500000 0.93735162 
14.22500000 0.93599468 
14.27500000 0.93461015 
14.32500000 0.93319754 
14.37500000 0.93175636 
14.42500000 0.93028611 
14.47500000 0.92878627 
14.52500000 0.92725633 
14.57500000 0.92569579 
14.62500000 0.92410410 
14.67500000 0.92248075 
14.72500000 0.92082519 
14.77500000 0.91913690 
14.82500000 0.91741532 
14.87500000 0.91565991 
14.92500000 0.91387012 
14.97500000 0.91204538 
15.02500000 0.91018514 
15.07500000 0.90828883 
15.12500000 0.90635589 
15.17500000 0.90438573 
15.22500000 0.90237778 
15.27500000 0.90033148 
15.32500000 0.89824622 
15.37500000 0.89612144 
15.42500000 0.89395654 
15.47500000 0.89175093 
15.52500000 0.88950404 
15.57500000 0.88721526 
15.62500000 0.88488400 
15.67500000 0.88250968 
15.72500000 0.88009171 
15.77500000 0.87762949 
15.82500000 0.87512243 
15.87500000 0.87256994 
15.92500000 0.86997144 
15.97500000 0.86732634 
16.02500000 0.86463407 
16.07500000 0.86189404 
16.12500000 0.85910568 
16.17500000 0.85626842 
16.22500000 0.85338169 
16.27500000 0.85044495 
16.32500000 0.84745762 
16.37500000 0.84441918 
16.42500000 0.84132909 
16.47500000 0.83818680 
16.52500000 0.83499181 
16.57500000 0.83174361 
16.62500000 0.82844170 
16.67500000 0.82508558 
16.72500000 0.82167479 
16.77500000 0.81820886 
16.82500000 0.81468735 
16.87500000 0.81110983 
16.92500000 0.80747587 
16.97500000 0.80378507 
17.02500000 0.80003706 
17.07500000 0.79623148 
17.12500000 0.79236796 
17.17500000 0.78844620 
17.22500000 0.78446590 
17.27500000 0.78042676 
17.32500000 0.77632854 
17.37500000 0.77217100 
17.42500000 0.76795394 
17.47500000 0.76367719 
17.52500000 0.75934058 
17.57500000 0.75494400 
17.62500000 0.75048735 
17.67500000 0.74597058 
17.72500000 0.74139365 
17.77500000 0.73675657 
17.82500000 0.73205938 
17.87500000 0.72730214 
17.92500000 0.72248498 
17.97500000 0.71760803 
18.02500000 0.71267149 
18.07500000 0.70767558 
18.12500000 0.70262056 
18.17500000 0.69750673 
18.22500000 0.69233446 
18.27500000 0.68710413 
18.32500000 0.68181618 
18.37500000 0.67647109 
18.42500000 0.67106938 
18.47500000 0.66561163 
18.52500000 0.66009847 
18.57500000 0.65453055 
18.62500000 0.64890861 
18.67500000 0.64323340 
18.72500000 0.63750574 
18.77500000 0.63172651 
18.82500000 0.62589661 
18.87500000 0.62001701 
18.92500000 0.61408875 
18.97500000 0.60811288 
19.02500000 0.60209053 
19.07500000 0.59602288 
19.12500000 0.58991114 
19.17500000 0.58375661 
19.22500000 0.57756061 
19.27500000 0.57132452 
19.32500000 0.56504976 
19.37500000 0.55873782 
19.42500000 0.55239024 
19.47500000 0.54600858 
19.52500000 0.53959448 
19.57500000 0.53314961 
19.62500000 0.52667568 
19.67500000 0.52017448 
19.72500000 0.51364779 
19.77500000 0.50709749 
19.82500000 0.50052545 
19.87500000 0.49393361 
19.92500000 0.48732395 
19.97500000 0.48069846 
20.02500000 0.47405920 
20.07500000 0.46740823 
20.12500000 0.46074765 
20.17500000 0.45407961 
20.22500000 0.44740626 
20.27500000 0.44072979 
20.32500000 0.43405239 
20.37500000 0.42737630 
20.42500000 0.42070376 
20.47500000 0.41403701 
20.52500000 0.40737834 
20.57500000 0.40073000 
20.62500000 0.39409429 
20.67500000 0.38747349 
20.72500000 0.38086989 
20.77500000 0.37428576 
20.82500000 0.36772338 
20.87500000 0.36118503 
20.92500000 0.35467295 
20.97500000 0.34818940 
21.02500000 0.34173660 
21.07500000 0.33531675 
21.12500000 0.32893204 
21.17500000 0.32258462 
21.22500000 0.31627662 
21.27500000 0.31001014 
21.32500000 0.30378723 
21.37500000 0.29760992 
21.42500000 0.29148020 
21.47500000 0.28540000 
21.52500000 0.27937122 
21.57500000 0.27339572 
21.62500000 0.26747528 
21.67500000 0.26161166 
21.72500000 0.25580654 
21.77500000 0.25006156 
21.82500000 0.24437831 
21.87500000 0.23875829 
21.92500000 0.23320297 
21.97500000 0.22771373 
22.02500000 0.22229190 
22.07500000 0.21693874 
22.12500000 0.21165545 
22.17500000 0.20644316 
22.22500000 0.20130291 
22.27500000 0.19623569 
22.32500000 0.19124243 
22.37500000 0.18632396 
22.42500000 0.18148106 
22.47500000 0.17671443 
22.52500000 0.17202471 
22.57500000 0.16741244 
22.62500000 0.16287813 
22.67500000 0.15842218 
22.72500000 0.15404494 
22.77500000 0.14974669 
22.82500000 0.14552765 
22.87500000 0.14138794 
22.92500000 0.13732765 
22.97500000 0.13334677 
23.02500000 0.12944527 
23.07500000 0.12562301 
23.12500000 0.12187981 
23.17500000 0.11821543 
23.22500000 0.11462958 
23.27500000 0.11112188 
23.32500000 0.10769194 
23.37500000 0.10433928 
23.42500000 0.10106338 
23.47500000 0.09786367 
23.52500000 0.09473955 
23.57500000 0.09169034 
23.62500000 0.08871534 
23.67500000 0.08581381 
23.72500000 0.08298496 
23.77500000 0.08022795 
23.82500000 0.07754195 
23.87500000 0.07492604 
23.92500000 0.07237930 
23.97500000 0.06990079 
24.02500000 0.06748952 
24.07500000 0.06514449 
24.12500000 0.06286467 
24.17500000 0.06064901 
24.22500000 0.05849644 
24.27500000 0.05640587 
24.32500000 0.05437622 
24.37500000 0.05240636 
24.42500000 0.05049518 
24.47500000 0.04864154 
24.52500000 0.04684429 
24.57500000 0.04510231 
24.62500000 0.04341442 
24.67500000 0.04177948 
24.72500000 0.04019634 
24.77500000 0.03866384 
24.82500000 0.03718083 
24.87500000 0.03574616 
24.92500000 0.03435869 
24.97500000 0.03301727 
25.02500000 0.03172078 
25.07500000 0.03046809 
25.12500000 0.02925808 
25.17500000 0.02808965 
25.22500000 0.02696170 
25.27500000 0.02587315 
25.32500000 0.02482294 
25.37500000 0.02381000 
25.42500000 0.02283330 
25.47500000 0.02189180 
25.52500000 0.02098449 
25.57500000 0.02011037 
25.62500000 0.01926847 
25.67500000 0.01845781 
25.72500000 0.01767746 
25.77500000 0.01692648 
25.82500000 0.01620397 
25.87500000 0.01550902 
25.92500000 0.01484077 
25.97500000 0.01419835 
26.02500000 0.01358092 
26.07500000 0.01298768 
26.12500000 0.01241781 
26.17500000 0.01187054 
26.22500000 0.01134509 
26.27500000 0.01084073 
26.32500000 0.01035673 
26.37500000 0.00989238 
26.42500000 0.00944698 
26.47500000 0.00901988 
26.52500000 0.00861042 
26.57500000 0.00821795 
26.62500000 0.00784187 
26.67500000 0.00748157 
26.72500000 0.00713648 
26.77500000 0.00680602 
26.82500000 0.00648964 
26.87500000 0.00618682 
26.92500000 0.00589704 
26.97500000 0.00561980 
27.02500000 0.00535461 
27.07500000 0.00510101 
27.12500000 0.00485855 
27.17500000 0.00462677 
27.22500000 0.00440527 
27.27500000 0.00419363 
27.32500000 0.00399144 
27.37500000 0.00379834 
27.42500000 0.00361395 
27.47500000 0.00343792 
27.52500000 0.00326989 
27.57500000 0.00310954 
27.62500000 0.00295655 
27.67500000 0.00281061 
27.72500000 0.00267142 
27.77500000 0.00253870 
27.82500000 0.00241217 
27.87500000 0.00229156 
27.92500000 0.00217663 
27.97500000 0.00206711 
28.02500000 0.00196279 
28.07500000 0.00186343 
28.12500000 0.00176881 
28.17500000 0.00167872 
28.22500000 0.00159297 
28.27500000 0.00151135 
28.32500000 0.00143369 
28.37500000 0.00135980 
28.42500000 0.00128952 
28.47500000 0.00122268 
28.52500000 0.00115912 
28.57500000 0.00109869 
28.62500000 0.00104126 
28.67500000 0.00098667 
28.72500000 0.00093480 
28.77500000 0.00088553 
28.82500000 0.00083872 
28.87500000 0.00079427 
28.92500000 0.00075206 
28.97500000 0.00071198 
29.02500000 0.00067394 
29.07500000 0.00063784 
29.12500000 0.00060358 
29.17500000 0.00057108 
29.22500000 0.00054025 
29.27500000 0.00051100 
29.32500000 0.00048327 
29.37500000 0.00045698 
29.42500000 0.00043205 
29.47500000 0.00040843 
29.52500000 0.00038604 
29.57500000 0.00036483 
29.62500000 0.00034473 
29.67500000 0.00032570 
29.72500000 0.00030767 
29.77500000 0.00029059 
29.82500000 0.00027443 
29.87500000 0.00025913 
29.92500000 0.00024465 
29.97500000 0.00023094 
30.02500000 0.00021797 
30.07500000 0.00020571 
30.12500000 0.00019410 
30.17500000 0.00018313 
30.22500000 0.00017275 
30.27500000 0.00016293 
30.32500000 0.00015366 
30.37500000 0.00014489 
30.42500000 0.00013660 
30.47500000 0.00012877 
30.52500000 0.00012138 
30.57500000 0.00011439 
30.62500000 0.00010779 
30.67500000 0.00010156 
30.72500000 0.00009567 
30.77500000 0.00009011 
30.82500000 0.00008487 
30.87500000 0.00007992 
30.92500000 0.00007525 
30.97500000 0.00007084 
31.02500000 0.00006668 
31.07500000 0.00006276 
31.12500000 0.00005906 
31.17500000 0.00005557 
31.22500000 0.00005228 
31.27500000 0.00004918 
31.32500000 0.00004626 
31.37500000 0.00004350 
31.42500000 0.00004091 
31.47500000 0.00003846 
31.52500000 0.00003615 
31.57500000 0.00003398 
31.62500000 0.00003194 
31.67500000 0.00003001 
31.72500000 0.00002820 
31.77500000 0.00002649 
31.82500000 0.00002489 
31.87500000 0.00002337 
31.92500000 0.00002195 
31.97500000 0.00002061 
32.02500000 0.00001935 
32.07500000 0.00001817 
32.12500000 0.00001705 
32.17500000 0.00001600 
32.22500000 0.00001502 
32.27500000 0.00001409 
32.32500000 0.00001322 
32.37500000 0.00001240 
32.42500000 0.00001163 
32.47500000 0.00001091 
32.52500000 0.00001023 
32.57500000 0.00000959 
32.62500000 0.00000899 
32.67500000 0.00000843 
32.72500000 0.00000790 
32.77500000 0.00000740 
32.82500000 0.00000694 
32.87500000 0.00000650 
32.92500000 0.00000609 
32.97500000 0.00000570 
33.02500000 0.00000534 
33.07500000 0.00000500 
33.12500000 0.00000468 
33.17500000 0.00000438 
33.22500000 0.00000410 
33.27500000 0.00000384 
33.32500000 0.00000360 
33.37500000 0.00000336 
33.42500000 0.00000315 
33.47500000 0.00000295 
33.52500000 0.00000276 
33.57500000 0.00000258 
33.62500000 0.00000241 
33.67500000 0.00000225 
33.72500000 0.00000211 
33.77500000 0.00000197 
33.82500000 0.00000184 
33.87500000 0.00000172 
33.92500000 0.00000161 
33.97500000 0.00000150 
34.02500000 0.00000140 
34.07500000 0.00000131 
34.12500000 0.00000123 
34.17500000 0.00000114 
34.22500000 0.00000107 
34.27500000 0.00000100 
34.32500000 0.00000093 
34.37500000 0.00000087 
34.42500000 0.00000081 
34.47500000 0.00000076 
34.52500000 0.00000071 
34.57500000 0.00000066 
34.62500000 0.00000062 
34.67500000 0.00000057 
34.72500000 0.00000054 
34.77500000 0.00000050 
34.82500000 0.00000047 
34.87500000 0.00000043 
34.92500000 0.00000041 
34.97500000 0.00000038 
35.02500000 0.00000035 
35.07500000 0.00000033 
35.12500000 0.00000031 
35.17500000 0.00000029 
35.22500000 0.00000027 
35.27500000 0.00000025 
35.32500000 0.00000023 
35.37500000 0.00000021 
35.42500000 0.00000020 
35.47500000 0.00000019 
35.52500000 0.00000017 
35.57500000 0.00000016 
35.62500000 0.00000015 
35.67500000 0.00000014 
35.72500000 0.00000013 
35.77500000 0.00000012 
35.82500000 0.00000011 
35.87500000 0.00000010 
35.92500000 0.00000010 
35.97500000 0.00000009 
36.02500000 0.00000008 
36.07500000 0.00000008 
36.12500000 0.00000007 
36.17500000 0.00000007 
36.22500000 0.00000006 
36.27500000 0.00000006 
36.32500000 0.00000005 
36.37500000 0.00000005 
36.42500000 0.00000005 
36.47500000 0.00000004 
36.52500000 0.00000004 
36.57500000 0.00000004 
36.62500000 0.00000004 
36.67500000 0.00000003 
36.72500000 0.00000003 
36.77500000 0.00000003 
36.82500000 0.00000003 
36.87500000 0.00000002 
36.92500000 0.00000002 
36.97500000 0.00000002 
37.02500000 0.00000002 
37.07500000 0.00000002 
37.12500000 0.00000002 
37.17500000 0.00000002 
37.22500000 0.00000001 
37.27500000 0.00000001 
37.32500000 0.00000001 
37.37500000 0.00000001 
37.42500000 0.00000001 
37.47500000 0.00000001 
37.52500000 0.00000001 
37.57500000 0.00000001 
37.62500000 0.00000001 
37.67500000 0.00000001 
37.72500000 0.00000001 
37.77500000 0.00000001 
37.82500000 0.00000001 
37.87500000 0.00000001 
37.92500000 0.00000000 
37.97500000 0.00000000 
38.02500000 0.00000000 
38.07500000 0.00000000 
38.12500000 0.00000000 
38.17500000 0.00000000 
38.22500000 0.00000000 
38.27500000 0.00000000 
38.32500000 0.00000000 
38.37500000 0.00000000 
38.42500000 0.00000000 
38.47500000 0.00000000 
38.52500000 0.00000000 
38.57500000 0.00000000 
38.62500000 0.00000000 
38.67500000 0.00000000 
38.72500000 0.00000000 
38.77500000 0.00000000 
38.82500000 0.00000000 
38.87500000 0.00000000 
38.92500000 0.00000000 
38.97500000 0.00000000 
39.02500000 0.00000000 
39.07500000 0.00000000 
39.12500000 0.00000000 
39.17500000 0.00000000 
39.22500000 0.00000000 
39.27500000 0.00000000 
39.32500000 0.00000000 
39.37500000 0.00000000 
39.42500000 0.00000000 
39.47500000 0.00000000 
39.52500000 0.00000000 
39.57500000 0.00000000 
39.62500000 0.00000000 
39.67500000 0.00000000 
39.72500000 0.00000000 
39.77500000 0.00000000 
39.82500000 0.00000000 
39.87500000 0.00000000 
39.92500000 0.00000000 
39.97500000 0.00000000 
40.02500000 0.00000000 
40.07500000 0.00000000 
40.12500000 0.00000000 
40.17500000 0.00000000 
40.22500000 0.00000000 
40.27500000 0.00000000 
40.32500000 0.00000000 
40.37500000 0.00000000 
40.42500000 0.00000000 
40.47500000 0.00000000 
40.52500000 0.00000000 
40.57500000 0.00000000 
40.62500000 0.00000000 
40.67500000 0.00000000 
40.72500000 0.00000000 
40.77500000 0.00000000 
40.82500000 0.00000000 
40.87500000 0.00000000 
40.92500000 0.00000000 
40.97500000 0.00000000 
41.02500000 0.00000000 
41.07500000 0.00000000 
41.12500000 0.00000000 
41.17500000 0.00000000 
41.22500000 0.00000000 
41.27500000 0.00000000 
41.32500000 0.00000000 
41.37500000 0.00000000 
41.42500000 0.00000000 
41.47500000 0.00000000 
41.52500000 0.00000000 
41.57500000 0.00000000 
41.62500000 0.00000000 
41.67500000 0.00000000 
41.72500000 0.00000000 
41.77500000 0.00000000 
41.82500000 0.00000000 
41.87500000 0.00000000 
41.92500000 0.00000000 
41.97500000 0.00000000 
42.02500000 0.00000000 
42.07500000 0.00000000 
42.12500000 0.00000000 
42.17500000 0.00000000 
42.22500000 0.00000000 
42.27500000 0.00000000 
42.32500000 0.00000000 
42.37500000 0.00000000 
42.42500000 0.00000000 
42.47500000 0.00000000 
42.52500000 0.00000000 
42.57500000 0.00000000 
42.62500000 0.00000000 
42.67500000 0.00000000 
42.72500000 0.00000000 
42.77500000 0.00000000 
42.82500000 0.00000000 
42.87500000 0.00000000 
42.92500000 0.00000000 
42.97500000 0.00000000 
43.02500000 0.00000000 
43.07500000 0.00000000 
43.12500000 0.00000000 
43.17500000 0.00000000 
43.22500000 0.00000000 
43.27500000 0.00000000 
43.32500000 0.00000000 
43.37500000 0.00000000 
43.42500000 0.00000000 
43.47500000 0.00000000 
43.52500000 0.00000000 
43.57500000 0.00000000 
43.62500000 0.00000000 
43.67500000 0.00000000 
43.72500000 0.00000000 
43.77500000 0.00000000 
43.82500000 0.00000000 
43.87500000 0.00000000 
43.92500000 0.00000000 
43.97500000 0.00000000 
44.02500000 0.00000000 
44.07500000 0.00000000 
44.12500000 0.00000000 
44.17500000 0.00000000 
44.22500000 0.00000000 
44.27500000 0.00000000 
44.32500000 0.00000000 
44.37500000 0.00000000 
44.42500000 0.00000000 
44.47500000 0.00000000 
44.52500000 0.00000000 
44.57500000 0.00000000 
44.62500000 0.00000000 
44.67500000 0.00000000 
44.72500000 0.00000000 
44.77500000 0.00000000 
44.82500000 0.00000000 
44.87500000 0.00000000 
44.92500000 0.00000000 
44.97500000 0.00000000 
45.02500000 0.00000000 
45.07500000 0.00000000 
45.12500000 0.00000000 
45.17500000 0.00000000 
45.22500000 0.00000000 
45.27500000 0.00000000 
45.32500000 0.00000000 
45.37500000 0.00000000 
45.42500000 0.00000000 
45.47500000 0.00000000 
45.52500000 0.00000000 
45.57500000 0.00000000 
45.62500000 0.00000000 
45.67500000 0.00000000 
45.72500000 0.00000000 
45.77500000 0.00000000 
45.82500000 0.00000000 
45.87500000 0.00000000 
45.92500000 0.00000000 
45.97500000 0.00000000 
46.02500000 0.00000000 
46.07500000 0.00000000 
46.12500000 0.00000000 
46.17500000 0.00000000 
46.22500000 0.00000000 
46.27500000 0.00000000 
46.32500000 0.00000000 
46.37500000 0.00000000 
46.42500000 0.00000000 
46.47500000 0.00000000 
46.52500000 0.00000000 
46.57500000 0.00000000 
46.62500000 0.00000000 
46.67500000 0.00000000 
46.72500000 0.00000000 
46.77500000 0.00000000 
46.82500000 0.00000000 
46.87500000 0.00000000 
46.92500000 0.00000000 
46.97500000 0.00000000 
47.02500000 0.00000000 
47.07500000 0.00000000 
47.12500000 0.00000000 
47.17500000 0.00000000 
47.22500000 0.00000000 
47.27500000 0.00000000 
47.32500000 0.00000000 
47.37500000 0.00000000 
47.42500000 0.00000000 
47.47500000 0.00000000 
47.52500000 0.00000000 
47.57500000 0.00000000 
47.62500000 0.00000000 
47.67500000 0.00000000 
47.72500000 0.00000000 
47.77500000 0.00000000 
47.82500000 0.00000000 
47.87500000 0.00000000 
47.92500000 0.00000000 
47.97500000 0.00000000 
48.02500000 0.00000000 
48.07500000 0.00000000 
48.12500000 0.00000000 
48.17500000 0.00000000 
48.22500000 0.00000000 
48.27500000 0.00000000 
48.32500000 0.00000000 
48.37500000 0.00000000 
48.42500000 0.00000000 
48.47500000 0.00000000 
48.52500000 0.00000000 
48.57500000 0.00000000 
48.62500000 0.00000000 
48.67500000 0.00000000 
48.72500000 0.00000000 
48.77500000 0.00000000 
48.82500000 0.00000000 
48.87500000 0.00000000 
48.92500000 0.00000000 
48.97500000 0.00000000 
49.02500000 0.00000000 
49.07500000 0.00000000 
49.12500000 0.00000000 
49.17500000 0.00000000 
49.22500000 0.00000000 
49.27500000 0.00000000 
49.32500000 0.00000000 
49.37500000 0.00000000 
49.42500000 0.00000000 
49.47500000 0.00000000 
49.52500000 0.00000000 
49.57500000 0.00000000 
49.62500000 0.00000000 
49.67500000 0.00000000 
49.72500000 0.00000000 
49.77500000 0.00000000 
49.82500000 0.00000000 
49.87500000 0.00000000 
49.92500000 0.00000000 
49.97500000 0.00000000 
50.02500000 0.00000000 
50.07500000 0.00000000 
50.12500000 0.00000000 
50.17500000 0.00000000 
50.22500000 0.00000000 
50.27500000 0.00000000 
50.32500000 0.00000000 
50.37500000 0.00000000 
50.42500000 0.00000000 
50.47500000 0.00000000 
50.52500000 0.00000000 
50.57500000 0.00000000 
50.62500000 0.00000000 
50.67500000 0.00000000 
50.72500000 0.00000000 
50.77500000 0.00000000 
50.82500000 0.00000000 
50.87500000 0.00000000 
50.92500000 0.00000000 
50.97500000 0.00000000 
51.02500000 0.00000000 
51.07500000 0.00000000 
51.12500000 0.00000000 
51.17500000 0.00000000 
51.22500000 0.00000000 
51.27500000 0.00000000 
51.32500000 0.00000000 
51.37500000 0.00000000 
51.42500000 0.00000000 
51.47500000 0.00000000 
51.52500000 0.00000000 
51.57500000 0.00000000 
51.62500000 0.00000000 
51.67500000 0.00000000 
51.72500000 0.00000000 
51.77500000 0.00000000 
51.82500000 0.00000000 
51.87500000 0.00000000 
51.92500000 0.00000000 
51.97500000 0.00000000 
52.02500000 0.00000000 
52.07500000 0.00000000 
52.12500000 0.00000000 
52.17500000 0.00000000 
52.22500000 0.00000000 
52.27500000 0.00000000 
52.32500000 0.00000000 
52.37500000 0.00000000 
52.42500000 0.00000000 
52.47500000 0.00000000 
52.52500000 0.00000000 
52.57500000 0.00000000 
52.62500000 0.00000000 
52.67500000 0.00000000 
52.72500000 0.00000000 
52.77500000 0.00000000 
52.82500000 0.00000000 
52.87500000 0.00000000 
52.92500000 0.00000000 
52.97500000 0.00000000 
53.02500000 0.00000000 
53.07500000 0.00000000 
53.12500000 0.00000000 
53.17500000 0.00000000 
53.22500000 0.00000000 
53.27500000 0.00000000 
53.32500000 0.00000000 
53.37500000 0.00000000 
53.42500000 0.00000000 
53.47500000 0.00000000 
53.52500000 0.00000000 
53.57500000 0.00000000 
53.62500000 0.00000000 
53.67500000 0.00000000 
53.72500000 0.00000000 
53.77500000 0.00000000 
53.82500000 0.00000000 
53.87500000 0.00000000 
53.92500000 0.00000000 
53.97500000 0.00000000 
54.02500000 0.00000000 
54.07500000 0.00000000 
54.12500000 0.00000000 
54.17500000 0.00000000 
54.22500000 0.00000000 
54.27500000 0.00000000 
54.32500000 0.00000000 
54.37500000 0.00000000 
54.42500000 0.00000000 
54.47500000 0.00000000 
54.52500000 0.00000000 
54.57500000 0.00000000 
54.62500000 0.00000000 
54.67500000 0.00000000 
54.72500000 0.00000000 
54.77500000 0.00000000 
54.82500000 0.00000000 
54.87500000 0.00000000 
54.92500000 0.00000000 
54.97500000 0.00000000 
55.02500000 0.00000000 
55.07500000 0.00000000 
55.12500000 0.00000000 
55.17500000 0.00000000 
55.22500000 0.00000000 
55.27500000 0.00000000 
55.32500000 0.00000000 
55.37500000 0.00000000 
55.42500000 0.00000000 
55.47500000 0.00000000 
55.52500000 0.00000000 
55.57500000 0.00000000 
55.62500000 0.00000000 
55.67500000 0.00000000 
55.72500000 0.00000000 
55.77500000 0.00000000 
55.82500000 0.00000000 
55.87500000 0.00000000 
55.92500000 0.00000000 
55.97500000 0.00000000 
56.02500000 0.00000000 
56.07500000 0.00000000 
56.12500000 0.00000000 
56.17500000 0.00000000 
56.22500000 0.00000000 
56.27500000 0.00000000 
56.32500000 0.00000000 
56.37500000 0.00000000 
56.42500000 0.00000000 
56.47500000 0.00000000 
56.52500000 0.00000000 
56.57500000 0.00000000 
56.62500000 0.00000000 
56.67500000 0.00000000 
56.72500000 0.00000000 
56.77500000 0.00000000 
56.82500000 0.00000000 
56.87500000 0.00000000 
56.92500000 0.00000000 
56.97500000 0.00000000 
57.02500000 0.00000000 
57.07500000 0.00000000 
57.12500000 0.00000000 
57.17500000 0.00000000 
57.22500000 0.00000000 
57.27500000 0.00000000 
57.32500000 0.00000000 
57.37500000 0.00000000 
57.42500000 0.00000000 
57.47500000 0.00000000 
57.52500000 0.00000000 
57.57500000 0.00000000 
57.62500000 0.00000000 
57.67500000 0.00000000 
57.72500000 0.00000000 
57.77500000 0.00000000 
57.82500000 0.00000000 
57.87500000 0.00000000 
57.92500000 0.00000000 
57.97500000 0.00000000 
58.02500000 0.00000000 
58.07500000 0.00000000 
58.12500000 0.00000000 
58.17500000 0.00000000 
58.22500000 0.00000000 
58.27500000 0.00000000 
58.32500000 0.00000000 
58.37500000 0.00000000 
58.42500000 0.00000000 
58.47500000 0.00000000 
58.52500000 0.00000000 
58.57500000 0.00000000 
58.62500000 0.00000000 
58.67500000 0.00000000 
58.72500000 0.00000000 
58.77500000 0.00000000 
58.82500000 0.00000000 
58.87500000 0.00000000 
58.92500000 0.00000000 
58.97500000 0.00000000 
59.02500000 0.00000000 
59.07500000 0.00000000 
59.12500000 0.00000000 
59.17500000 0.00000000 
59.22500000 0.00000000 
59.27500000 0.00000000 
59.32500000 0.00000000 
59.37500000 0.00000000 
59.42500000 0.00000000 
59.47500000 0.00000000 
59.52500000 0.00000000 
59.57500000 0.00000000 
59.62500000 0.00000000 
59.67500000 0.00000000 
59.72500000 0.00000000 
59.77500000 0.00000000 
59.82500000 0.00000000 
59.87500000 0.00000000 
59.92500000 0.00000000 
59.97500000 0.00000000 
60.02500000 0.00000000 
60.07500000 0.00000000 
60.12500000 0.00000000 
60.17500000 0.00000000 
60.22500000 0.00000000 
60.27500000 0.00000000 
60.32500000 0.00000000 
60.37500000 0.00000000 
60.42500000 0.00000000 
60.47500000 0.00000000 
60.52500000 0.00000000 
60.57500000 0.00000000 
60.62500000 0.00000000 
60.67500000 0.00000000 
60.72500000 0.00000000 
60.77500000 0.00000000 
60.82500000 0.00000000 
60.87500000 0.00000000 
60.92500000 0.00000000 
60.97500000 0.00000000 
61.02500000 0.00000000 
61.07500000 0.00000000 
61.12500000 0.00000000 
61.17500000 0.00000000 
61.22500000 0.00000000 
61.27500000 0.00000000 
61.32500000 0.00000000 
61.37500000 0.00000000 
61.42500000 0.00000000 
61.47500000 0.00000000 
61.52500000 0.00000000 
61.57500000 0.00000000 
61.62500000 0.00000000 
61.67500000 0.00000000 
61.72500000 0.00000000 
61.77500000 0.00000000 
61.82500000 0.00000000 
61.87500000 0.00000000 
61.92500000 0.00000000 
61.97500000 0.00000000 
62.02500000 0.00000000 
62.07500000 0.00000000 
62.12500000 0.00000000 
62.17500000 0.00000000 
62.22500000 0.00000000 
62.27500000 0.00000000 
62.32500000 0.00000000 
62.37500000 0.00000000 
62.42500000 0.00000000 
62.47500000 0.00000000 
62.52500000 0.00000000 
62.57500000 0.00000000 
62.62500000 0.00000000 
62.67500000 0.00000000 
62.72500000 0.00000000 
62.77500000 0.00000000 
62.82500000 0.00000000 
62.87500000 0.00000000 
62.92500000 0.00000000 
62.97500000 0.00000000 
63.02500000 0.00000000 
63.07500000 0.00000000 
63.12500000 0.00000000 
63.17500000 0.00000000 
63.22500000 0.00000000 
63.27500000 0.00000000 
63.32500000 0.00000000 
63.37500000 0.00000000 
63.42500000 0.00000000 
63.47500000 0.00000000 
63.52500000 0.00000000 
63.57500000 0.00000000 
63.62500000 0.00000000 
63.67500000 0.00000000 
63.72500000 0.00000000 
63.77500000 0.00000000 
63.82500000 0.00000000 
63.87500000 0.00000000 
63.92500000 0.00000000 
63.97500000 0.00000000 
64.02500000 0.00000000 
64.07500000 0.00000000 
64.12500000 0.00000000 
64.17500000 0.00000000 
64.22500000 0.00000000 
64.27500000 0.00000000 
64.32500000 0.00000000 
64.37500000 0.00000000 
64.42500000 0.00000000 
64.47500000 0.00000000 
64.52500000 0.00000000 
64.57500000 0.00000000 
64.62500000 0.00000000 
64.67500000 0.00000000 
64.72500000 0.00000000 
64.77500000 0.00000000 
64.82500000 0.00000000 
64.87500000 0.00000000 
64.92500000 0.00000000 
64.97500000 0.00000000 
65.02500000 0.00000000 
65.07500000 0.00000000 
65.12500000 0.00000000 
65.17500000 0.00000000 
65.22500000 0.00000000 
65.27500000 0.00000000 
65.32500000 0.00000000 
65.37500000 0.00000000 
65.42500000 0.00000000 
65.47500000 0.00000000 
65.52500000 0.00000000 
65.57500000 0.00000000 
65.62500000 0.00000000 
65.67500000 0.00000000 
65.72500000 0.00000000 
65.77500000 0.00000000 
65.82500000 0.00000000 
65.87500000 0.00000000 
65.92500000 0.00000000 
65.97500000 0.00000000 
66.02500000 0.00000000 
66.07500000 0.00000000 
66.12500000 0.00000000 
66.17500000 0.00000000 
66.22500000 0.00000000 
66.27500000 0.00000000 
66.32500000 0.00000000 
66.37500000 0.00000000 
66.42500000 0.00000000 
66.47500000 0.00000000 
66.52500000 0.00000000 
66.57500000 0.00000000 
66.62500000 0.00000000 
66.67500000 0.00000000 
66.72500000 0.00000000 
66.77500000 0.00000000 
66.82500000 0.00000000 
66.87500000 0.00000000 
66.92500000 0.00000000 
66.97500000 0.00000000 
67.02500000 0.00000000 
67.07500000 0.00000000 
67.12500000 0.00000000 
67.17500000 0.00000000 
67.22500000 0.00000000 
67.27500000 0.00000000 
67.32500000 0.00000000 
67.37500000 0.00000000 
67.42500000 0.00000000 
67.47500000 0.00000000 
67.52500000 0.00000000 
67.57500000 0.00000000 
67.62500000 0.00000000 
67.67500000 0.00000000 
67.72500000 0.00000000 
67.77500000 0.00000000 
67.82500000 0.00000000 
67.87500000 0.00000000 
67.92500000 0.00000000 
67.97500000 0.00000000 
68.02500000 0.00000000 
68.07500000 0.00000000 
68.12500000 0.00000000 
68.17500000 0.00000000 
68.22500000 0.00000000 
68.27500000 0.00000000 
68.32500000 0.00000000 
68.37500000 0.00000000 
68.42500000 0.00000000 
68.47500000 0.00000000 
68.52500000 0.00000000 
68.57500000 0.00000000 
68.62500000 0.00000000 
68.67500000 0.00000000 
68.72500000 0.00000000 
68.77500000 0.00000000 
68.82500000 0.00000000 
68.87500000 0.00000000 
68.92500000 0.00000000 
68.97500000 0.00000000 
69.02500000 0.00000000 
69.07500000 0.00000000 
69.12500000 0.00000000 
69.17500000 0.00000000 
69.22500000 0.00000000 
69.27500000 0.00000000 
69.32500000 0.00000000 
69.37500000 0.00000000 
69.42500000 0.00000000 
69.47500000 0.00000000 
69.52500000 0.00000000 
69.57500000 0.00000000 
69.62500000 0.00000000 
69.67500000 0.00000000 
69.72500000 0.00000000 
69.77500000 0.00000000 
69.82500000 0.00000000 
69.87500000 0.00000000 
69.92500000 0.00000000 
69.97500000 0.00000000 
70.02500000 0.00000000 
70.07500000 0.00000000 
70.12500000 0.00000000 
70.17500000 0.00000000 
70.22500000 0.00000000 
70.27500000 0.00000000 
70.32500000 0.00000000 
70.37500000 0.00000000 
70.42500000 0.00000000 
70.47500000 0.00000000 
70.52500000 0.00000000 
70.57500000 0.00000000 
70.62500000 0.00000000 
70.67500000 0.00000000 
70.72500000 0.00000000 
70.77500000 0.00000000 
70.82500000 0.00000000 
70.87500000 0.00000000 
70.92500000 0.00000000 
70.97500000 0.00000000 
71.02500000 0.00000000 
71.07500000 0.00000000 
71.12500000 0.00000000 
71.17500000 0.00000000 
71.22500000 0.00000000 
71.27500000 0.00000000 
71.32500000 0.00000000 
71.37500000 0.00000000 
71.42500000 0.00000000 
71.47500000 0.00000000 
71.52500000 0.00000000 
71.57500000 0.00000000 
71.62500000 0.00000000 
71.67500000 0.00000000 
71.72500000 0.00000000 
71.77500000 0.00000000 
71.82500000 0.00000000 
71.87500000 0.00000000 
71.92500000 0.00000000 
71.97500000 0.00000000 
72.02500000 0.00000000 
72.07500000 0.00000000 
72.12500000 0.00000000 
72.17500000 0.00000000 
72.22500000 0.00000000 
72.27500000 0.00000000 
72.32500000 0.00000000 
72.37500000 0.00000000 
72.42500000 0.00000000 
72.47500000 0.00000000 
72.52500000 0.00000000 
72.57500000 0.00000000 
72.62500000 0.00000000 
72.67500000 0.00000000 
72.72500000 0.00000000 
72.77500000 0.00000000 
72.82500000 0.00000000 
72.87500000 0.00000000 
72.92500000 0.00000000 
72.97500000 0.00000000 
73.02500000 0.00000000 
73.07500000 0.00000000 
73.12500000 0.00000000 
73.17500000 0.00000000 
73.22500000 0.00000000 
73.27500000 0.00000000 
73.32500000 0.00000000 
73.37500000 0.00000000 
73.42500000 0.00000000 
73.47500000 0.00000000 
73.52500000 0.00000000 
73.57500000 0.00000000 
73.62500000 0.00000000 
73.67500000 0.00000000 
73.72500000 0.00000000 
73.77500000 0.00000000 
73.82500000 0.00000000 
73.87500000 0.00000000 
73.92500000 0.00000000 
73.97500000 0.00000000 
74.02500000 0.00000000 
74.07500000 0.00000000 
74.12500000 0.00000000 
74.17500000 0.00000000 
74.22500000 0.00000000 
74.27500000 0.00000000 
74.32500000 0.00000000 
74.37500000 0.00000000 
74.42500000 0.00000000 
74.47500000 0.00000000 
74.52500000 0.00000000 
74.57500000 0.00000000 
74.62500000 0.00000000 
74.67500000 0.00000000 
74.72500000 0.00000000 
74.77500000 0.00000000 
74.82500000 0.00000000 
74.87500000 0.00000000 
74.92500000 0.00000000 
74.97500000 0.00000000 
75.02500000 0.00000000 
75.07500000 0.00000000 
75.12500000 0.00000000 
75.17500000 0.00000000 
75.22500000 0.00000000 
75.27500000 0.00000000 
75.32500000 0.00000000 
75.37500000 0.00000000 
75.42500000 0.00000000 
75.47500000 0.00000000 
75.52500000 0.00000000 
75.57500000 0.00000000 
75.62500000 0.00000000 
75.67500000 0.00000000 
75.72500000 0.00000000 
75.77500000 0.00000000 
75.82500000 0.00000000 
75.87500000 0.00000000 
75.92500000 0.00000000 
75.97500000 0.00000000 
76.02500000 0.00000000 
76.07500000 0.00000000 
76.12500000 0.00000000 
76.17500000 0.00000000 
76.22500000 0.00000000 
76.27500000 0.00000000 
76.32500000 0.00000000 
76.37500000 0.00000000 
76.42500000 0.00000000 
76.47500000 0.00000000 
76.52500000 0.00000000 
76.57500000 0.00000000 
76.62500000 0.00000000 
76.67500000 0.00000000 
76.72500000 0.00000000 
76.77500000 0.00000000 
76.82500000 0.00000000 
76.87500000 0.00000000 
76.92500000 0.00000000 
76.97500000 0.00000000 
77.02500000 0.00000000 
77.07500000 0.00000000 
77.12500000 0.00000000 
77.17500000 0.00000000 
77.22500000 0.00000000 
77.27500000 0.00000000 
77.32500000 0.00000000 
77.37500000 0.00000000 
77.42500000 0.00000000 
77.47500000 0.00000000 
77.52500000 0.00000000 
77.57500000 0.00000000 
77.62500000 0.00000000 
77.67500000 0.00000000 
77.72500000 0.00000000 
77.77500000 0.00000000 
77.82500000 0.00000000 
77.87500000 0.00000000 
77.92500000 0.00000000 
77.97500000 0.00000000 
78.02500000 0.00000000 
78.07500000 0.00000000 
78.12500000 0.00000000 
78.17500000 0.00000000 
78.22500000 0.00000000 
78.27500000 0.00000000 
78.32500000 0.00000000 
78.37500000 0.00000000 
78.42500000 0.00000000 
78.47500000 0.00000000 
78.52500000 0.00000000 
78.57500000 0.00000000 
78.62500000 0.00000000 
78.67500000 0.00000000 
78.72500000 0.00000000 
78.77500000 0.00000000 
78.82500000 0.00000000 
78.87500000 0.00000000 
78.92500000 0.00000000 
78.97500000 0.00000000 
79.02500000 0.00000000 
79.07500000 0.00000000 
79.12500000 0.00000000 
79.17500000 0.00000000 
79.22500000 0.00000000 
79.27500000 0.00000000 
79.32500000 0.00000000 
79.37500000 0.00000000 
79.42500000 0.00000000 
79.47500000 0.00000000 
79.52500000 0.00000000 
79.57500000 0.00000000 
79.62500000 0.00000000 
79.67500000 0.00000000 
79.72500000 0.00000000 
79.77500000 0.00000000 
79.82500000 0.00000000 
79.87500000 0.00000000 
79.92500000 0.00000000 
79.97500000 0.00000000 
80.02500000 0.00000000 
80.07500000 0.00000000 
80.12500000 0.00000000 
80.17500000 0.00000000 
80.22500000 0.00000000 
80.27500000 0.00000000 
80.32500000 0.00000000 
80.37500000 0.00000000 
80.42500000 0.00000000 
80.47500000 0.00000000 
80.52500000 0.00000000 
80.57500000 0.00000000 
80.62500000 0.00000000 
80.67500000 0.00000000 
80.72500000 0.00000000 
80.77500000 0.00000000 
80.82500000 0.00000000 
80.87500000 0.00000000 
80.92500000 0.00000000 
80.97500000 0.00000000 
81.02500000 0.00000000 
81.07500000 0.00000000 
81.12500000 0.00000000 
81.17500000 0.00000000 
81.22500000 0.00000000 
81.27500000 0.00000000 
81.32500000 0.00000000 
81.37500000 0.00000000 
81.42500000 0.00000000 
81.47500000 0.00000000 
81.52500000 0.00000000 
81.57500000 0.00000000 
81.62500000 0.00000000 
81.67500000 0.00000000 
81.72500000 0.00000000 
81.77500000 0.00000000 
81.82500000 0.00000000 
81.87500000 0.00000000 
81.92500000 0.00000000 
81.97500000 0.00000000 
82.02500000 0.00000000 
82.07500000 0.00000000 
82.12500000 0.00000000 
82.17500000 0.00000000 
82.22500000 0.00000000 
82.27500000 0.00000000 
82.32500000 0.00000000 
82.37500000 0.00000000 
82.42500000 0.00000000 
82.47500000 0.00000000 
82.52500000 0.00000000 
82.57500000 0.00000000 
82.62500000 0.00000000 
82.67500000 0.00000000 
82.72500000 0.00000000 
82.77500000 0.00000000 
82.82500000 0.00000000 
82.87500000 0.00000000 
82.92500000 0.00000000 
82.97500000 0.00000000 
83.02500000 0.00000000 
83.07500000 0.00000000 
83.12500000 0.00000000 
83.17500000 0.00000000 
83.22500000 0.00000000 
83.27500000 0.00000000 
83.32500000 0.00000000 
83.37500000 0.00000000 
83.42500000 0.00000000 
83.47500000 0.00000000 
83.52500000 0.00000000 
83.57500000 0.00000000 
83.62500000 0.00000000 
83.67500000 0.00000000 
83.72500000 0.00000000 
83.77500000 0.00000000 
83.82500000 0.00000000 
83.87500000 0.00000000 
83.92500000 0.00000000 
83.97500000 0.00000000 
84.02500000 0.00000000 
84.07500000 0.00000000 
84.12500000 0.00000000 
84.17500000 0.00000000 
84.22500000 0.00000000 
84.27500000 0.00000000 
84.32500000 0.00000000 
84.37500000 0.00000000 
84.42500000 0.00000000 
84.47500000 0.00000000 
84.52500000 0.00000000 
84.57500000 0.00000000 
84.62500000 0.00000000 
84.67500000 0.00000000 
84.72500000 0.00000000 
84.77500000 0.00000000 
84.82500000 0.00000000 
84.87500000 0.00000000 
84.92500000 0.00000000 
84.97500000 0.00000000 
85.02500000 0.00000000 
85.07500000 0.00000000 
85.12500000 0.00000000 
85.17500000 0.00000000 
85.22500000 0.00000000 
85.27500000 0.00000000 
85.32500000 0.00000000 
85.37500000 0.00000000 
85.42500000 0.00000000 
85.47500000 0.00000000 
85.52500000 0.00000000 
85.57500000 0.00000000 
85.62500000 0.00000000 
85.67500000 0.00000000 
85.72500000 0.00000000 
85.77500000 0.00000000 
85.82500000 0.00000000 
85.87500000 0.00000000 
85.92500000 0.00000000 
85.97500000 0.00000000 
86.02500000 0.00000000 
86.07500000 0.00000000 
86.12500000 0.00000000 
86.17500000 0.00000000 
86.22500000 0.00000000 
86.27500000 0.00000000 
86.32500000 0.00000000 
86.37500000 0.00000000 
86.42500000 0.00000000 
86.47500000 0.00000000 
86.52500000 0.00000000 
86.57500000 0.00000000 
86.62500000 0.00000000 
86.67500000 0.00000000 
86.72500000 0.00000000 
86.77500000 0.00000000 
86.82500000 0.00000000 
86.87500000 0.00000000 
86.92500000 0.00000000 
86.97500000 0.00000000 
87.02500000 0.00000000 
87.07500000 0.00000000 
87.12500000 0.00000000 
87.17500000 0.00000000 
87.22500000 0.00000000 
87.27500000 0.00000000 
87.32500000 0.00000000 
87.37500000 0.00000000 
87.42500000 0.00000000 
87.47500000 0.00000000 
87.52500000 0.00000000 
87.57500000 0.00000000 
87.62500000 0.00000000 
87.67500000 0.00000000 
87.72500000 0.00000000 
87.77500000 0.00000000 
87.82500000 0.00000000 
87.87500000 0.00000000 
87.92500000 0.00000000 
87.97500000 0.00000000 
88.02500000 0.00000000 
88.07500000 0.00000000 
88.12500000 0.00000000 
88.17500000 0.00000000 
88.22500000 0.00000000 
88.27500000 0.00000000 
88.32500000 0.00000000 
88.37500000 0.00000000 
88.42500000 0.00000000 
88.47500000 0.00000000 
88.52500000 0.00000000 
88.57500000 0.00000000 
88.62500000 0.00000000 
88.67500000 0.00000000 
88.72500000 0.00000000 
88.77500000 0.00000000 
88.82500000 0.00000000 
88.87500000 0.00000000 
88.92500000 0.00000000 
88.97500000 0.00000000 
89.02500000 0.00000000 
89.07500000 0.00000000 
89.12500000 0.00000000 
89.17500000 0.00000000 
89.22500000 0.00000000 
89.27500000 0.00000000 
89.32500000 0.00000000 
89.37500000 0.00000000 
89.42500000 0.00000000 
89.47500000 0.00000000 
89.52500000 0.00000000 
89.57500000 0.00000000 
89.62500000 0.00000000 
89.67500000 0.00000000 
89.72500000 0.00000000 
89.77500000 0.00000000 
89.82500000 0.00000000 
89.87500000 0.00000000 
89.92500000 0.00000000 
89.97500000 0.00000000 
90.02500000 0.00000000 
90.07500000 0.00000000 
90.12500000 0.00000000 
90.17500000 0.00000000 
90.22500000 0.00000000 
90.27500000 0.00000000 
90.32500000 0.00000000 
90.37500000 0.00000000 
90.42500000 0.00000000 
90.47500000 0.00000000 
90.52500000 0.00000000 
90.57500000 0.00000000 
90.62500000 0.00000000 
90.67500000 0.00000000 
90.72500000 0.00000000 
90.77500000 0.00000000 
90.82500000 0.00000000 
90.87500000 0.00000000 
90.92500000 0.00000000 
90.97500000 0.00000000 
91.02500000 0.00000000 
91.07500000 0.00000000 
91.12500000 0.00000000 
91.17500000 0.00000000 
91.22500000 0.00000000 
91.27500000 0.00000000 
91.32500000 0.00000000 
91.37500000 0.00000000 
91.42500000 0.00000000 
91.47500000 0.00000000 
91.52500000 0.00000000 
91.57500000 0.00000000 
91.62500000 0.00000000 
91.67500000 0.00000000 
91.72500000 0.00000000 
91.77500000 0.00000000 
91.82500000 0.00000000 
91.87500000 0.00000000 
91.92500000 0.00000000 
91.97500000 0.00000000 
92.02500000 0.00000000 
92.07500000 0.00000000 
92.12500000 0.00000000 
92.17500000 0.00000000 
92.22500000 0.00000000 
92.27500000 0.00000000 
92.32500000 0.00000000 
92.37500000 0.00000000 
92.42500000 0.00000000 
92.47500000 0.00000000 
92.52500000 0.00000000 
92.57500000 0.00000000 
92.62500000 0.00000000 
92.67500000 0.00000000 
92.72500000 0.00000000 
92.77500000 0.00000000 
92.82500000 0.00000000 
92.87500000 0.00000000 
92.92500000 0.00000000 
92.97500000 0.00000000 
93.02500000 0.00000000 
93.07500000 0.00000000 
93.12500000 0.00000000 
93.17500000 0.00000000 
93.22500000 0.00000000 
93.27500000 0.00000000 
93.32500000 0.00000000 
93.37500000 0.00000000 
93.42500000 0.00000000 
93.47500000 0.00000000 
93.52500000 0.00000000 
93.57500000 0.00000000 
93.62500000 0.00000000 
93.67500000 0.00000000 
93.72500000 0.00000000 
93.77500000 0.00000000 
93.82500000 0.00000000 
93.87500000 0.00000000 
93.92500000 0.00000000 
93.97500000 0.00000000 
94.02500000 0.00000000 
94.07500000 0.00000000 
94.12500000 0.00000000 
94.17500000 0.00000000 
94.22500000 0.00000000 
94.27500000 0.00000000 
94.32500000 0.00000000 
94.37500000 0.00000000 
94.42500000 0.00000000 
94.47500000 0.00000000 
94.52500000 0.00000000 
94.57500000 0.00000000 
94.62500000 0.00000000 
94.67500000 0.00000000 
94.72500000 0.00000000 
94.77500000 0.00000000 
94.82500000 0.00000000 
94.87500000 0.00000000 
94.92500000 0.00000000 
94.97500000 0.00000000 
95.02500000 0.00000000 
95.07500000 0.00000000 
95.12500000 0.00000000 
95.17500000 0.00000000 
95.22500000 0.00000000 
95.27500000 0.00000000 
95.32500000 0.00000000 
95.37500000 0.00000000 
95.42500000 0.00000000 
95.47500000 0.00000000 
95.52500000 0.00000000 
95.57500000 0.00000000 
95.62500000 0.00000000 
95.67500000 0.00000000 
95.72500000 0.00000000 
95.77500000 0.00000000 
95.82500000 0.00000000 
95.87500000 0.00000000 
95.92500000 0.00000000 
95.97500000 0.00000000 
96.02500000 0.00000000 
96.07500000 0.00000000 
96.12500000 0.00000000 
96.17500000 0.00000000 
96.22500000 0.00000000 
96.27500000 0.00000000 
96.32500000 0.00000000 
96.37500000 0.00000000 
96.42500000 0.00000000 
96.47500000 0.00000000 
96.52500000 0.00000000 
96.57500000 0.00000000 
96.62500000 0.00000000 
96.67500000 0.00000000 
96.72500000 0.00000000 
96.77500000 0.00000000 
96.82500000 0.00000000 
96.87500000 0.00000000 
96.92500000 0.00000000 
96.97500000 0.00000000 
97.02500000 0.00000000 
97.07500000 0.00000000 
97.12500000 0.00000000 
97.17500000 0.00000000 
97.22500000 0.00000000 
97.27500000 0.00000000 
97.32500000 0.00000000 
97.37500000 0.00000000 
97.42500000 0.00000000 
97.47500000 0.00000000 
97.52500000 0.00000000 
97.57500000 0.00000000 
97.62500000 0.00000000 
97.67500000 0.00000000 
97.72500000 0.00000000 
97.77500000 0.00000000 
97.82500000 0.00000000 
97.87500000 0.00000000 
97.92500000 0.00000000 
97.97500000 0.00000000 
98.02500000 0.00000000 
98.07500000 0.00000000 
98.12500000 0.00000000 
98.17500000 0.00000000 
98.22500000 0.00000000 
98.27500000 0.00000000 
98.32500000 0.00000000 
98.37500000 0.00000000 
98.42500000 0.00000000 
98.47500000 0.00000000 
98.52500000 0.00000000 
98.57500000 0.00000000 
98.62500000 0.00000000 
98.67500000 0.00000000 
98.72500000 0.00000000 
98.77500000 0.00000000 
98.82500000 0.00000000 
98.87500000 0.00000000 
98.92500000 0.00000000 
98.97500000 0.00000000 
99.02500000 0.00000000 
99.07500000 0.00000000 
99.12500000 0.00000000 
99.17500000 0.00000000 
99.22500000 0.00000000 
99.27500000 0.00000000 
99.32500000 0.00000000 
99.37500000 0.00000000 
99.42500000 0.00000000 
99.47500000 0.00000000 
99.52500000 0.00000000 
99.57500000 0.00000000 
99.62500000 0.00000000 
99.67500000 0.00000000 
99.72500000 0.00000000 
99.77500000 0.00000000 
99.82500000 0.00000000 
99.87500000 0.00000000 
99.92500000 0.00000000 
99.97500000 0.00000000 
100.02500000 0.00000000 
100.07500000 0.00000000 
100.12500000 0.00000000 
100.17500000 0.00000000 
100.22500000 0.00000000 
100.27500000 0.00000000 
100.32500000 0.00000000 
100.37500000 0.00000000 
100.42500000 0.00000000 
100.47500000 0.00000000 
100.52500000 0.00000000 
100.57500000 0.00000000 
100.62500000 0.00000000 
100.67500000 0.00000000 
100.72500000 0.00000000 
100.77500000 0.00000000 
100.82500000 0.00000000 
100.87500000 0.00000000 
100.92500000 0.00000000 
100.97500000 0.00000000 
101.02500000 0.00000000 
101.07500000 0.00000000 
101.12500000 0.00000000 
101.17500000 0.00000000 
101.22500000 0.00000000 
101.27500000 0.00000000 
101.32500000 0.00000000 
101.37500000 0.00000000 
101.42500000 0.00000000 
101.47500000 0.00000000 
101.52500000 0.00000000 
101.57500000 0.00000000 
101.62500000 0.00000000 
101.67500000 0.00000000 
101.72500000 0.00000000 
101.77500000 0.00000000 
101.82500000 0.00000000 
101.87500000 0.00000000 
101.92500000 0.00000000 
101.97500000 0.00000000 
102.02500000 0.00000000 
102.07500000 0.00000000 
102.12500000 0.00000000 
102.17500000 0.00000000 
102.22500000 0.00000000 
102.27500000 0.00000000 
102.32500000 0.00000000 
102.37500000 0.00000000 
102.42500000 0.00000000 
102.47500000 0.00000000 
102.52500000 0.00000000 
102.57500000 0.00000000 
102.62500000 0.00000000 
102.67500000 0.00000000 
102.72500000 0.00000000 
102.77500000 0.00000000 
102.82500000 0.00000000 
102.87500000 0.00000000 
102.92500000 0.00000000 
102.97500000 0.00000000 
103.02500000 0.00000000 
103.07500000 0.00000000 
103.12500000 0.00000000 
103.17500000 0.00000000 
103.22500000 0.00000000 
103.27500000 0.00000000 
103.32500000 0.00000000 
103.37500000 0.00000000 
103.42500000 0.00000000 
103.47500000 0.00000000 
103.52500000 0.00000000 
103.57500000 0.00000000 
103.62500000 0.00000000 
103.67500000 0.00000000 
103.72500000 0.00000000 
103.77500000 0.00000000 
103.82500000 0.00000000 
103.87500000 0.00000000 
103.92500000 0.00000000 
103.97500000 0.00000000 
104.02500000 0.00000000 
104.07500000 0.00000000 
104.12500000 0.00000000 
104.17500000 0.00000000 
104.22500000 0.00000000 
104.27500000 0.00000000 
104.32500000 0.00000000 
104.37500000 0.00000000 
104.42500000 0.00000000 
104.47500000 0.00000000 
104.52500000 0.00000000 
104.57500000 0.00000000 
104.62500000 0.00000000 
104.67500000 0.00000000 
104.72500000 0.00000000 
104.77500000 0.00000000 
104.82500000 0.00000000 
104.87500000 0.00000000 
104.92500000 0.00000000 
104.97500000 0.00000000 
105.02500000 0.00000000 
105.07500000 0.00000000 
105.12500000 0.00000000 
105.17500000 0.00000000 
105.22500000 0.00000000 
105.27500000 0.00000000 
105.32500000 0.00000000 
105.37500000 0.00000000 
105.42500000 0.00000000 
105.47500000 0.00000000 
105.52500000 0.00000000 
105.57500000 0.00000000 
105.62500000 0.00000000 
105.67500000 0.00000000 
105.72500000 0.00000000 
105.77500000 0.00000000 
105.82500000 0.00000000 
105.87500000 0.00000000 
105.92500000 0.00000000 
105.97500000 0.00000000 
106.02500000 0.00000000 
106.07500000 0.00000000 
106.12500000 0.00000000 
106.17500000 0.00000000 
106.22500000 0.00000000 
106.27500000 0.00000000 
106.32500000 0.00000000 
106.37500000 0.00000000 
106.42500000 0.00000000 
106.47500000 0.00000000 
106.52500000 0.00000000 
106.57500000 0.00000000 
106.62500000 0.00000000 
106.67500000 0.00000000 
106.72500000 0.00000000 
106.77500000 0.00000000 
106.82500000 0.00000000 
106.87500000 0.00000000 
106.92500000 0.00000000 
106.97500000 0.00000000 
107.02500000 0.00000000 
107.07500000 0.00000000 
107.12500000 0.00000000 
107.17500000 0.00000000 
107.22500000 0.00000000 
107.27500000 0.00000000 
107.32500000 0.00000000 
107.37500000 0.00000000 
107.42500000 0.00000000 
107.47500000 0.00000000 
107.52500000 0.00000000 
107.57500000 0.00000000 
107.62500000 0.00000000 
107.67500000 0.00000000 
107.72500000 0.00000000 
107.77500000 0.00000000 
107.82500000 0.00000000 
107.87500000 0.00000000 
107.92500000 0.00000000 
107.97500000 0.00000000 
108.02500000 0.00000000 
108.07500000 0.00000000 
108.12500000 0.00000000 
108.17500000 0.00000000 
108.22500000 0.00000000 
108.27500000 0.00000000 
108.32500000 0.00000000 
108.37500000 0.00000000 
108.42500000 0.00000000 
108.47500000 0.00000000 
108.52500000 0.00000000 
108.57500000 0.00000000 
108.62500000 0.00000000 
108.67500000 0.00000000 
108.72500000 0.00000000 
108.77500000 0.00000000 
108.82500000 0.00000000 
108.87500000 0.00000000 
108.92500000 0.00000000 
108.97500000 0.00000000 
109.02500000 0.00000000 
109.07500000 0.00000000 
109.12500000 0.00000000 
109.17500000 0.00000000 
109.22500000 0.00000000 
109.27500000 0.00000000 
109.32500000 0.00000000 
109.37500000 0.00000000 
109.42500000 0.00000000 
109.47500000 0.00000000 
109.52500000 0.00000000 
109.57500000 0.00000000 
109.62500000 0.00000000 
109.67500000 0.00000000 
109.72500000 0.00000000 
109.77500000 0.00000000 
109.82500000 0.00000000 
109.87500000 0.00000000 
109.92500000 0.00000000 
109.97500000 0.00000000 
110.02500000 0.00000000 
110.07500000 0.00000000 
110.12500000 0.00000000 
110.17500000 0.00000000 
110.22500000 0.00000000 
110.27500000 0.00000000 
110.32500000 0.00000000 
110.37500000 0.00000000 
110.42500000 0.00000000 
110.47500000 0.00000000 
110.52500000 0.00000000 
110.57500000 0.00000000 
110.62500000 0.00000000 
110.67500000 0.00000000 
110.72500000 0.00000000 
110.77500000 0.00000000 
110.82500000 0.00000000 
110.87500000 0.00000000 
110.92500000 0.00000000 
110.97500000 0.00000000 
111.02500000 0.00000000 
111.07500000 0.00000000 
111.12500000 0.00000000 
111.17500000 0.00000000 
111.22500000 0.00000000 
111.27500000 0.00000000 
111.32500000 0.00000000 
111.37500000 0.00000000 
111.42500000 0.00000000 
111.47500000 0.00000000 
111.52500000 0.00000000 
111.57500000 0.00000000 
111.62500000 0.00000000 
111.67500000 0.00000000 
111.72500000 0.00000000 
111.77500000 0.00000000 
111.82500000 0.00000000 
111.87500000 0.00000000 
111.92500000 0.00000000 
111.97500000 0.00000000 
112.02500000 0.00000000 
112.07500000 0.00000000 
112.12500000 0.00000000 
112.17500000 0.00000000 
112.22500000 0.00000000 
112.27500000 0.00000000 
112.32500000 0.00000000 
112.37500000 0.00000000 
112.42500000 0.00000000 
112.47500000 0.00000000 
112.52500000 0.00000000 
112.57500000 0.00000000 
112.62500000 0.00000000 
112.67500000 0.00000000 
112.72500000 0.00000000 
112.77500000 0.00000000 
112.82500000 0.00000000 
112.87500000 0.00000000 
112.92500000 0.00000000 
112.97500000 0.00000000 
113.02500000 0.00000000 
113.07500000 0.00000000 
113.12500000 0.00000000 
113.17500000 0.00000000 
113.22500000 0.00000000 
113.27500000 0.00000000 
113.32500000 0.00000000 
113.37500000 0.00000000 
113.42500000 0.00000000 
113.47500000 0.00000000 
113.52500000 0.00000000 
113.57500000 0.00000000 
113.62500000 0.00000000 
113.67500000 0.00000000 
113.72500000 0.00000000 
113.77500000 0.00000000 
113.82500000 0.00000000 
113.87500000 0.00000000 
113.92500000 0.00000000 
113.97500000 0.00000000 
114.02500000 0.00000000 
114.07500000 0.00000000 
114.12500000 0.00000000 
114.17500000 0.00000000 
114.22500000 0.00000000 
114.27500000 0.00000000 
114.32500000 0.00000000 
114.37500000 0.00000000 
114.42500000 0.00000000 
114.47500000 0.00000000 
114.52500000 0.00000000 
114.57500000 0.00000000 
114.62500000 0.00000000 
114.67500000 0.00000000 
114.72500000 0.00000000 
114.77500000 0.00000000 
114.82500000 0.00000000 
114.87500000 0.00000000 
114.92500000 0.00000000 
114.97500000 0.00000000 
115.02500000 0.00000000 
115.07500000 0.00000000 
115.12500000 0.00000000 
115.17500000 0.00000000 
115.22500000 0.00000000 
115.27500000 0.00000000 
115.32500000 0.00000000 
115.37500000 0.00000000 
115.42500000 0.00000000 
115.47500000 0.00000000 
115.52500000 0.00000000 
115.57500000 0.00000000 
115.62500000 0.00000000 
115.67500000 0.00000000 
115.72500000 0.00000000 
115.77500000 0.00000000 
115.82500000 0.00000000 
115.87500000 0.00000000 
115.92500000 0.00000000 
115.97500000 0.00000000 
116.02500000 0.00000000 
116.07500000 0.00000000 
116.12500000 0.00000000 
116.17500000 0.00000000 
116.22500000 0.00000000 
116.27500000 0.00000000 
116.32500000 0.00000000 
116.37500000 0.00000000 
116.42500000 0.00000000 
116.47500000 0.00000000 
116.52500000 0.00000000 
116.57500000 0.00000000 
116.62500000 0.00000000 
116.67500000 0.00000000 
116.72500000 0.00000000 
116.77500000 0.00000000 
116.82500000 0.00000000 
116.87500000 0.00000000 
116.92500000 0.00000000 
116.97500000 0.00000000 
117.02500000 0.00000000 
117.07500000 0.00000000 
117.12500000 0.00000000 
117.17500000 0.00000000 
117.22500000 0.00000000 
117.27500000 0.00000000 
117.32500000 0.00000000 
117.37500000 0.00000000 
117.42500000 0.00000000 
117.47500000 0.00000000 
117.52500000 0.00000000 
117.57500000 0.00000000 
117.62500000 0.00000000 
117.67500000 0.00000000 
117.72500000 0.00000000 
117.77500000 0.00000000 
117.82500000 0.00000000 
117.87500000 0.00000000 
117.92500000 0.00000000 
117.97500000 0.00000000 
118.02500000 0.00000000 
118.07500000 0.00000000 
118.12500000 0.00000000 
118.17500000 0.00000000 
118.22500000 0.00000000 
118.27500000 0.00000000 
118.32500000 0.00000000 
118.37500000 0.00000000 
118.42500000 0.00000000 
118.47500000 0.00000000 
118.52500000 0.00000000 
118.57500000 0.00000000 
118.62500000 0.00000000 
118.67500000 0.00000000 
118.72500000 0.00000000 
118.77500000 0.00000000 
118.82500000 0.00000000 
118.87500000 0.00000000 
118.92500000 0.00000000 
118.97500000 0.00000000 
119.02500000 0.00000000 
119.07500000 0.00000000 
119.12500000 0.00000000 
119.17500000 0.00000000 
119.22500000 0.00000000 
119.27500000 0.00000000 
119.32500000 0.00000000 
119.37500000 0.00000000 
119.42500000 0.00000000 
119.47500000 0.00000000 
119.52500000 0.00000000 
119.57500000 0.00000000 
119.62500000 0.00000000 
119.67500000 0.00000000 
119.72500000 0.00000000 
119.77500000 0.00000000 
119.82500000 0.00000000 
119.87500000 0.00000000 
119.92500000 0.00000000 
119.97500000 0.00000000 
120.02500000 0.00000000 
120.07500000 0.00000000 
120.12500000 0.00000000 
120.17500000 0.00000000 
120.22500000 0.00000000 
120.27500000 0.00000000 
120.32500000 0.00000000 
120.37500000 0.00000000 
120.42500000 0.00000000 
120.47500000 0.00000000 
120.52500000 0.00000000 
120.57500000 0.00000000 
120.62500000 0.00000000 
120.67500000 0.00000000 
120.72500000 0.00000000 
120.77500000 0.00000000 
120.82500000 0.00000000 
120.87500000 0.00000000 
120.92500000 0.00000000 
120.97500000 0.00000000 
121.02500000 0.00000000 
121.07500000 0.00000000 
121.12500000 0.00000000 
121.17500000 0.00000000 
121.22500000 0.00000000 
121.27500000 0.00000000 
121.32500000 0.00000000 
121.37500000 0.00000000 
121.42500000 0.00000000 
121.47500000 0.00000000 
121.52500000 0.00000000 
121.57500000 0.00000000 
121.62500000 0.00000000 
121.67500000 0.00000000 
121.72500000 0.00000000 
121.77500000 0.00000000 
121.82500000 0.00000000 
121.87500000 0.00000000 
121.92500000 0.00000000 
121.97500000 0.00000000 
122.02500000 0.00000000 
122.07500000 0.00000000 
122.12500000 0.00000000 
122.17500000 0.00000000 
122.22500000 0.00000000 
122.27500000 0.00000000 
122.32500000 0.00000000 
122.37500000 0.00000000 
122.42500000 0.00000000 
122.47500000 0.00000000 
122.52500000 0.00000000 
122.57500000 0.00000000 
122.62500000 0.00000000 
122.67500000 0.00000000 
122.72500000 0.00000000 
122.77500000 0.00000000 
122.82500000 0.00000000 
122.87500000 0.00000000 
122.92500000 0.00000000 
122.97500000 0.00000000 
123.02500000 0.00000000 
123.07500000 0.00000000 
123.12500000 0.00000000 
123.17500000 0.00000000 
123.22500000 0.00000000 
123.27500000 0.00000000 
123.32500000 0.00000000 
123.37500000 0.00000000 
123.42500000 0.00000000 
123.47500000 0.00000000 
123.52500000 0.00000000 
123.57500000 0.00000000 
123.62500000 0.00000000 
123.67500000 0.00000000 
123.72500000 0.00000000 
123.77500000 0.00000000 
123.82500000 0.00000000 
123.87500000 0.00000000 
123.92500000 0.00000000 
123.97500000 0.00000000 
124.02500000 0.00000000 
124.07500000 0.00000000 
124.12500000 0.00000000 
124.17500000 0.00000000 
124.22500000 0.00000000 
124.27500000 0.00000000 
124.32500000 0.00000000 
124.37500000 0.00000000 
124.42500000 0.00000000 
124.47500000 0.00000000 
124.52500000 0.00000000 
124.57500000 0.00000000 
124.62500000 0.00000000 
124.67500000 0.00000000 
124.72500000 0.00000000 
124.77500000 0.00000000 
124.82500000 0.00000000 
124.87500000 0.00000000 
124.92500000 0.00000000 
124.97500000 0.00000000 
125.02500000 0.00000000 
125.07500000 0.00000000 
125.12500000 0.00000000 
125.17500000 0.00000000 
125.22500000 0.00000000 
125.27500000 0.00000000 
125.32500000 0.00000000 
125.37500000 0.00000000 
125.42500000 0.00000000 
125.47500000 0.00000000 
125.52500000 0.00000000 
125.57500000 0.00000000 
125.62500000 0.00000000 
125.67500000 0.00000000 
125.72500000 0.00000000 
125.77500000 0.00000000 
125.82500000 0.00000000 
125.87500000 0.00000000 
125.92500000 0.00000000 
125.97500000 0.00000000 
126.02500000 0.00000000 
126.07500000 0.00000000 
126.12500000 0.00000000 
126.17500000 0.00000000 
126.22500000 0.00000000 
126.27500000 0.00000000 
126.32500000 0.00000000 
126.37500000 0.00000000 
126.42500000 0.00000000 
126.47500000 0.00000000 
126.52500000 0.00000000 
126.57500000 0.00000000 
126.62500000 0.00000000 
126.67500000 0.00000000 
126.72500000 0.00000000 
126.77500000 0.00000000 
126.82500000 0.00000000 
126.87500000 0.00000000 
126.92500000 0.00000000 
126.97500000 0.00000000 
127.02500000 0.00000000 
127.07500000 0.00000000 
127.12500000 0.00000000 
127.17500000 0.00000000 
127.22500000 0.00000000 
127.27500000 0.00000000 
127.32500000 0.00000000 
127.37500000 0.00000000 
127.42500000 0.00000000 
127.47500000 0.00000000 
127.52500000 0.00000000 
127.57500000 0.00000000 
127.62500000 0.00000000 
127.67500000 0.00000000 
127.72500000 0.00000000 
127.77500000 0.00000000 
127.82500000 0.00000000 
127.87500000 0.00000000 
127.92500000 0.00000000 
127.97500000 0.00000000 
128.02500000 0.00000000 
128.07500000 0.00000000 
128.12500000 0.00000000 
128.17500000 0.00000000 
128.22500000 0.00000000 
128.27500000 0.00000000 
128.32500000 0.00000000 
128.37500000 0.00000000 
128.42500000 0.00000000 
128.47500000 0.00000000 
128.52500000 0.00000000 
128.57500000 0.00000000 
128.62500000 0.00000000 
128.67500000 0.00000000 
128.72500000 0.00000000 
128.77500000 0.00000000 
128.82500000 0.00000000 
128.87500000 0.00000000 
128.92500000 0.00000000 
128.97500000 0.00000000 
129.02500000 0.00000000 
129.07500000 0.00000000 
129.12500000 0.00000000 
129.17500000 0.00000000 
129.22500000 0.00000000 
129.27500000 0.00000000 
129.32500000 0.00000000 
129.37500000 0.00000000 
129.42500000 0.00000000 
129.47500000 0.00000000 
129.52500000 0.00000000 
129.57500000 0.00000000 
129.62500000 0.00000000 
129.67500000 0.00000000 
129.72500000 0.00000000 
129.77500000 0.00000000 
129.82500000 0.00000000 
129.87500000 0.00000000 
129.92500000 0.00000000 
129.97500000 0.00000000 
130.02500000 0.00000000 
130.07500000 0.00000000 
130.12500000 0.00000000 
130.17500000 0.00000000 
130.22500000 0.00000000 
130.27500000 0.00000000 
130.32500000 0.00000000 
130.37500000 0.00000000 
130.42500000 0.00000000 
130.47500000 0.00000000 
130.52500000 0.00000000 
130.57500000 0.00000000 
130.62500000 0.00000000 
130.67500000 0.00000000 
130.72500000 0.00000000 
130.77500000 0.00000000 
130.82500000 0.00000000 
130.87500000 0.00000000 
130.92500000 0.00000000 
130.97500000 0.00000000 
131.02500000 0.00000000 
131.07500000 0.00000000 
131.12500000 0.00000000 
131.17500000 0.00000000 
131.22500000 0.00000000 
131.27500000 0.00000000 
131.32500000 0.00000000 
131.37500000 0.00000000 
131.42500000 0.00000000 
131.47500000 0.00000000 
131.52500000 0.00000000 
131.57500000 0.00000000 
131.62500000 0.00000000 
131.67500000 0.00000000 
131.72500000 0.00000000 
131.77500000 0.00000000 
131.82500000 0.00000000 
131.87500000 0.00000000 
131.92500000 0.00000000 
131.97500000 0.00000000 
132.02500000 0.00000000 
132.07500000 0.00000000 
132.12500000 0.00000000 
132.17500000 0.00000000 
132.22500000 0.00000000 
132.27500000 0.00000000 
132.32500000 0.00000000 
132.37500000 0.00000000 
132.42500000 0.00000000 
132.47500000 0.00000000 
132.52500000 0.00000000 
132.57500000 0.00000000 
132.62500000 0.00000000 
132.67500000 0.00000000 
132.72500000 0.00000000 
132.77500000 0.00000000 
132.82500000 0.00000000 
132.87500000 0.00000000 
132.92500000 0.00000000 
132.97500000 0.00000000 
133.02500000 0.00000000 
133.07500000 0.00000000 
133.12500000 0.00000000 
133.17500000 0.00000000 
133.22500000 0.00000000 
133.27500000 0.00000000 
133.32500000 0.00000000 
133.37500000 0.00000000 
133.42500000 0.00000000 
133.47500000 0.00000000 
133.52500000 0.00000000 
133.57500000 0.00000000 
133.62500000 0.00000000 
133.67500000 0.00000000 
133.72500000 0.00000000 
133.77500000 0.00000000 
133.82500000 0.00000000 
133.87500000 0.00000000 
133.92500000 0.00000000 
133.97500000 0.00000000 
134.02500000 0.00000000 
134.07500000 0.00000000 
134.12500000 0.00000000 
134.17500000 0.00000000 
134.22500000 0.00000000 
134.27500000 0.00000000 
134.32500000 0.00000000 
134.37500000 0.00000000 
134.42500000 0.00000000 
134.47500000 0.00000000 
134.52500000 0.00000000 
134.57500000 0.00000000 
134.62500000 0.00000000 
134.67500000 0.00000000 
134.72500000 0.00000000 
134.77500000 0.00000000 
134.82500000 0.00000000 
134.87500000 0.00000000 
134.92500000 0.00000000 
134.97500000 0.00000000 
135.02500000 0.00000000 
135.07500000 0.00000000 
135.12500000 0.00000000 
135.17500000 0.00000000 
135.22500000 0.00000000 
135.27500000 0.00000000 
135.32500000 0.00000000 
135.37500000 0.00000000 
135.42500000 0.00000000 
135.47500000 0.00000000 
135.52500000 0.00000000 
135.57500000 0.00000000 
135.62500000 0.00000000 
135.67500000 0.00000000 
135.72500000 0.00000000 
135.77500000 0.00000000 
135.82500000 0.00000000 
135.87500000 0.00000000 
135.92500000 0.00000000 
135.97500000 0.00000000 
136.02500000 0.00000000 
136.07500000 0.00000000 
136.12500000 0.00000000 
136.17500000 0.00000000 
136.22500000 0.00000000 
136.27500000 0.00000000 
136.32500000 0.00000000 
136.37500000 0.00000000 
136.42500000 0.00000000 
136.47500000 0.00000000 
136.52500000 0.00000000 
136.57500000 0.00000000 
136.62500000 0.00000000 
136.67500000 0.00000000 
136.72500000 0.00000000 
136.77500000 0.00000000 
136.82500000 0.00000000 
136.87500000 0.00000000 
136.92500000 0.00000000 
136.97500000 0.00000000 
137.02500000 0.00000000 
137.07500000 0.00000000 
137.12500000 0.00000000 
137.17500000 0.00000000 
137.22500000 0.00000000 
137.27500000 0.00000000 
137.32500000 0.00000000 
137.37500000 0.00000000 
137.42500000 0.00000000 
137.47500000 0.00000000 
137.52500000 0.00000000 
137.57500000 0.00000000 
137.62500000 0.00000000 
137.67500000 0.00000000 
137.72500000 0.00000000 
137.77500000 0.00000000 
137.82500000 0.00000000 
137.87500000 0.00000000 
137.92500000 0.00000000 
137.97500000 0.00000000 
138.02500000 0.00000000 
138.07500000 0.00000000 
138.12500000 0.00000000 
138.17500000 0.00000000 
138.22500000 0.00000000 
138.27500000 0.00000000 
138.32500000 0.00000000 
138.37500000 0.00000000 
138.42500000 0.00000000 
138.47500000 0.00000000 
138.52500000 0.00000000 
138.57500000 0.00000000 
138.62500000 0.00000000 
138.67500000 0.00000000 
138.72500000 0.00000000 
138.77500000 0.00000000 
138.82500000 0.00000000 
138.87500000 0.00000000 
138.92500000 0.00000000 
138.97500000 0.00000000 
139.02500000 0.00000000 
139.07500000 0.00000000 
139.12500000 0.00000000 
139.17500000 0.00000000 
139.22500000 0.00000000 
139.27500000 0.00000000 
139.32500000 0.00000000 
139.37500000 0.00000000 
139.42500000 0.00000000 
139.47500000 0.00000000 
139.52500000 0.00000000 
139.57500000 0.00000000 
139.62500000 0.00000000 
139.67500000 0.00000000 
139.72500000 0.00000000 
139.77500000 0.00000000 
139.82500000 0.00000000 
139.87500000 0.00000000 
139.92500000 0.00000000 
139.97500000 0.00000000 
140.02500000 0.00000000 
140.07500000 0.00000000 
140.12500000 0.00000000 
140.17500000 0.00000000 
140.22500000 0.00000000 
140.27500000 0.00000000 
140.32500000 0.00000000 
140.37500000 0.00000000 
140.42500000 0.00000000 
140.47500000 0.00000000 
140.52500000 0.00000000 
140.57500000 0.00000000 
140.62500000 0.00000000 
140.67500000 0.00000000 
140.72500000 0.00000000 
140.77500000 0.00000000 
140.82500000 0.00000000 
140.87500000 0.00000000 
140.92500000 0.00000000 
140.97500000 0.00000000 
141.02500000 0.00000000 
141.07500000 0.00000000 
141.12500000 0.00000000 
141.17500000 0.00000000 
141.22500000 0.00000000 
141.27500000 0.00000000 
141.32500000 0.00000000 
141.37500000 0.00000000 
141.42500000 0.00000000 
141.47500000 0.00000000 
141.52500000 0.00000000 
141.57500000 0.00000000 
141.62500000 0.00000000 
141.67500000 0.00000000 
141.72500000 0.00000000 
141.77500000 0.00000000 
141.82500000 0.00000000 
141.87500000 0.00000000 
141.92500000 0.00000000 
141.97500000 0.00000000 
142.02500000 0.00000000 
142.07500000 0.00000000 
142.12500000 0.00000000 
142.17500000 0.00000000 
142.22500000 0.00000000 
142.27500000 0.00000000 
142.32500000 0.00000000 
142.37500000 0.00000000 
142.42500000 0.00000000 
142.47500000 0.00000000 
142.52500000 0.00000000 
142.57500000 0.00000000 
142.62500000 0.00000000 
142.67500000 0.00000000 
142.72500000 0.00000000 
142.77500000 0.00000000 
142.82500000 0.00000000 
142.87500000 0.00000000 
142.92500000 0.00000000 
142.97500000 0.00000000 
143.02500000 0.00000000 
143.07500000 0.00000000 
143.12500000 0.00000000 
143.17500000 0.00000000 
143.22500000 0.00000000 
143.27500000 0.00000000 
143.32500000 0.00000000 
143.37500000 0.00000000 
143.42500000 0.00000000 
143.47500000 0.00000000 
143.52500000 0.00000000 
143.57500000 0.00000000 
143.62500000 0.00000000 
143.67500000 0.00000000 
143.72500000 0.00000000 
143.77500000 0.00000000 
143.82500000 0.00000000 
143.87500000 0.00000000 
143.92500000 0.00000000 
143.97500000 0.00000000 
144.02500000 0.00000000 
144.07500000 0.00000000 
144.12500000 0.00000000 
144.17500000 0.00000000 
144.22500000 0.00000000 
144.27500000 0.00000000 
144.32500000 0.00000000 
144.37500000 0.00000000 
144.42500000 0.00000000 
144.47500000 0.00000000 
144.52500000 0.00000000 
144.57500000 0.00000000 
144.62500000 0.00000000 
144.67500000 0.00000000 
144.72500000 0.00000000 
144.77500000 0.00000000 
144.82500000 0.00000000 
144.87500000 0.00000000 
144.92500000 0.00000000 
144.97500000 0.00000000 
145.02500000 0.00000000 
145.07500000 0.00000000 
145.12500000 0.00000000 
145.17500000 0.00000000 
145.22500000 0.00000000 
145.27500000 0.00000000 
145.32500000 0.00000000 
145.37500000 0.00000000 
145.42500000 0.00000000 
145.47500000 0.00000000 
145.52500000 0.00000000 
145.57500000 0.00000000 
145.62500000 0.00000000 
145.67500000 0.00000000 
145.72500000 0.00000000 
145.77500000 0.00000000 
145.82500000 0.00000000 
145.87500000 0.00000000 
145.92500000 0.00000000 
145.97500000 0.00000000 
146.02500000 0.00000000 
146.07500000 0.00000000 
146.12500000 0.00000000 
146.17500000 0.00000000 
146.22500000 0.00000000 
146.27500000 0.00000000 
146.32500000 0.00000000 
146.37500000 0.00000000 
146.42500000 0.00000000 
146.47500000 0.00000000 
146.52500000 0.00000000 
146.57500000 0.00000000 
146.62500000 0.00000000 
146.67500000 0.00000000 
146.72500000 0.00000000 
146.77500000 0.00000000 
146.82500000 0.00000000 
146.87500000 0.00000000 
146.92500000 0.00000000 
146.97500000 0.00000000 
147.02500000 0.00000000 
147.07500000 0.00000000 
147.12500000 0.00000000 
147.17500000 0.00000000 
147.22500000 0.00000000 
147.27500000 0.00000000 
147.32500000 0.00000000 
147.37500000 0.00000000 
147.42500000 0.00000000 
147.47500000 0.00000000 
147.52500000 0.00000000 
147.57500000 0.00000000 
147.62500000 0.00000000 
147.67500000 0.00000000 
147.72500000 0.00000000 
147.77500000 0.00000000 
147.82500000 0.00000000 
147.87500000 0.00000000 
147.92500000 0.00000000 
147.97500000 0.00000000 
148.02500000 0.00000000 
148.07500000 0.00000000 
148.12500000 0.00000000 
148.17500000 0.00000000 
148.22500000 0.00000000 
148.27500000 0.00000000 
148.32500000 0.00000000 
148.37500000 0.00000000 
148.42500000 0.00000000 
148.47500000 0.00000000 
148.52500000 0.00000000 
148.57500000 0.00000000 
148.62500000 0.00000000 
148.67500000 0.00000000 
148.72500000 0.00000000 
148.77500000 0.00000000 
148.82500000 0.00000000 
148.87500000 0.00000000 
148.92500000 0.00000000 
148.97500000 0.00000000 
149.02500000 0.00000000 
149.07500000 0.00000000 
149.12500000 0.00000000 
149.17500000 0.00000000 
149.22500000 0.00000000 
149.27500000 0.00000000 
149.32500000 0.00000000 
149.37500000 0.00000000 
149.42500000 0.00000000 
149.47500000 0.00000000 
149.52500000 0.00000000 
149.57500000 0.00000000 
149.62500000 0.00000000 
149.67500000 0.00000000 
149.72500000 0.00000000 
149.77500000 0.00000000 
149.82500000 0.00000000 
149.87500000 0.00000000 
149.92500000 0.00000000 
149.97500000 0.00000000 
150.02500000 0.00000000 
150.07500000 0.00000000 
150.12500000 0.00000000 
150.17500000 0.00000000 
150.22500000 0.00000000 
150.27500000 0.00000000 
150.32500000 0.00000000 
150.37500000 0.00000000 
150.42500000 0.00000000 
150.47500000 0.00000000 
150.52500000 0.00000000 
150.57500000 0.00000000 
150.62500000 0.00000000 
150.67500000 0.00000000 
150.72500000 0.00000000 
150.77500000 0.00000000 
150.82500000 0.00000000 
150.87500000 0.00000000 
150.92500000 0.00000000 
150.97500000 0.00000000 
151.02500000 0.00000000 
151.07500000 0.00000000 
151.12500000 0.00000000 
151.17500000 0.00000000 
151.22500000 0.00000000 
151.27500000 0.00000000 
151.32500000 0.00000000 
151.37500000 0.00000000 
151.42500000 0.00000000 
151.47500000 0.00000000 
151.52500000 0.00000000 
151.57500000 0.00000000 
151.62500000 0.00000000 
151.67500000 0.00000000 
151.72500000 0.00000000 
151.77500000 0.00000000 
151.82500000 0.00000000 
151.87500000 0.00000000 
151.92500000 0.00000000 
151.97500000 0.00000000 
152.02500000 0.00000000 
152.07500000 0.00000000 
152.12500000 0.00000000 
152.17500000 0.00000000 
152.22500000 0.00000000 
152.27500000 0.00000000 
152.32500000 0.00000000 
152.37500000 0.00000000 
152.42500000 0.00000000 
152.47500000 0.00000000 
152.52500000 0.00000000 
152.57500000 0.00000000 
152.62500000 0.00000000 
152.67500000 0.00000000 
152.72500000 0.00000000 
152.77500000 0.00000000 
152.82500000 0.00000000 
152.87500000 0.00000000 
152.92500000 0.00000000 
152.97500000 0.00000000 
153.02500000 0.00000000 
153.07500000 0.00000000 
153.12500000 0.00000000 
153.17500000 0.00000000 
153.22500000 0.00000000 
153.27500000 0.00000000 
153.32500000 0.00000000 
153.37500000 0.00000000 
153.42500000 0.00000000 
153.47500000 0.00000000 
153.52500000 0.00000000 
153.57500000 0.00000000 
153.62500000 0.00000000 
153.67500000 0.00000000 
153.72500000 0.00000000 
153.77500000 0.00000000 
153.82500000 0.00000000 
153.87500000 0.00000000 
153.92500000 0.00000000 
153.97500000 0.00000000 
154.02500000 0.00000000 
154.07500000 0.00000000 
154.12500000 0.00000000 
154.17500000 0.00000000 
154.22500000 0.00000000 
154.27500000 0.00000000 
154.32500000 0.00000000 
154.37500000 0.00000000 
154.42500000 0.00000000 
154.47500000 0.00000000 
154.52500000 0.00000000 
154.57500000 0.00000000 
154.62500000 0.00000000 
154.67500000 0.00000000 
154.72500000 0.00000000 
154.77500000 0.00000000 
154.82500000 0.00000000 
154.87500000 0.00000000 
154.92500000 0.00000000 
154.97500000 0.00000000 
155.02500000 0.00000000 
155.07500000 0.00000000 
155.12500000 0.00000000 
155.17500000 0.00000000 
155.22500000 0.00000000 
155.27500000 0.00000000 
155.32500000 0.00000000 
155.37500000 0.00000000 
155.42500000 0.00000000 
155.47500000 0.00000000 
155.52500000 0.00000000 
155.57500000 0.00000000 
155.62500000 0.00000000 
155.67500000 0.00000000 
155.72500000 0.00000000 
155.77500000 0.00000000 
155.82500000 0.00000000 
155.87500000 0.00000000 
155.92500000 0.00000000 
155.97500000 0.00000000 
156.02500000 0.00000000 
156.07500000 0.00000000 
156.12500000 0.00000000 
156.17500000 0.00000000 
156.22500000 0.00000000 
156.27500000 0.00000000 
156.32500000 0.00000000 
156.37500000 0.00000000 
156.42500000 0.00000000 
156.47500000 0.00000000 
156.52500000 0.00000000 
156.57500000 0.00000000 
156.62500000 0.00000000 
156.67500000 0.00000000 
156.72500000 0.00000000 
156.77500000 0.00000000 
156.82500000 0.00000000 
156.87500000 0.00000000 
156.92500000 0.00000000 
156.97500000 0.00000000 
157.02500000 0.00000000 
157.07500000 0.00000000 
157.12500000 0.00000000 
157.17500000 0.00000000 
157.22500000 0.00000000 
157.27500000 0.00000000 
157.32500000 0.00000000 
157.37500000 0.00000000 
157.42500000 0.00000000 
157.47500000 0.00000000 
157.52500000 0.00000000 
157.57500000 0.00000000 
157.62500000 0.00000000 
157.67500000 0.00000000 
157.72500000 0.00000000 
157.77500000 0.00000000 
157.82500000 0.00000000 
157.87500000 0.00000000 
157.92500000 0.00000000 
157.97500000 0.00000000 
158.02500000 0.00000000 
158.07500000 0.00000000 
158.12500000 0.00000000 
158.17500000 0.00000000 
158.22500000 0.00000000 
158.27500000 0.00000000 
158.32500000 0.00000000 
158.37500000 0.00000000 
158.42500000 0.00000000 
158.47500000 0.00000000 
158.52500000 0.00000000 
158.57500000 0.00000000 
158.62500000 0.00000000 
158.67500000 0.00000000 
158.72500000 0.00000000 
158.77500000 0.00000000 
158.82500000 0.00000000 
158.87500000 0.00000000 
158.92500000 0.00000000 
158.97500000 0.00000000 
159.02500000 0.00000000 
159.07500000 0.00000000 
159.12500000 0.00000000 
159.17500000 0.00000000 
159.22500000 0.00000000 
159.27500000 0.00000000 
159.32500000 0.00000000 
159.37500000 0.00000000 
159.42500000 0.00000000 
159.47500000 0.00000000 
159.52500000 0.00000000 
159.57500000 0.00000000 
159.62500000 0.00000000 
159.67500000 0.00000000 
159.72500000 0.00000000 
159.77500000 0.00000000 
159.82500000 0.00000000 
159.87500000 0.00000000 
159.92500000 0.00000000 
159.97500000 0.00000000 
160.02500000 0.00000000 
160.07500000 0.00000000 
160.12500000 0.00000000 
160.17500000 0.00000000 
160.22500000 0.00000000 
160.27500000 0.00000000 
160.32500000 0.00000000 
160.37500000 0.00000000 
160.42500000 0.00000000 
160.47500000 0.00000000 
160.52500000 0.00000000 
160.57500000 0.00000000 
160.62500000 0.00000000 
160.67500000 0.00000000 
160.72500000 0.00000000 
160.77500000 0.00000000 
160.82500000 0.00000000 
160.87500000 0.00000000 
160.92500000 0.00000000 
160.97500000 0.00000000 
161.02500000 0.00000000 
161.07500000 0.00000000 
161.12500000 0.00000000 
161.17500000 0.00000000 
161.22500000 0.00000000 
161.27500000 0.00000000 
161.32500000 0.00000000 
161.37500000 0.00000000 
161.42500000 0.00000000 
161.47500000 0.00000000 
161.52500000 0.00000000 
161.57500000 0.00000000 
161.62500000 0.00000000 
161.67500000 0.00000000 
161.72500000 0.00000000 
161.77500000 0.00000000 
161.82500000 0.00000000 
161.87500000 0.00000000 
161.92500000 0.00000000 
161.97500000 0.00000000 
162.02500000 0.00000000 
162.07500000 0.00000000 
162.12500000 0.00000000 
162.17500000 0.00000000 
162.22500000 0.00000000 
162.27500000 0.00000000 
162.32500000 0.00000000 
162.37500000 0.00000000 
162.42500000 0.00000000 
162.47500000 0.00000000 
162.52500000 0.00000000 
162.57500000 0.00000000 
162.62500000 0.00000000 
162.67500000 0.00000000 
162.72500000 0.00000000 
162.77500000 0.00000000 
162.82500000 0.00000000 
162.87500000 0.00000000 
162.92500000 0.00000000 
162.97500000 0.00000000 
163.02500000 0.00000000 
163.07500000 0.00000000 
163.12500000 0.00000000 
163.17500000 0.00000000 
163.22500000 0.00000000 
163.27500000 0.00000000 
163.32500000 0.00000000 
163.37500000 0.00000000 
163.42500000 0.00000000 
163.47500000 0.00000000 
163.52500000 0.00000000 
163.57500000 0.00000000 
163.62500000 0.00000000 
163.67500000 0.00000000 
163.72500000 0.00000000 
163.77500000 0.00000000 
163.82500000 0.00000000 
163.87500000 0.00000000 
163.92500000 0.00000000 
163.97500000 0.00000000 
164.02500000 0.00000000 
164.07500000 0.00000000 
164.12500000 0.00000000 
164.17500000 0.00000000 
164.22500000 0.00000000 
164.27500000 0.00000000 
164.32500000 0.00000000 
164.37500000 0.00000000 
164.42500000 0.00000000 
164.47500000 0.00000000 
164.52500000 0.00000000 
164.57500000 0.00000000 
164.62500000 0.00000000 
164.67500000 0.00000000 
164.72500000 0.00000000 
164.77500000 0.00000000 
164.82500000 0.00000000 
164.87500000 0.00000000 
164.92500000 0.00000000 
164.97500000 0.00000000 
165.02500000 0.00000000 
165.07500000 0.00000000 
165.12500000 0.00000000 
165.17500000 0.00000000 
165.22500000 0.00000000 
165.27500000 0.00000000 
165.32500000 0.00000000 
165.37500000 0.00000000 
165.42500000 0.00000000 
165.47500000 0.00000000 
165.52500000 0.00000000 
165.57500000 0.00000000 
165.62500000 0.00000000 
165.67500000 0.00000000 
165.72500000 0.00000000 
165.77500000 0.00000000 
165.82500000 0.00000000 
165.87500000 0.00000000 
165.92500000 0.00000000 
165.97500000 0.00000000 
166.02500000 0.00000000 
166.07500000 0.00000000 
166.12500000 0.00000000 
166.17500000 0.00000000 
166.22500000 0.00000000 
166.27500000 0.00000000 
166.32500000 0.00000000 
166.37500000 0.00000000 
166.42500000 0.00000000 
166.47500000 0.00000000 
166.52500000 0.00000000 
166.57500000 0.00000000 
166.62500000 0.00000000 
166.67500000 0.00000000 
166.72500000 0.00000000 
166.77500000 0.00000000 
166.82500000 0.00000000 
166.87500000 0.00000000 
166.92500000 0.00000000 
166.97500000 0.00000000 
167.02500000 0.00000000 
167.07500000 0.00000000 
167.12500000 0.00000000 
167.17500000 0.00000000 
167.22500000 0.00000000 
167.27500000 0.00000000 
167.32500000 0.00000000 
167.37500000 0.00000000 
167.42500000 0.00000000 
167.47500000 0.00000000 
167.52500000 0.00000000 
167.57500000 0.00000000 
167.62500000 0.00000000 
167.67500000 0.00000000 
167.72500000 0.00000000 
167.77500000 0.00000000 
167.82500000 0.00000000 
167.87500000 0.00000000 
167.92500000 0.00000000 
167.97500000 0.00000000 
168.02500000 0.00000000 
168.07500000 0.00000000 
168.12500000 0.00000000 
168.17500000 0.00000000 
168.22500000 0.00000000 
168.27500000 0.00000000 
168.32500000 0.00000000 
168.37500000 0.00000000 
168.42500000 0.00000000 
168.47500000 0.00000000 
168.52500000 0.00000000 
168.57500000 0.00000000 
168.62500000 0.00000000 
168.67500000 0.00000000 
168.72500000 0.00000000 
168.77500000 0.00000000 
168.82500000 0.00000000 
168.87500000 0.00000000 
168.92500000 0.00000000 
168.97500000 0.00000000 
169.02500000 0.00000000 
169.07500000 0.00000000 
169.12500000 0.00000000 
169.17500000 0.00000000 
169.22500000 0.00000000 
169.27500000 0.00000000 
169.32500000 0.00000000 
169.37500000 0.00000000 
169.42500000 0.00000000 
169.47500000 0.00000000 
169.52500000 0.00000000 
169.57500000 0.00000000 
169.62500000 0.00000000 
169.67500000 0.00000000 
169.72500000 0.00000000 
169.77500000 0.00000000 
169.82500000 0.00000000 
169.87500000 0.00000000 
169.92500000 0.00000000 
169.97500000 0.00000000 
170.02500000 0.00000000 
170.07500000 0.00000000 
170.12500000 0.00000000 
170.17500000 0.00000000 
170.22500000 0.00000000 
170.27500000 0.00000000 
170.32500000 0.00000000 
170.37500000 0.00000000 
170.42500000 0.00000000 
170.47500000 0.00000000 
170.52500000 0.00000000 
170.57500000 0.00000000 
170.62500000 0.00000000 
170.67500000 0.00000000 
170.72500000 0.00000000 
170.77500000 0.00000000 
170.82500000 0.00000000 
170.87500000 0.00000000 
170.92500000 0.00000000 
170.97500000 0.00000000 
171.02500000 0.00000000 
171.07500000 0.00000000 
171.12500000 0.00000000 
171.17500000 0.00000000 
171.22500000 0.00000000 
171.27500000 0.00000000 
171.32500000 0.00000000 
171.37500000 0.00000000 
171.42500000 0.00000000 
171.47500000 0.00000000 
171.52500000 0.00000000 
171.57500000 0.00000000 
171.62500000 0.00000000 
171.67500000 0.00000000 
171.72500000 0.00000000 
171.77500000 0.00000000 
171.82500000 0.00000000 
171.87500000 0.00000000 
171.92500000 0.00000000 
171.97500000 0.00000000 
172.02500000 0.00000000 
172.07500000 0.00000000 
172.12500000 0.00000000 
172.17500000 0.00000000 
172.22500000 0.00000000 
172.27500000 0.00000000 
172.32500000 0.00000000 
172.37500000 0.00000000 
172.42500000 0.00000000 
172.47500000 0.00000000 
172.52500000 0.00000000 
172.57500000 0.00000000 
172.62500000 0.00000000 
172.67500000 0.00000000 
172.72500000 0.00000000 
172.77500000 0.00000000 
172.82500000 0.00000000 
172.87500000 0.00000000 
172.92500000 0.00000000 
172.97500000 0.00000000 
173.02500000 0.00000000 
173.07500000 0.00000000 
173.12500000 0.00000000 
173.17500000 0.00000000 
173.22500000 0.00000000 
173.27500000 0.00000000 
173.32500000 0.00000000 
173.37500000 0.00000000 
173.42500000 0.00000000 
173.47500000 0.00000000 
173.52500000 0.00000000 
173.57500000 0.00000000 
173.62500000 0.00000000 
173.67500000 0.00000000 
173.72500000 0.00000000 
173.77500000 0.00000000 
173.82500000 0.00000000 
173.87500000 0.00000000 
173.92500000 0.00000000 
173.97500000 0.00000000 
174.02500000 0.00000000 
174.07500000 0.00000000 
174.12500000 0.00000000 
174.17500000 0.00000000 
174.22500000 0.00000000 
174.27500000 0.00000000 
174.32500000 0.00000000 
174.37500000 0.00000000 
174.42500000 0.00000000 
174.47500000 0.00000000 
174.52500000 0.00000000 
174.57500000 0.00000000 
174.62500000 0.00000000 
174.67500000 0.00000000 
174.72500000 0.00000000 
174.77500000 0.00000000 
174.82500000 0.00000000 
174.87500000 0.00000000 
174.92500000 0.00000000 
174.97500000 0.00000000 
175.02500000 0.00000000 
175.07500000 0.00000000 
175.12500000 0.00000000 
175.17500000 0.00000000 
175.22500000 0.00000000 
175.27500000 0.00000000 
175.32500000 0.00000000 
175.37500000 0.00000000 
175.42500000 0.00000000 
175.47500000 0.00000000 
175.52500000 0.00000000 
175.57500000 0.00000000 
175.62500000 0.00000000 
175.67500000 0.00000000 
175.72500000 0.00000000 
175.77500000 0.00000000 
175.82500000 0.00000000 
175.87500000 0.00000000 
175.92500000 0.00000000 
175.97500000 0.00000000 
176.02500000 0.00000000 
176.07500000 0.00000000 
176.12500000 0.00000000 
176.17500000 0.00000000 
176.22500000 0.00000000 
176.27500000 0.00000000 
176.32500000 0.00000000 
176.37500000 0.00000000 
176.42500000 0.00000000 
176.47500000 0.00000000 
176.52500000 0.00000000 
176.57500000 0.00000000 
176.62500000 0.00000000 
176.67500000 0.00000000 
176.72500000 0.00000000 
176.77500000 0.00000000 
176.82500000 0.00000000 
176.87500000 0.00000000 
176.92500000 0.00000000 
176.97500000 0.00000000 
177.02500000 0.00000000 
177.07500000 0.00000000 
177.12500000 0.00000000 
177.17500000 0.00000000 
177.22500000 0.00000000 
177.27500000 0.00000000 
177.32500000 0.00000000 
177.37500000 0.00000000 
177.42500000 0.00000000 
177.47500000 0.00000000 
177.52500000 0.00000000 
177.57500000 0.00000000 
177.62500000 0.00000000 
177.67500000 0.00000000 
177.72500000 0.00000000 
177.77500000 0.00000000 
177.82500000 0.00000000 
177.87500000 0.00000000 
177.92500000 0.00000000 
177.97500000 0.00000000 
178.02500000 0.00000000 
178.07500000 0.00000000 
178.12500000 0.00000000 
178.17500000 0.00000000 
178.22500000 0.00000000 
178.27500000 0.00000000 
178.32500000 0.00000000 
178.37500000 0.00000000 
178.42500000 0.00000000 
178.47500000 0.00000000 
178.52500000 0.00000000 
178.57500000 0.00000000 
178.62500000 0.00000000 
178.67500000 0.00000000 
178.72500000 0.00000000 
178.77500000 0.00000000 
178.82500000 0.00000000 
178.87500000 0.00000000 
178.92500000 0.00000000 
178.97500000 0.00000000 
179.02500000 0.00000000 
179.07500000 0.00000000 
179.12500000 0.00000000 
179.17500000 0.00000000 
179.22500000 0.00000000 
179.27500000 0.00000000 
179.32500000 0.00000000 
179.37500000 0.00000000 
179.42500000 0.00000000 
179.47500000 0.00000000 
179.52500000 0.00000000 
179.57500000 0.00000000 
179.62500000 0.00000000 
179.67500000 0.00000000 
179.72500000 0.00000000 
179.77500000 0.00000000 
179.82500000 0.00000000 
179.87500000 0.00000000 
179.92500000 0.00000000 
179.97500000 0.00000000 
180.02500000 0.00000000 
180.07500000 0.00000000 
180.12500000 0.00000000 
180.17500000 0.00000000 
180.22500000 0.00000000 
180.27500000 0.00000000 
180.32500000 0.00000000 
180.37500000 0.00000000 
180.42500000 0.00000000 
180.47500000 0.00000000 
180.52500000 0.00000000 
180.57500000 0.00000000 
180.62500000 0.00000000 
180.67500000 0.00000000 
180.72500000 0.00000000 
180.77500000 0.00000000 
180.82500000 0.00000000 
180.87500000 0.00000000 
180.92500000 0.00000000 
180.97500000 0.00000000 
181.02500000 0.00000000 
181.07500000 0.00000000 
181.12500000 0.00000000 
181.17500000 0.00000000 
181.22500000 0.00000000 
181.27500000 0.00000000 
181.32500000 0.00000000 
181.37500000 0.00000000 
181.42500000 0.00000000 
181.47500000 0.00000000 
181.52500000 0.00000000 
181.57500000 0.00000000 
181.62500000 0.00000000 
181.67500000 0.00000000 
181.72500000 0.00000000 
181.77500000 0.00000000 
181.82500000 0.00000000 
181.87500000 0.00000000 
181.92500000 0.00000000 
181.97500000 0.00000000 
182.02500000 0.00000000 
182.07500000 0.00000000 
182.12500000 0.00000000 
182.17500000 0.00000000 
182.22500000 0.00000000 
182.27500000 0.00000000 
182.32500000 0.00000000 
182.37500000 0.00000000 
182.42500000 0.00000000 
182.47500000 0.00000000 
182.52500000 0.00000000 
182.57500000 0.00000000 
182.62500000 0.00000000 
182.67500000 0.00000000 
182.72500000 0.00000000 
182.77500000 0.00000000 
182.82500000 0.00000000 
182.87500000 0.00000000 
182.92500000 0.00000000 
182.97500000 0.00000000 
183.02500000 0.00000000 
183.07500000 0.00000000 
183.12500000 0.00000000 
183.17500000 0.00000000 
183.22500000 0.00000000 
183.27500000 0.00000000 
183.32500000 0.00000000 
183.37500000 0.00000000 
183.42500000 0.00000000 
183.47500000 0.00000000 
183.52500000 0.00000000 
183.57500000 0.00000000 
183.62500000 0.00000000 
183.67500000 0.00000000 
183.72500000 0.00000000 
183.77500000 0.00000000 
183.82500000 0.00000000 
183.87500000 0.00000000 
183.92500000 0.00000000 
183.97500000 0.00000000 
184.02500000 0.00000000 
184.07500000 0.00000000 
184.12500000 0.00000000 
184.17500000 0.00000000 
184.22500000 0.00000000 
184.27500000 0.00000000 
184.32500000 0.00000000 
184.37500000 0.00000000 
184.42500000 0.00000000 
184.47500000 0.00000000 
184.52500000 0.00000000 
184.57500000 0.00000000 
184.62500000 0.00000000 
184.67500000 0.00000000 
184.72500000 0.00000000 
184.77500000 0.00000000 
184.82500000 0.00000000 
184.87500000 0.00000000 
184.92500000 0.00000000 
184.97500000 0.00000000 
185.02500000 0.00000000 
185.07500000 0.00000000 
185.12500000 0.00000000 
185.17500000 0.00000000 
185.22500000 0.00000000 
185.27500000 0.00000000 
185.32500000 0.00000000 
185.37500000 0.00000000 
185.42500000 0.00000000 
185.47500000 0.00000000 
185.52500000 0.00000000 
185.57500000 0.00000000 
185.62500000 0.00000000 
185.67500000 0.00000000 
185.72500000 0.00000000 
185.77500000 0.00000000 
185.82500000 0.00000000 
185.87500000 0.00000000 
185.92500000 0.00000000 
185.97500000 0.00000000 
186.02500000 0.00000000 
186.07500000 0.00000000 
186.12500000 0.00000000 
186.17500000 0.00000000 
186.22500000 0.00000000 
186.27500000 0.00000000 
186.32500000 0.00000000 
186.37500000 0.00000000 
186.42500000 0.00000000 
186.47500000 0.00000000 
186.52500000 0.00000000 
186.57500000 0.00000000 
186.62500000 0.00000000 
186.67500000 0.00000000 
186.72500000 0.00000000 
186.77500000 0.00000000 
186.82500000 0.00000000 
186.87500000 0.00000000 
186.92500000 0.00000000 
186.97500000 0.00000000 
187.02500000 0.00000000 
187.07500000 0.00000000 
187.12500000 0.00000000 
187.17500000 0.00000000 
187.22500000 0.00000000 
187.27500000 0.00000000 
187.32500000 0.00000000 
187.37500000 0.00000000 
187.42500000 0.00000000 
187.47500000 0.00000000 
187.52500000 0.00000000 
187.57500000 0.00000000 
187.62500000 0.00000000 
187.67500000 0.00000000 
187.72500000 0.00000000 
187.77500000 0.00000000 
187.82500000 0.00000000 
187.87500000 0.00000000 
187.92500000 0.00000000 
187.97500000 0.00000000 
188.02500000 0.00000000 
188.07500000 0.00000000 
188.12500000 0.00000000 
188.17500000 0.00000000 
188.22500000 0.00000000 
188.27500000 0.00000000 
188.32500000 0.00000000 
188.37500000 0.00000000 
188.42500000 0.00000000 
188.47500000 0.00000000 
188.52500000 0.00000000 
188.57500000 0.00000000 
188.62500000 0.00000000 
188.67500000 0.00000000 
188.72500000 0.00000000 
188.77500000 0.00000000 
188.82500000 0.00000000 
188.87500000 0.00000000 
188.92500000 0.00000000 
188.97500000 0.00000000 
189.02500000 0.00000000 
189.07500000 0.00000000 
189.12500000 0.00000000 
189.17500000 0.00000000 
189.22500000 0.00000000 
189.27500000 0.00000000 
189.32500000 0.00000000 
189.37500000 0.00000000 
189.42500000 0.00000000 
189.47500000 0.00000000 
189.52500000 0.00000000 
189.57500000 0.00000000 
189.62500000 0.00000000 
189.67500000 0.00000000 
189.72500000 0.00000000 
189.77500000 0.00000000 
189.82500000 0.00000000 
189.87500000 0.00000000 
189.92500000 0.00000000 
189.97500000 0.00000000 
190.02500000 0.00000000 
190.07500000 0.00000000 
190.12500000 0.00000000 
190.17500000 0.00000000 
190.22500000 0.00000000 
190.27500000 0.00000000 
190.32500000 0.00000000 
190.37500000 0.00000000 
190.42500000 0.00000000 
190.47500000 0.00000000 
190.52500000 0.00000000 
190.57500000 0.00000000 
190.62500000 0.00000000 
190.67500000 0.00000000 
190.72500000 0.00000000 
190.77500000 0.00000000 
190.82500000 0.00000000 
190.87500000 0.00000000 
190.92500000 0.00000000 
190.97500000 0.00000000 
191.02500000 0.00000000 
191.07500000 0.00000000 
191.12500000 0.00000000 
191.17500000 0.00000000 
191.22500000 0.00000000 
191.27500000 0.00000000 
191.32500000 0.00000000 
191.37500000 0.00000000 
191.42500000 0.00000000 
191.47500000 0.00000000 
191.52500000 0.00000000 
191.57500000 0.00000000 
191.62500000 0.00000000 
191.67500000 0.00000000 
191.72500000 0.00000000 
191.77500000 0.00000000 
191.82500000 0.00000000 
191.87500000 0.00000000 
191.92500000 0.00000000 
191.97500000 0.00000000 
192.02500000 0.00000000 
192.07500000 0.00000000 
192.12500000 0.00000000 
192.17500000 0.00000000 
192.22500000 0.00000000 
192.27500000 0.00000000 
192.32500000 0.00000000 
192.37500000 0.00000000 
192.42500000 0.00000000 
192.47500000 0.00000000 
192.52500000 0.00000000 
192.57500000 0.00000000 
192.62500000 0.00000000 
192.67500000 0.00000000 
192.72500000 0.00000000 
192.77500000 0.00000000 
192.82500000 0.00000000 
192.87500000 0.00000000 
192.92500000 0.00000000 
192.97500000 0.00000000 
193.02500000 0.00000000 
193.07500000 0.00000000 
193.12500000 0.00000000 
193.17500000 0.00000000 
193.22500000 0.00000000 
193.27500000 0.00000000 
193.32500000 0.00000000 
193.37500000 0.00000000 
193.42500000 0.00000000 
193.47500000 0.00000000 
193.52500000 0.00000000 
193.57500000 0.00000000 
193.62500000 0.00000000 
193.67500000 0.00000000 
193.72500000 0.00000000 
193.77500000 0.00000000 
193.82500000 0.00000000 
193.87500000 0.00000000 
193.92500000 0.00000000 
193.97500000 0.00000000 
194.02500000 0.00000000 
194.07500000 0.00000000 
194.12500000 0.00000000 
194.17500000 0.00000000 
194.22500000 0.00000000 
194.27500000 0.00000000 
194.32500000 0.00000000 
194.37500000 0.00000000 
194.42500000 0.00000000 
194.47500000 0.00000000 
194.52500000 0.00000000 
194.57500000 0.00000000 
194.62500000 0.00000000 
194.67500000 0.00000000 
194.72500000 0.00000000 
194.77500000 0.00000000 
194.82500000 0.00000000 
194.87500000 0.00000000 
194.92500000 0.00000000 
194.97500000 0.00000000 
195.02500000 0.00000000 
195.07500000 0.00000000 
195.12500000 0.00000000 
195.17500000 0.00000000 
195.22500000 0.00000000 
195.27500000 0.00000000 
195.32500000 0.00000000 
195.37500000 0.00000000 
195.42500000 0.00000000 
195.47500000 0.00000000 
195.52500000 0.00000000 
195.57500000 0.00000000 
195.62500000 0.00000000 
195.67500000 0.00000000 
195.72500000 0.00000000 
195.77500000 0.00000000 
195.82500000 0.00000000 
195.87500000 0.00000000 
195.92500000 0.00000000 
195.97500000 0.00000000 
196.02500000 0.00000000 
196.07500000 0.00000000 
196.12500000 0.00000000 
196.17500000 0.00000000 
196.22500000 0.00000000 
196.27500000 0.00000000 
196.32500000 0.00000000 
196.37500000 0.00000000 
196.42500000 0.00000000 
196.47500000 0.00000000 
196.52500000 0.00000000 
196.57500000 0.00000000 
196.62500000 0.00000000 
196.67500000 0.00000000 
196.72500000 0.00000000 
196.77500000 0.00000000 
196.82500000 0.00000000 
196.87500000 0.00000000 
196.92500000 0.00000000 
196.97500000 0.00000000 
197.02500000 0.00000000 
197.07500000 0.00000000 
197.12500000 0.00000000 
197.17500000 0.00000000 
197.22500000 0.00000000 
197.27500000 0.00000000 
197.32500000 0.00000000 
197.37500000 0.00000000 
197.42500000 0.00000000 
197.47500000 0.00000000 
197.52500000 0.00000000 
197.57500000 0.00000000 
197.62500000 0.00000000 
197.67500000 0.00000000 
197.72500000 0.00000000 
197.77500000 0.00000000 
197.82500000 0.00000000 
197.87500000 0.00000000 
197.92500000 0.00000000 
197.97500000 0.00000000 
198.02500000 0.00000000 
198.07500000 0.00000000 
198.12500000 0.00000000 
198.17500000 0.00000000 
198.22500000 0.00000000 
198.27500000 0.00000000 
198.32500000 0.00000000 
198.37500000 0.00000000 
198.42500000 0.00000000 
198.47500000 0.00000000 
198.52500000 0.00000000 
198.57500000 0.00000000 
198.62500000 0.00000000 
198.67500000 0.00000000 
198.72500000 0.00000000 
198.77500000 0.00000000 
198.82500000 0.00000000 
198.87500000 0.00000000 
198.92500000 0.00000000 
198.97500000 0.00000000 
199.02500000 0.00000000 
199.07500000 0.00000000 
199.12500000 0.00000000 
199.17500000 0.00000000 
199.22500000 0.00000000 
199.27500000 0.00000000 
199.32500000 0.00000000 
199.37500000 0.00000000 
199.42500000 0.00000000 
199.47500000 0.00000000 
199.52500000 0.00000000 
199.57500000 0.00000000 
199.62500000 0.00000000 
199.67500000 0.00000000 
199.72500000 0.00000000 
199.77500000 0.00000000 
199.82500000 0.00000000 
199.87500000 0.00000000 
199.92500000 0.00000000 
199.97500000 0.00000000 
