0.02500000 0.00178272 
0.07500000 0.00356582 
0.12500000 0.00534969 
0.17500000 0.00713472 
0.22500000 0.00892127 
0.27500000 0.01070971 
0.32500000 0.01250042 
0.37500000 0.01429372 
0.42500000 0.01608996 
0.47500000 0.01788946 
0.52500000 0.01969252 
0.57500000 0.02149943 
0.62500000 0.02331046 
0.67500000 0.02512586 
0.72500000 0.02694585 
0.77500000 0.02877063 
0.82500000 0.03060038 
0.87500000 0.03243525 
0.92500000 0.03427535 
0.97500000 0.03612078 
1.02500000 0.03797160 
1.07500000 0.03982784 
1.12500000 0.04168949 
1.17500000 0.04355652 
1.22500000 0.04542886 
1.27500000 0.04730639 
1.32500000 0.04918898 
1.37500000 0.05107644 
1.42500000 0.05296855 
1.47500000 0.05486506 
1.52500000 0.05676568 
1.57500000 0.05867007 
1.62500000 0.06057785 
1.67500000 0.06248862 
1.72500000 0.06440192 
1.77500000 0.06631727 
1.82500000 0.06823413 
1.87500000 0.07015193 
1.92500000 0.07207006 
1.97500000 0.07398789 
2.02500000 0.07590472 
2.07500000 0.07781984 
2.12500000 0.07973248 
2.17500000 0.08164186 
2.22500000 0.08354714 
2.27500000 0.08544746 
2.32500000 0.08734192 
2.37500000 0.08922961 
2.42500000 0.09110955 
2.47500000 0.09298076 
2.52500000 0.09484222 
2.57500000 0.09669290 
2.62500000 0.09853172 
2.67500000 0.10035759 
2.72500000 0.10216939 
2.77500000 0.10396600 
2.82500000 0.10574626 
2.87500000 0.10750899 
2.92500000 0.10925303 
2.97500000 0.11097715 
3.02500000 0.11268017 
3.07500000 0.11436086 
3.12500000 0.11601800 
3.17500000 0.11765036 
3.22500000 0.11925670 
3.27500000 0.12083580 
3.32500000 0.12238642 
3.37500000 0.12390735 
3.42500000 0.12539735 
3.47500000 0.12685522 
3.52500000 0.12827975 
3.57500000 0.12966976 
3.62500000 0.13102407 
3.67500000 0.13234152 
3.72500000 0.13362098 
3.77500000 0.13486133 
3.82500000 0.13606148 
3.87500000 0.13722035 
3.92500000 0.13833691 
3.97500000 0.13941016 
4.02500000 0.14043909 
4.07500000 0.14142278 
4.12500000 0.14236032 
4.17500000 0.14325082 
4.22500000 0.14409345 
4.27500000 0.14488741 
4.32500000 0.14563197 
4.37500000 0.14632639 
4.42500000 0.14697002 
4.47500000 0.14756225 
4.52500000 0.14810248 
4.57500000 0.14859022 
4.62500000 0.14902496 
4.67500000 0.14940631 
4.72500000 0.14973387 
4.77500000 0.15000733 
4.82500000 0.15022643 
4.87500000 0.15039094 
4.92500000 0.15050070 
4.97500000 0.15055561 
5.02500000 0.15055561 
5.07500000 0.15050070 
5.12500000 0.15039094 
5.17500000 0.15022643 
5.22500000 0.15000733 
5.27500000 0.14973387 
5.32500000 0.14940631 
5.37500000 0.14902496 
5.42500000 0.14859022 
5.47500000 0.14810248 
5.52500000 0.14756225 
5.57500000 0.14697002 
5.62500000 0.14632639 
5.67500000 0.14563197 
5.72500000 0.14488741 
5.77500000 0.14409345 
5.82500000 0.14325082 
5.87500000 0.14236032 
5.92500000 0.14142278 
5.97500000 0.14043909 
6.02500000 0.13941016 
6.07500000 0.13833691 
6.12500000 0.13722035 
6.17500000 0.13606148 
6.22500000 0.13486133 
6.27500000 0.13362098 
6.32500000 0.13234152 
6.37500000 0.13102407 
6.42500000 0.12966976 
6.47500000 0.12827975 
6.52500000 0.12685522 
6.57500000 0.12539735 
6.62500000 0.12390735 
6.67500000 0.12238642 
6.72500000 0.12083580 
6.77500000 0.11925670 
6.82500000 0.11765036 
6.87500000 0.11601800 
6.92500000 0.11436086 
6.97500000 0.11268017 
7.02500000 0.11097715 
7.07500000 0.10925303 
7.12500000 0.10750899 
7.17500000 0.10574626 
7.22500000 0.10396600 
7.27500000 0.10216939 
7.32500000 0.10035759 
7.37500000 0.09853172 
7.42500000 0.09669290 
7.47500000 0.09484222 
7.52500000 0.09298076 
7.57500000 0.09110955 
7.62500000 0.08922961 
7.67500000 0.08734192 
7.72500000 0.08544746 
7.77500000 0.08354714 
7.82500000 0.08164186 
7.87500000 0.07973248 
7.92500000 0.07781984 
7.97500000 0.07590472 
8.02500000 0.07398789 
8.07500000 0.07207006 
8.12500000 0.07015193 
8.17500000 0.06823413 
8.22500000 0.06631727 
8.27500000 0.06440192 
8.32500000 0.06248862 
8.37500000 0.06057785 
8.42500000 0.05867007 
8.47500000 0.05676568 
8.52500000 0.05486506 
8.57500000 0.05296855 
8.62500000 0.05107644 
8.67500000 0.04918898 
8.72500000 0.04730639 
8.77500000 0.04542886 
8.82500000 0.04355652 
8.87500000 0.04168949 
8.92500000 0.03982784 
8.97500000 0.03797160 
9.02500000 0.03612078 
9.07500000 0.03427535 
9.12500000 0.03243525 
9.17500000 0.03060038 
9.22500000 0.02877063 
9.27500000 0.02694585 
9.32500000 0.02512586 
9.37500000 0.02331046 
9.42500000 0.02149943 
9.47500000 0.01969252 
9.52500000 0.01788946 
9.57500000 0.01608996 
9.62500000 0.01429372 
9.67500000 0.01250042 
9.72500000 0.01070971 
9.77500000 0.00892127 
9.82500000 0.00713472 
9.87500000 0.00534969 
9.92500000 0.00356582 
9.97500000 0.00178272 
