-9.97500000 0.00000000 
-9.92500000 0.00000000 
-9.87500000 0.00000000 
-9.82500000 0.00000000 
-9.77500000 0.00000000 
-9.72500000 0.00000001 
-9.67500000 0.00000001 
-9.62500000 0.00000001 
-9.57500000 0.00000001 
-9.52500000 0.00000001 
-9.47500000 0.00000002 
-9.42500000 0.00000002 
-9.37500000 0.00000003 
-9.32500000 0.00000004 
-9.27500000 0.00000005 
-9.22500000 0.00000006 
-9.17500000 0.00000007 
-9.12500000 0.00000009 
-9.07500000 0.00000011 
-9.02500000 0.00000013 
-8.97500000 0.00000016 
-8.92500000 0.00000020 
-8.87500000 0.00000024 
-8.82500000 0.00000030 
-8.77500000 0.00000036 
-8.72500000 0.00000045 
-8.67500000 0.00000055 
-8.62500000 0.00000067 
-8.57500000 0.00000082 
-8.52500000 0.00000101 
-8.47500000 0.00000123 
-8.42500000 0.00000150 
-8.37500000 0.00000182 
-8.32500000 0.00000221 
-8.27500000 0.00000267 
-8.22500000 0.00000321 
-8.17500000 0.00000387 
-8.12500000 0.00000464 
-8.07500000 0.00000557 
-8.02500000 0.00000666 
-7.97500000 0.00000797 
-7.92500000 0.00000953 
-7.87500000 0.00001138 
-7.82500000 0.00001358 
-7.77500000 0.00001619 
-7.72500000 0.00001927 
-7.67500000 0.00002291 
-7.62500000 0.00002718 
-7.57500000 0.00003218 
-7.52500000 0.00003803 
-7.47500000 0.00004485 
-7.42500000 0.00005279 
-7.37500000 0.00006202 
-7.32500000 0.00007275 
-7.27500000 0.00008522 
-7.22500000 0.00009970 
-7.17500000 0.00011650 
-7.12500000 0.00013598 
-7.07500000 0.00015851 
-7.02500000 0.00018452 
-6.97500000 0.00021448 
-6.92500000 0.00024888 
-6.87500000 0.00028830 
-6.82500000 0.00033336 
-6.77500000 0.00038477 
-6.72500000 0.00044335 
-6.67500000 0.00051003 
-6.62500000 0.00058585 
-6.57500000 0.00067200 
-6.52500000 0.00076979 
-6.47500000 0.00088063 
-6.42500000 0.00100604 
-6.37500000 0.00114764 
-6.32500000 0.00130715 
-6.27500000 0.00148643 
-6.22500000 0.00168748 
-6.17500000 0.00191249 
-6.12500000 0.00216393 
-6.07500000 0.00244451 
-6.02500000 0.00275726 
-5.97500000 0.00310548 
-5.92500000 0.00349270 
-5.87500000 0.00392267 
-5.82500000 0.00439924 
-5.77500000 0.00492637 
-5.72500000 0.00550817 
-5.67500000 0.00614889 
-5.62500000 0.00685303 
-5.57500000 0.00762545 
-5.52500000 0.00847147 
-5.47500000 0.00939680 
-5.42500000 0.01040759 
-5.37500000 0.01151025 
-5.32500000 0.01271129 
-5.27500000 0.01401714 
-5.22500000 0.01543412 
-5.17500000 0.01696834 
-5.12500000 0.01862589 
-5.07500000 0.02041298 
-5.02500000 0.02233612 
-4.97500000 0.02440226 
-4.92500000 0.02661875 
-4.87500000 0.02899310 
-4.82500000 0.03153266 
-4.77500000 0.03424427 
-4.72500000 0.03713392 
-4.67500000 0.04020668 
-4.62500000 0.04346682 
-4.57500000 0.04691809 
-4.52500000 0.05056416 
-4.47500000 0.05440884 
-4.42500000 0.05845609 
-4.37500000 0.06270971 
-4.32500000 0.06717278 
-4.27500000 0.07184700 
-4.22500000 0.07673217 
-4.17500000 0.08182612 
-4.12500000 0.08712490 
-4.07500000 0.09262350 
-4.02500000 0.09831644 
-3.97500000 0.10419826 
-3.92500000 0.11026354 
-3.87500000 0.11650627 
-3.82500000 0.12291907 
-3.77500000 0.12949219 
-3.72500000 0.13621307 
-3.67500000 0.14306646 
-3.62500000 0.15003514 
-3.57500000 0.15710110 
-3.52500000 0.16424651 
-3.47500000 0.17145419 
-3.42500000 0.17870728 
-3.37500000 0.18598825 
-3.32500000 0.19327769 
-3.27500000 0.20055346 
-3.22500000 0.20779065 
-3.17500000 0.21496245 
-3.12500000 0.22204170 
-3.07500000 0.22900237 
-3.02500000 0.23582043 
-2.97500000 0.24247370 
-2.92500000 0.24894074 
-2.87500000 0.25519937 
-2.82500000 0.26122559 
-2.77500000 0.26699343 
-2.72500000 0.27247606 
-2.67500000 0.27764761 
-2.62500000 0.28248495 
-2.57500000 0.28696872 
-2.52500000 0.29108297 
-2.47500000 0.29481383 
-2.42500000 0.29814773 
-2.37500000 0.30107023 
-2.32500000 0.30356603 
-2.27500000 0.30562030 
-2.22500000 0.30722064 
-2.17500000 0.30835887 
-2.12500000 0.30903160 
-2.07500000 0.30923943 
-2.02500000 0.30898512 
-1.97500000 0.30827179 
-1.92500000 0.30710191 
-1.87500000 0.30547773 
-1.82500000 0.30340293 
-1.77500000 0.30088443 
-1.72500000 0.29793364 
-1.67500000 0.29456624 
-1.62500000 0.29080066 
-1.57500000 0.28665607 
-1.52500000 0.28215085 
-1.47500000 0.27730225 
-1.42500000 0.27212738 
-1.37500000 0.26664494 
-1.32500000 0.26087658 
-1.27500000 0.25484706 
-1.22500000 0.24858331 
-1.17500000 0.24211246 
-1.12500000 0.23546029 
-1.07500000 0.22865051 
-1.02500000 0.22170535 
-0.97500000 0.21464691 
-0.92500000 0.20749848 
-0.87500000 0.20028494 
-0.82500000 0.19303204 
-0.77500000 0.18576494 
-0.72500000 0.17850676 
-0.67500000 0.17127793 
-0.62500000 0.16409660 
-0.57500000 0.15697978 
-0.52500000 0.14994445 
-0.47500000 0.14300801 
-0.42500000 0.13618783 
-0.37500000 0.12950013 
-0.32500000 0.12295891 
-0.27500000 0.11657549 
-0.22500000 0.11035893 
-0.17500000 0.10431692 
-0.12500000 0.09845669 
-0.07500000 0.09278542 
-0.02500000 0.08730984 
0.02500000 0.08203553 
0.07500000 0.07696619 
0.12500000 0.07210351 
0.17500000 0.06744752 
0.22500000 0.06299738 
0.27500000 0.05875198 
0.32500000 0.05471013 
0.37500000 0.05087032 
0.42500000 0.04723018 
0.47500000 0.04378612 
0.52500000 0.04053339 
0.57500000 0.03746640 
0.62500000 0.03457934 
0.67500000 0.03186651 
0.72500000 0.02932234 
0.77500000 0.02694123 
0.82500000 0.02471713 
0.87500000 0.02264347 
0.92500000 0.02071321 
0.97500000 0.01891921 
1.02500000 0.01725451 
1.07500000 0.01571248 
1.12500000 0.01428684 
1.17500000 0.01297137 
1.22500000 0.01175983 
1.27500000 0.01064585 
1.32500000 0.00962314 
1.37500000 0.00868561 
1.42500000 0.00782755 
1.47500000 0.00704362 
1.52500000 0.00632879 
1.57500000 0.00567821 
1.62500000 0.00508711 
1.67500000 0.00455087 
1.72500000 0.00406508 
1.77500000 0.00362564 
1.82500000 0.00322881 
1.87500000 0.00287112 
1.92500000 0.00254932 
1.97500000 0.00226033 
2.02500000 0.00200121 
2.07500000 0.00176918 
2.12500000 0.00156169 
2.17500000 0.00137644 
2.22500000 0.00121133 
2.27500000 0.00106446 
2.32500000 0.00093406 
2.37500000 0.00081846 
2.42500000 0.00071612 
2.47500000 0.00062564 
2.52500000 0.00054576 
2.57500000 0.00047534 
2.62500000 0.00041340 
2.67500000 0.00035902 
2.72500000 0.00031134 
2.77500000 0.00026960 
2.82500000 0.00023311 
2.87500000 0.00020125 
2.92500000 0.00017347 
2.97500000 0.00014930 
3.02500000 0.00012832 
3.07500000 0.00011012 
3.12500000 0.00009438 
3.17500000 0.00008076 
3.22500000 0.00006899 
3.27500000 0.00005885 
3.32500000 0.00005013 
3.37500000 0.00004263 
3.42500000 0.00003621 
3.47500000 0.00003071 
3.52500000 0.00002600 
3.57500000 0.00002198 
3.62500000 0.00001856 
3.67500000 0.00001564 
3.72500000 0.00001316 
3.77500000 0.00001107 
3.82500000 0.00000929 
3.87500000 0.00000778 
3.92500000 0.00000651 
3.97500000 0.00000544 
4.02500000 0.00000454 
4.07500000 0.00000378 
4.12500000 0.00000315 
4.17500000 0.00000262 
4.22500000 0.00000217 
4.27500000 0.00000180 
4.32500000 0.00000149 
4.37500000 0.00000123 
4.42500000 0.00000102 
4.47500000 0.00000084 
4.52500000 0.00000069 
4.57500000 0.00000057 
4.62500000 0.00000047 
4.67500000 0.00000038 
4.72500000 0.00000031 
4.77500000 0.00000026 
4.82500000 0.00000021 
4.87500000 0.00000017 
4.92500000 0.00000014 
4.97500000 0.00000011 
5.02500000 0.00000009 
5.07500000 0.00000008 
5.12500000 0.00000006 
5.17500000 0.00000005 
5.22500000 0.00000004 
5.27500000 0.00000003 
5.32500000 0.00000003 
5.37500000 0.00000002 
5.42500000 0.00000002 
5.47500000 0.00000001 
5.52500000 0.00000001 
5.57500000 0.00000001 
5.62500000 0.00000001 
5.67500000 0.00000001 
5.72500000 0.00000001 
5.77500000 0.00000000 
5.82500000 0.00000000 
5.87500000 0.00000000 
5.92500000 0.00000000 
5.97500000 0.00000000 
6.02500000 0.00000000 
6.07500000 0.00000000 
6.12500000 0.00000000 
6.17500000 0.00000000 
6.22500000 0.00000000 
6.27500000 0.00000000 
6.32500000 0.00000000 
6.37500000 0.00000000 
6.42500000 0.00000000 
6.47500000 0.00000000 
6.52500000 0.00000000 
6.57500000 0.00000000 
6.62500000 0.00000000 
6.67500000 0.00000000 
6.72500000 0.00000000 
6.77500000 0.00000000 
6.82500000 0.00000000 
6.87500000 0.00000000 
6.92500000 0.00000000 
6.97500000 0.00000000 
7.02500000 0.00000000 
7.07500000 0.00000000 
7.12500000 0.00000000 
7.17500000 0.00000000 
7.22500000 0.00000000 
7.27500000 0.00000000 
7.32500000 0.00000000 
7.37500000 0.00000000 
7.42500000 0.00000000 
7.47500000 0.00000000 
7.52500000 0.00000000 
7.57500000 0.00000000 
7.62500000 0.00000000 
7.67500000 0.00000000 
7.72500000 0.00000000 
7.77500000 0.00000000 
7.82500000 0.00000000 
7.87500000 0.00000000 
7.92500000 0.00000000 
7.97500000 0.00000000 
8.02500000 0.00000000 
8.07500000 0.00000000 
8.12500000 0.00000000 
8.17500000 0.00000000 
8.22500000 0.00000000 
8.27500000 0.00000000 
8.32500000 0.00000000 
8.37500000 0.00000000 
8.42500000 0.00000000 
8.47500000 0.00000000 
8.52500000 0.00000000 
8.57500000 0.00000000 
8.62500000 0.00000000 
8.67500000 0.00000000 
8.72500000 0.00000000 
8.77500000 0.00000000 
8.82500000 0.00000000 
8.87500000 0.00000000 
8.92500000 0.00000000 
8.97500000 0.00000000 
9.02500000 0.00000000 
9.07500000 0.00000000 
9.12500000 0.00000000 
9.17500000 0.00000000 
9.22500000 0.00000000 
9.27500000 0.00000000 
9.32500000 0.00000000 
9.37500000 0.00000000 
9.42500000 0.00000000 
9.47500000 0.00000000 
9.52500000 0.00000000 
9.57500000 0.00000000 
9.62500000 0.00000000 
9.67500000 0.00000000 
9.72500000 0.00000000 
9.77500000 0.00000000 
9.82500000 0.00000000 
9.87500000 0.00000000 
9.92500000 0.00000000 
9.97500000 0.00000000 
