-9.97500000 0.00000000 
-9.92500000 0.00000000 
-9.87500000 0.00000000 
-9.82500000 0.00000000 
-9.77500000 0.00000000 
-9.72500000 0.00000000 
-9.67500000 0.00000000 
-9.62500000 0.00000000 
-9.57500000 0.00000000 
-9.52500000 0.00000000 
-9.47500000 0.00000000 
-9.42500000 0.00000000 
-9.37500000 0.00000000 
-9.32500000 0.00000000 
-9.27500000 0.00000000 
-9.22500000 0.00000000 
-9.17500000 0.00000000 
-9.12500000 0.00000000 
-9.07500000 0.00000000 
-9.02500000 0.00000000 
-8.97500000 0.00000000 
-8.92500000 0.00000000 
-8.87500000 0.00000000 
-8.82500000 0.00000000 
-8.77500000 0.00000000 
-8.72500000 0.00000000 
-8.67500000 0.00000000 
-8.62500000 0.00000000 
-8.57500000 0.00000000 
-8.52500000 0.00000000 
-8.47500000 0.00000000 
-8.42500000 0.00000000 
-8.37500000 0.00000000 
-8.32500000 0.00000000 
-8.27500000 0.00000000 
-8.22500000 0.00000000 
-8.17500000 0.00000000 
-8.12500000 0.00000000 
-8.07500000 0.00000000 
-8.02500000 0.00000000 
-7.97500000 0.00000000 
-7.92500000 0.00000000 
-7.87500000 0.00000000 
-7.82500000 0.00000000 
-7.77500000 0.00000000 
-7.72500000 0.00000000 
-7.67500000 0.00000000 
-7.62500000 0.00000000 
-7.57500000 0.00000000 
-7.52500000 0.00000000 
-7.47500000 0.00000000 
-7.42500000 0.00000000 
-7.37500000 0.00000000 
-7.32500000 0.00000000 
-7.27500000 0.00000000 
-7.22500000 0.00000000 
-7.17500000 0.00000000 
-7.12500000 0.00000000 
-7.07500000 0.00000000 
-7.02500000 0.00000000 
-6.97500000 0.00000000 
-6.92500000 0.00000000 
-6.87500000 0.00000000 
-6.82500000 0.00000000 
-6.77500000 0.00000000 
-6.72500000 0.00000000 
-6.67500000 0.00000000 
-6.62500000 0.00000000 
-6.57500000 0.00000000 
-6.52500000 0.00000000 
-6.47500000 0.00000000 
-6.42500000 0.00000000 
-6.37500000 0.00000000 
-6.32500000 0.00000000 
-6.27500000 0.00000000 
-6.22500000 0.00000000 
-6.17500000 0.00000000 
-6.12500000 0.00000000 
-6.07500000 0.00000000 
-6.02500000 0.00000000 
-5.97500000 0.00000000 
-5.92500000 0.00000000 
-5.87500000 0.00000000 
-5.82500000 0.00000000 
-5.77500000 0.00000000 
-5.72500000 0.00000000 
-5.67500000 0.00000000 
-5.62500000 0.00000000 
-5.57500000 0.00000000 
-5.52500000 0.00000000 
-5.47500000 0.00000000 
-5.42500000 0.00000000 
-5.37500000 0.00000000 
-5.32500000 0.00000000 
-5.27500000 0.00000000 
-5.22500000 0.00000000 
-5.17500000 0.00000000 
-5.12500000 0.00000000 
-5.07500000 0.00000000 
-5.02500000 0.00000000 
-4.97500000 0.00000000 
-4.92500000 0.00000000 
-4.87500000 0.00000000 
-4.82500000 0.00000000 
-4.77500000 0.00000000 
-4.72500000 0.00000000 
-4.67500000 0.00000000 
-4.62500000 0.00000000 
-4.57500000 0.00000000 
-4.52500000 0.00000000 
-4.47500000 0.00000000 
-4.42500000 0.00000000 
-4.37500000 0.00000000 
-4.32500000 0.00000000 
-4.27500000 0.00000000 
-4.22500000 0.00000000 
-4.17500000 0.00000000 
-4.12500000 0.00000000 
-4.07500000 0.00000000 
-4.02500000 0.00000000 
-3.97500000 0.00000000 
-3.92500000 0.00000000 
-3.87500000 0.00000000 
-3.82500000 0.00000000 
-3.77500000 0.00000000 
-3.72500000 0.00000000 
-3.67500000 0.00000000 
-3.62500000 0.00000000 
-3.57500000 0.00000000 
-3.52500000 0.00000000 
-3.47500000 0.00000000 
-3.42500000 0.00000000 
-3.37500000 0.00000000 
-3.32500000 0.00000000 
-3.27500000 0.00000000 
-3.22500000 0.00000000 
-3.17500000 0.00000000 
-3.12500000 0.00000000 
-3.07500000 0.00000000 
-3.02500000 0.00000000 
-2.97500000 0.00000000 
-2.92500000 0.00000000 
-2.87500000 0.00000000 
-2.82500000 0.00000000 
-2.77500000 0.00000000 
-2.72500000 0.00000000 
-2.67500000 0.00000000 
-2.62500000 0.00000000 
-2.57500000 0.00000000 
-2.52500000 0.00000000 
-2.47500000 0.00000000 
-2.42500000 0.00000000 
-2.37500000 0.00000000 
-2.32500000 0.00000000 
-2.27500000 0.00000000 
-2.22500000 0.00000000 
-2.17500000 0.00000000 
-2.12500000 0.00000000 
-2.07500000 0.00000000 
-2.02500000 0.00000000 
-1.97500000 0.00000000 
-1.92500000 0.00000000 
-1.87500000 0.00000000 
-1.82500000 0.00000000 
-1.77500000 0.00000000 
-1.72500000 0.00000000 
-1.67500000 0.00000000 
-1.62500000 0.00000000 
-1.57500000 0.00000000 
-1.52500000 0.00000000 
-1.47500000 0.00000000 
-1.42500000 0.00000000 
-1.37500000 0.00000000 
-1.32500000 0.00000001 
-1.27500000 0.00000001 
-1.22500000 0.00000001 
-1.17500000 0.00000002 
-1.12500000 0.00000003 
-1.07500000 0.00000005 
-1.02500000 0.00000007 
-0.97500000 0.00000009 
-0.92500000 0.00000013 
-0.87500000 0.00000018 
-0.82500000 0.00000026 
-0.77500000 0.00000038 
-0.72500000 0.00000055 
-0.67500000 0.00000078 
-0.62500000 0.00000105 
-0.57500000 0.00000142 
-0.52500000 0.00000193 
-0.47500000 0.00000265 
-0.42500000 0.00000365 
-0.37500000 0.00000498 
-0.32500000 0.00000671 
-0.27500000 0.00000892 
-0.22500000 0.00001176 
-0.17500000 0.00001550 
-0.12500000 0.00002044 
-0.07500000 0.00002694 
-0.02500000 0.00003535 
0.02500000 0.00004604 
0.07500000 0.00005951 
0.12500000 0.00007645 
0.17500000 0.00009783 
0.22500000 0.00012488 
0.27500000 0.00015905 
0.32500000 0.00020185 
0.37500000 0.00025496 
0.42500000 0.00032031 
0.47500000 0.00040032 
0.52500000 0.00049813 
0.57500000 0.00061762 
0.62500000 0.00076332 
0.67500000 0.00094019 
0.72500000 0.00115360 
0.77500000 0.00140939 
0.82500000 0.00171429 
0.87500000 0.00207631 
0.92500000 0.00250501 
0.97500000 0.00301140 
1.02500000 0.00360765 
1.07500000 0.00430664 
1.12500000 0.00512191 
1.17500000 0.00606788 
1.22500000 0.00716042 
1.27500000 0.00841746 
1.32500000 0.00985905 
1.37500000 0.01150710 
1.42500000 0.01338454 
1.47500000 0.01551459 
1.52500000 0.01792041 
1.57500000 0.02062528 
1.62500000 0.02365328 
1.67500000 0.02702984 
1.72500000 0.03078173 
1.77500000 0.03493641 
1.82500000 0.03952067 
1.87500000 0.04455933 
1.92500000 0.05007433 
1.97500000 0.05608467 
2.02500000 0.06260692 
2.07500000 0.06965590 
2.12500000 0.07724483 
2.17500000 0.08538469 
2.22500000 0.09408277 
2.27500000 0.10334097 
2.32500000 0.11315445 
2.37500000 0.12351113 
2.42500000 0.13439218 
2.47500000 0.14577297 
2.52500000 0.15762406 
2.57500000 0.16991149 
2.62500000 0.18259625 
2.67500000 0.19563316 
2.72500000 0.20896966 
2.77500000 0.22254526 
2.82500000 0.23629188 
2.87500000 0.25013524 
2.92500000 0.26399671 
2.97500000 0.27779517 
3.02500000 0.29144822 
3.07500000 0.30487263 
3.12500000 0.31798410 
3.17500000 0.33069687 
3.22500000 0.34292376 
3.27500000 0.35457694 
3.32500000 0.36556950 
3.37500000 0.37581763 
3.42500000 0.38524274 
3.47500000 0.39377315 
3.52500000 0.40134505 
3.57500000 0.40790264 
3.62500000 0.41339775 
3.67500000 0.41778949 
3.72500000 0.42104410 
3.77500000 0.42313546 
3.82500000 0.42404603 
3.87500000 0.42376793 
3.92500000 0.42230396 
3.97500000 0.41966805 
4.02500000 0.41588506 
4.07500000 0.41098994 
4.12500000 0.40502652 
4.17500000 0.39804610 
4.22500000 0.39010636 
4.27500000 0.38127047 
4.32500000 0.37160662 
4.37500000 0.36118766 
4.42500000 0.35009080 
4.47500000 0.33839706 
4.52500000 0.32619042 
4.57500000 0.31355665 
4.62500000 0.30058200 
4.67500000 0.28735175 
4.72500000 0.27394907 
4.77500000 0.26045396 
4.82500000 0.24694265 
4.87500000 0.23348712 
4.92500000 0.22015493 
4.97500000 0.20700901 
5.02500000 0.19410752 
5.07500000 0.18150363 
5.12500000 0.16924521 
5.17500000 0.15737457 
5.22500000 0.14592820 
5.27500000 0.13493664 
5.32500000 0.12442446 
5.37500000 0.11441037 
5.42500000 0.10490754 
5.47500000 0.09592390 
5.52500000 0.08746260 
5.57500000 0.07952239 
5.62500000 0.07209811 
5.67500000 0.06518106 
5.72500000 0.05875947 
5.77500000 0.05281882 
5.82500000 0.04734229 
5.87500000 0.04231114 
5.92500000 0.03770506 
5.97500000 0.03350259 
6.02500000 0.02968144 
6.07500000 0.02621883 
6.12500000 0.02309180 
6.17500000 0.02027743 
6.22500000 0.01775308 
6.27500000 0.01549660 
6.32500000 0.01348644 
6.37500000 0.01170180 
6.42500000 0.01012276 
6.47500000 0.00873034 
6.52500000 0.00750661 
6.57500000 0.00643469 
6.62500000 0.00549887 
6.67500000 0.00468455 
6.72500000 0.00397828 
6.77500000 0.00336777 
6.82500000 0.00284178 
6.87500000 0.00239015 
6.92500000 0.00200371 
6.97500000 0.00167420 
7.02500000 0.00139425 
7.07500000 0.00115727 
7.12500000 0.00095740 
7.17500000 0.00078945 
7.22500000 0.00064884 
7.27500000 0.00053154 
7.32500000 0.00043405 
7.37500000 0.00035329 
7.42500000 0.00028661 
7.47500000 0.00023174 
7.52500000 0.00018674 
7.57500000 0.00014994 
7.62500000 0.00011995 
7.67500000 0.00009559 
7.72500000 0.00007587 
7.77500000 0.00005997 
7.82500000 0.00004720 
7.87500000 0.00003699 
7.92500000 0.00002887 
7.97500000 0.00002244 
8.02500000 0.00001737 
8.07500000 0.00001340 
8.12500000 0.00001030 
8.17500000 0.00000789 
8.22500000 0.00000602 
8.27500000 0.00000458 
8.32500000 0.00000347 
8.37500000 0.00000262 
8.42500000 0.00000197 
8.47500000 0.00000147 
8.52500000 0.00000109 
8.57500000 0.00000081 
8.62500000 0.00000059 
8.67500000 0.00000043 
8.72500000 0.00000031 
8.77500000 0.00000023 
8.82500000 0.00000016 
8.87500000 0.00000012 
8.92500000 0.00000008 
8.97500000 0.00000006 
9.02500000 0.00000005 
9.07500000 0.00000003 
9.12500000 0.00000003 
9.17500000 0.00000002 
9.22500000 0.00000002 
9.27500000 0.00000001 
9.32500000 0.00000001 
9.37500000 0.00000001 
9.42500000 0.00000001 
9.47500000 0.00000000 
9.52500000 0.00000000 
9.57500000 0.00000000 
9.62500000 0.00000000 
9.67500000 0.00000000 
9.72500000 0.00000000 
9.77500000 0.00000000 
9.82500000 0.00000000 
9.87500000 0.00000000 
9.92500000 0.00000000 
9.97500000 0.00000000 
