0.02500000 0.99999997 
0.07500000 0.99999994 
0.12500000 0.99999991 
0.17500000 0.99999988 
0.22500000 0.99999985 
0.27500000 0.99999982 
0.32500000 0.99999979 
0.37500000 0.99999975 
0.42500000 0.99999972 
0.47500000 0.99999969 
0.52500000 0.99999966 
0.57500000 0.99999963 
0.62500000 0.99999960 
0.67500000 0.99999957 
0.72500000 0.99999954 
0.77500000 0.99999951 
0.82500000 0.99999948 
0.87500000 0.99999945 
0.92500000 0.99999941 
0.97500000 0.99999938 
1.02500000 0.99999935 
1.07500000 0.99999932 
1.12500000 0.99999929 
1.17500000 0.99999926 
1.22500000 0.99999922 
1.27500000 0.99999919 
1.32500000 0.99999916 
1.37500000 0.99999913 
1.42500000 0.99999910 
1.47500000 0.99999906 
1.52500000 0.99999903 
1.57500000 0.99999900 
1.62500000 0.99999896 
1.67500000 0.99999893 
1.72500000 0.99999890 
1.77500000 0.99999886 
1.82500000 0.99999883 
1.87500000 0.99999880 
1.92500000 0.99999876 
1.97500000 0.99999873 
2.02500000 0.99999869 
2.07500000 0.99999866 
2.12500000 0.99999863 
2.17500000 0.99999859 
2.22500000 0.99999856 
2.27500000 0.99999852 
2.32500000 0.99999848 
2.37500000 0.99999845 
2.42500000 0.99999841 
2.47500000 0.99999838 
2.52500000 0.99999834 
2.57500000 0.99999830 
2.62500000 0.99999827 
2.67500000 0.99999823 
2.72500000 0.99999819 
2.77500000 0.99999815 
2.82500000 0.99999812 
2.87500000 0.99999808 
2.92500000 0.99999804 
2.97500000 0.99999800 
3.02500000 0.99999796 
3.07500000 0.99999792 
3.12500000 0.99999788 
3.17500000 0.99999784 
3.22500000 0.99999780 
3.27500000 0.99999776 
3.32500000 0.99999772 
3.37500000 0.99999768 
3.42500000 0.99999764 
3.47500000 0.99999759 
3.52500000 0.99999755 
3.57500000 0.99999751 
3.62500000 0.99999746 
3.67500000 0.99999742 
3.72500000 0.99999738 
3.77500000 0.99999733 
3.82500000 0.99999729 
3.87500000 0.99999724 
3.92500000 0.99999720 
3.97500000 0.99999715 
4.02500000 0.99999710 
4.07500000 0.99999706 
4.12500000 0.99999701 
4.17500000 0.99999696 
4.22500000 0.99999691 
4.27500000 0.99999686 
4.32500000 0.99999681 
4.37500000 0.99999676 
4.42500000 0.99999671 
4.47500000 0.99999666 
4.52500000 0.99999661 
4.57500000 0.99999656 
4.62500000 0.99999650 
4.67500000 0.99999645 
4.72500000 0.99999640 
4.77500000 0.99999634 
4.82500000 0.99999629 
4.87500000 0.99999623 
4.92500000 0.99999618 
4.97500000 0.99999612 
5.02500000 0.99999606 
5.07500000 0.99999600 
5.12500000 0.99999594 
5.17500000 0.99999589 
5.22500000 0.99999582 
5.27500000 0.99999576 
5.32500000 0.99999570 
5.37500000 0.99999564 
5.42500000 0.99999558 
5.47500000 0.99999551 
5.52500000 0.99999545 
5.57500000 0.99999538 
5.62500000 0.99999532 
5.67500000 0.99999525 
5.72500000 0.99999518 
5.77500000 0.99999512 
5.82500000 0.99999505 
5.87500000 0.99999498 
5.92500000 0.99999491 
5.97500000 0.99999483 
6.02500000 0.99999476 
6.07500000 0.99999469 
6.12500000 0.99999461 
6.17500000 0.99999454 
6.22500000 0.99999446 
6.27500000 0.99999439 
6.32500000 0.99999431 
6.37500000 0.99999423 
6.42500000 0.99999415 
6.47500000 0.99999407 
6.52500000 0.99999399 
6.57500000 0.99999390 
6.62500000 0.99999382 
6.67500000 0.99999374 
6.72500000 0.99999365 
6.77500000 0.99999356 
6.82500000 0.99999347 
6.87500000 0.99999338 
6.92500000 0.99999329 
6.97500000 0.99999320 
7.02500000 0.99999311 
7.07500000 0.99999301 
7.12500000 0.99999292 
7.17500000 0.99999282 
7.22500000 0.99999272 
7.27500000 0.99999263 
7.32500000 0.99999253 
7.37500000 0.99999242 
7.42500000 0.99999232 
7.47500000 0.99999222 
7.52500000 0.99999211 
7.57500000 0.99999200 
7.62500000 0.99999190 
7.67500000 0.99999179 
7.72500000 0.99999167 
7.77500000 0.99999156 
7.82500000 0.99999145 
7.87500000 0.99999133 
7.92500000 0.99999121 
7.97500000 0.99999109 
8.02500000 0.99999097 
8.07500000 0.99999085 
8.12500000 0.99999073 
8.17500000 0.99999060 
8.22500000 0.99999047 
8.27500000 0.99999035 
8.32500000 0.99999021 
8.37500000 0.99999008 
8.42500000 0.99998995 
8.47500000 0.99998981 
8.52500000 0.99998967 
8.57500000 0.99998953 
8.62500000 0.99998939 
8.67500000 0.99998925 
8.72500000 0.99998910 
8.77500000 0.99998896 
8.82500000 0.99998881 
8.87500000 0.99998865 
8.92500000 0.99998850 
8.97500000 0.99998834 
9.02500000 0.99998819 
9.07500000 0.99998803 
9.12500000 0.99998786 
9.17500000 0.99998770 
9.22500000 0.99998753 
9.27500000 0.99998736 
9.32500000 0.99998719 
9.37500000 0.99998702 
9.42500000 0.99998684 
9.47500000 0.99998666 
9.52500000 0.99998648 
9.57500000 0.99998630 
9.62500000 0.99998611 
9.67500000 0.99998592 
9.72500000 0.99998573 
9.77500000 0.99998554 
9.82500000 0.99998534 
9.87500000 0.99998514 
9.92500000 0.99998494 
9.97500000 0.99998473 
10.02500000 0.99998452 
10.07500000 0.99998431 
10.12500000 0.99998410 
10.17500000 0.99998388 
10.22500000 0.99998366 
10.27500000 0.99998343 
10.32500000 0.99998321 
10.37500000 0.99998298 
10.42500000 0.99998274 
10.47500000 0.99998251 
10.52500000 0.99998227 
10.57500000 0.99998202 
10.62500000 0.99998178 
10.67500000 0.99998153 
10.72500000 0.99998127 
10.77500000 0.99998102 
10.82500000 0.99998075 
10.87500000 0.99998049 
10.92500000 0.99998022 
10.97500000 0.99997995 
11.02500000 0.99997967 
11.07500000 0.99997939 
11.12500000 0.99997911 
11.17500000 0.99997882 
11.22500000 0.99997852 
11.27500000 0.99997823 
11.32500000 0.99997793 
11.37500000 0.99997762 
11.42500000 0.99997731 
11.47500000 0.99997700 
11.52500000 0.99997668 
11.57500000 0.99997635 
11.62500000 0.99997602 
11.67500000 0.99997569 
11.72500000 0.99997535 
11.77500000 0.99997501 
11.82500000 0.99997466 
11.87500000 0.99997431 
11.92500000 0.99997395 
11.97500000 0.99997359 
12.02500000 0.99997322 
12.07500000 0.99997284 
12.12500000 0.99997246 
12.17500000 0.99997208 
12.22500000 0.99997169 
12.27500000 0.99997129 
12.32500000 0.99997089 
12.37500000 0.99997048 
12.42500000 0.99997007 
12.47500000 0.99996965 
12.52500000 0.99996922 
12.57500000 0.99996879 
12.62500000 0.99996835 
12.67500000 0.99996790 
12.72500000 0.99996745 
12.77500000 0.99996699 
12.82500000 0.99996652 
12.87500000 0.99996605 
12.92500000 0.99996557 
12.97500000 0.99996509 
13.02500000 0.99996459 
13.07500000 0.99996409 
13.12500000 0.99996358 
13.17500000 0.99996306 
13.22500000 0.99996254 
13.27500000 0.99996201 
13.32500000 0.99996147 
13.37500000 0.99996092 
13.42500000 0.99996036 
13.47500000 0.99995980 
13.52500000 0.99995923 
13.57500000 0.99995865 
13.62500000 0.99995805 
13.67500000 0.99995746 
13.72500000 0.99995685 
13.77500000 0.99995623 
13.82500000 0.99995560 
13.87500000 0.99995497 
13.92500000 0.99995432 
13.97500000 0.99995367 
14.02500000 0.99995300 
14.07500000 0.99995233 
14.12500000 0.99995164 
14.17500000 0.99995095 
14.22500000 0.99995024 
14.27500000 0.99994952 
14.32500000 0.99994880 
14.37500000 0.99994806 
14.42500000 0.99994731 
14.47500000 0.99994655 
14.52500000 0.99994577 
14.57500000 0.99994499 
14.62500000 0.99994419 
14.67500000 0.99994338 
14.72500000 0.99994256 
14.77500000 0.99994173 
14.82500000 0.99994088 
14.87500000 0.99994002 
14.92500000 0.99993915 
14.97500000 0.99993826 
15.02500000 0.99993737 
15.07500000 0.99993645 
15.12500000 0.99993553 
15.17500000 0.99993458 
15.22500000 0.99993363 
15.27500000 0.99993266 
15.32500000 0.99993167 
15.37500000 0.99993067 
15.42500000 0.99992966 
15.47500000 0.99992863 
15.52500000 0.99992758 
15.57500000 0.99992652 
15.62500000 0.99992544 
15.67500000 0.99992434 
15.72500000 0.99992323 
15.77500000 0.99992210 
15.82500000 0.99992095 
15.87500000 0.99991978 
15.92500000 0.99991860 
15.97500000 0.99991740 
16.02500000 0.99991617 
16.07500000 0.99991493 
16.12500000 0.99991368 
16.17500000 0.99991240 
16.22500000 0.99991110 
16.27500000 0.99990978 
16.32500000 0.99990844 
16.37500000 0.99990708 
16.42500000 0.99990570 
16.47500000 0.99990430 
16.52500000 0.99990287 
16.57500000 0.99990143 
16.62500000 0.99989996 
16.67500000 0.99989846 
16.72500000 0.99989695 
16.77500000 0.99989541 
16.82500000 0.99989384 
16.87500000 0.99989226 
16.92500000 0.99989064 
16.97500000 0.99988900 
17.02500000 0.99988734 
17.07500000 0.99988565 
17.12500000 0.99988393 
17.17500000 0.99988219 
17.22500000 0.99988042 
17.27500000 0.99987862 
17.32500000 0.99987679 
17.37500000 0.99987494 
17.42500000 0.99987305 
17.47500000 0.99987113 
17.52500000 0.99986919 
17.57500000 0.99986721 
17.62500000 0.99986520 
17.67500000 0.99986316 
17.72500000 0.99986109 
17.77500000 0.99985899 
17.82500000 0.99985685 
17.87500000 0.99985468 
17.92500000 0.99985247 
17.97500000 0.99985023 
18.02500000 0.99984795 
18.07500000 0.99984564 
18.12500000 0.99984329 
18.17500000 0.99984090 
18.22500000 0.99983848 
18.27500000 0.99983601 
18.32500000 0.99983351 
18.37500000 0.99983097 
18.42500000 0.99982838 
18.47500000 0.99982576 
18.52500000 0.99982309 
18.57500000 0.99982038 
18.62500000 0.99981763 
18.67500000 0.99981483 
18.72500000 0.99981199 
18.77500000 0.99980910 
18.82500000 0.99980617 
18.87500000 0.99980319 
18.92500000 0.99980016 
18.97500000 0.99979708 
19.02500000 0.99979396 
19.07500000 0.99979078 
19.12500000 0.99978755 
19.17500000 0.99978427 
19.22500000 0.99978094 
19.27500000 0.99977755 
19.32500000 0.99977411 
19.37500000 0.99977062 
19.42500000 0.99976707 
19.47500000 0.99976346 
19.52500000 0.99975979 
19.57500000 0.99975606 
19.62500000 0.99975227 
19.67500000 0.99974842 
19.72500000 0.99974451 
19.77500000 0.99974054 
19.82500000 0.99973650 
19.87500000 0.99973240 
19.92500000 0.99972823 
19.97500000 0.99972399 
20.02500000 0.99971968 
20.07500000 0.99971531 
20.12500000 0.99971086 
20.17500000 0.99970634 
20.22500000 0.99970175 
20.27500000 0.99969708 
20.32500000 0.99969234 
20.37500000 0.99968752 
20.42500000 0.99968262 
20.47500000 0.99967764 
20.52500000 0.99967258 
20.57500000 0.99966744 
20.62500000 0.99966221 
20.67500000 0.99965690 
20.72500000 0.99965150 
20.77500000 0.99964601 
20.82500000 0.99964044 
20.87500000 0.99963477 
20.92500000 0.99962901 
20.97500000 0.99962316 
21.02500000 0.99961721 
21.07500000 0.99961116 
21.12500000 0.99960502 
21.17500000 0.99959877 
21.22500000 0.99959242 
21.27500000 0.99958597 
21.32500000 0.99957941 
21.37500000 0.99957275 
21.42500000 0.99956597 
21.47500000 0.99955908 
21.52500000 0.99955209 
21.57500000 0.99954497 
21.62500000 0.99953774 
21.67500000 0.99953039 
21.72500000 0.99952292 
21.77500000 0.99951532 
21.82500000 0.99950761 
21.87500000 0.99949976 
21.92500000 0.99949178 
21.97500000 0.99948368 
22.02500000 0.99947544 
22.07500000 0.99946706 
22.12500000 0.99945855 
22.17500000 0.99944989 
22.22500000 0.99944109 
22.27500000 0.99943215 
22.32500000 0.99942306 
22.37500000 0.99941382 
22.42500000 0.99940443 
22.47500000 0.99939488 
22.52500000 0.99938517 
22.57500000 0.99937531 
22.62500000 0.99936527 
22.67500000 0.99935508 
22.72500000 0.99934471 
22.77500000 0.99933418 
22.82500000 0.99932346 
22.87500000 0.99931257 
22.92500000 0.99930150 
22.97500000 0.99929025 
23.02500000 0.99927881 
23.07500000 0.99926718 
23.12500000 0.99925536 
23.17500000 0.99924334 
23.22500000 0.99923112 
23.27500000 0.99921870 
23.32500000 0.99920607 
23.37500000 0.99919323 
23.42500000 0.99918018 
23.47500000 0.99916691 
23.52500000 0.99915342 
23.57500000 0.99913970 
23.62500000 0.99912576 
23.67500000 0.99911158 
23.72500000 0.99909717 
23.77500000 0.99908252 
23.82500000 0.99906762 
23.87500000 0.99905248 
23.92500000 0.99903708 
23.97500000 0.99902143 
24.02500000 0.99900551 
24.07500000 0.99898933 
24.12500000 0.99897288 
24.17500000 0.99895615 
24.22500000 0.99893914 
24.27500000 0.99892185 
24.32500000 0.99890427 
24.37500000 0.99888640 
24.42500000 0.99886823 
24.47500000 0.99884975 
24.52500000 0.99883097 
24.57500000 0.99881187 
24.62500000 0.99879245 
24.67500000 0.99877270 
24.72500000 0.99875262 
24.77500000 0.99873221 
24.82500000 0.99871146 
24.87500000 0.99869036 
24.92500000 0.99866890 
24.97500000 0.99864708 
25.02500000 0.99862490 
25.07500000 0.99860235 
25.12500000 0.99857941 
25.17500000 0.99855609 
25.22500000 0.99853239 
25.27500000 0.99850828 
25.32500000 0.99848376 
25.37500000 0.99845884 
25.42500000 0.99843350 
25.47500000 0.99840773 
25.52500000 0.99838152 
25.57500000 0.99835488 
25.62500000 0.99832779 
25.67500000 0.99830024 
25.72500000 0.99827223 
25.77500000 0.99824375 
25.82500000 0.99821478 
25.87500000 0.99818533 
25.92500000 0.99815539 
25.97500000 0.99812494 
26.02500000 0.99809397 
26.07500000 0.99806249 
26.12500000 0.99803047 
26.17500000 0.99799792 
26.22500000 0.99796481 
26.27500000 0.99793115 
26.32500000 0.99789692 
26.37500000 0.99786211 
26.42500000 0.99782672 
26.47500000 0.99779072 
26.52500000 0.99775412 
26.57500000 0.99771690 
26.62500000 0.99767906 
26.67500000 0.99764057 
26.72500000 0.99760144 
26.77500000 0.99756164 
26.82500000 0.99752117 
26.87500000 0.99748002 
26.92500000 0.99743817 
26.97500000 0.99739561 
27.02500000 0.99735234 
27.07500000 0.99730833 
27.12500000 0.99726358 
27.17500000 0.99721807 
27.22500000 0.99717179 
27.27500000 0.99712473 
27.32500000 0.99707688 
27.37500000 0.99702821 
27.42500000 0.99697872 
27.47500000 0.99692839 
27.52500000 0.99687721 
27.57500000 0.99682516 
27.62500000 0.99677223 
27.67500000 0.99671841 
27.72500000 0.99666367 
27.77500000 0.99660801 
27.82500000 0.99655141 
27.87500000 0.99649384 
27.92500000 0.99643530 
27.97500000 0.99637577 
28.02500000 0.99631523 
28.07500000 0.99625366 
28.12500000 0.99619105 
28.17500000 0.99612738 
28.22500000 0.99606263 
28.27500000 0.99599678 
28.32500000 0.99592981 
28.37500000 0.99586171 
28.42500000 0.99579245 
28.47500000 0.99572202 
28.52500000 0.99565040 
28.57500000 0.99557756 
28.62500000 0.99550348 
28.67500000 0.99542815 
28.72500000 0.99535154 
28.77500000 0.99527363 
28.82500000 0.99519439 
28.87500000 0.99511382 
28.92500000 0.99503187 
28.97500000 0.99494854 
29.02500000 0.99486379 
29.07500000 0.99477760 
29.12500000 0.99468995 
29.17500000 0.99460082 
29.22500000 0.99451017 
29.27500000 0.99441798 
29.32500000 0.99432423 
29.37500000 0.99422888 
29.42500000 0.99413192 
29.47500000 0.99403331 
29.52500000 0.99393303 
29.57500000 0.99383104 
29.62500000 0.99372733 
29.67500000 0.99362185 
29.72500000 0.99351459 
29.77500000 0.99340550 
29.82500000 0.99329456 
29.87500000 0.99318174 
29.92500000 0.99306701 
29.97500000 0.99295033 
30.02500000 0.99283166 
30.07500000 0.99271099 
30.12500000 0.99258826 
30.17500000 0.99246346 
30.22500000 0.99233653 
30.27500000 0.99220746 
30.32500000 0.99207619 
30.37500000 0.99194270 
30.42500000 0.99180694 
30.47500000 0.99166888 
30.52500000 0.99152847 
30.57500000 0.99138569 
30.62500000 0.99124048 
30.67500000 0.99109282 
30.72500000 0.99094265 
30.77500000 0.99078993 
30.82500000 0.99063462 
30.87500000 0.99047669 
30.92500000 0.99031607 
30.97500000 0.99015274 
31.02500000 0.98998663 
31.07500000 0.98981772 
31.12500000 0.98964594 
31.17500000 0.98947125 
31.22500000 0.98929361 
31.27500000 0.98911295 
31.32500000 0.98892924 
31.37500000 0.98874242 
31.42500000 0.98855244 
31.47500000 0.98835924 
31.52500000 0.98816278 
31.57500000 0.98796299 
31.62500000 0.98775983 
31.67500000 0.98755323 
31.72500000 0.98734314 
31.77500000 0.98712950 
31.82500000 0.98691225 
31.87500000 0.98669133 
31.92500000 0.98646668 
31.97500000 0.98623823 
32.02500000 0.98600593 
32.07500000 0.98576971 
32.12500000 0.98552951 
32.17500000 0.98528525 
32.22500000 0.98503688 
32.27500000 0.98478432 
32.32500000 0.98452751 
32.37500000 0.98426636 
32.42500000 0.98400083 
32.47500000 0.98373082 
32.52500000 0.98345626 
32.57500000 0.98317709 
32.62500000 0.98289323 
32.67500000 0.98260459 
32.72500000 0.98231110 
32.77500000 0.98201268 
32.82500000 0.98170925 
32.87500000 0.98140072 
32.92500000 0.98108702 
32.97500000 0.98076806 
33.02500000 0.98044375 
33.07500000 0.98011401 
33.12500000 0.97977874 
33.17500000 0.97943786 
33.22500000 0.97909128 
33.27500000 0.97873889 
33.32500000 0.97838062 
33.37500000 0.97801636 
33.42500000 0.97764601 
33.47500000 0.97726949 
33.52500000 0.97688668 
33.57500000 0.97649748 
33.62500000 0.97610180 
33.67500000 0.97569953 
33.72500000 0.97529057 
33.77500000 0.97487480 
33.82500000 0.97445211 
33.87500000 0.97402240 
33.92500000 0.97358556 
33.97500000 0.97314146 
34.02500000 0.97269000 
34.07500000 0.97223106 
34.12500000 0.97176451 
34.17500000 0.97129025 
34.22500000 0.97080814 
34.27500000 0.97031806 
34.32500000 0.96981988 
34.37500000 0.96931349 
34.42500000 0.96879875 
34.47500000 0.96827552 
34.52500000 0.96774368 
34.57500000 0.96720309 
34.62500000 0.96665361 
34.67500000 0.96609512 
34.72500000 0.96552745 
34.77500000 0.96495048 
34.82500000 0.96436407 
34.87500000 0.96376805 
34.92500000 0.96316229 
34.97500000 0.96254664 
35.02500000 0.96192094 
35.07500000 0.96128505 
35.12500000 0.96063880 
35.17500000 0.95998204 
35.22500000 0.95931460 
35.27500000 0.95863633 
35.32500000 0.95794707 
35.37500000 0.95724664 
35.42500000 0.95653488 
35.47500000 0.95581162 
35.52500000 0.95507669 
35.57500000 0.95432992 
35.62500000 0.95357112 
35.67500000 0.95280012 
35.72500000 0.95201674 
35.77500000 0.95122080 
35.82500000 0.95041211 
35.87500000 0.94959048 
35.92500000 0.94875574 
35.97500000 0.94790768 
36.02500000 0.94704611 
36.07500000 0.94617085 
36.12500000 0.94528169 
36.17500000 0.94437843 
36.22500000 0.94346087 
36.27500000 0.94252881 
36.32500000 0.94158205 
36.37500000 0.94062037 
36.42500000 0.93964357 
36.47500000 0.93865144 
36.52500000 0.93764375 
36.57500000 0.93662031 
36.62500000 0.93558088 
36.67500000 0.93452525 
36.72500000 0.93345320 
36.77500000 0.93236450 
36.82500000 0.93125893 
36.87500000 0.93013627 
36.92500000 0.92899627 
36.97500000 0.92783872 
37.02500000 0.92666338 
37.07500000 0.92547000 
37.12500000 0.92425837 
37.17500000 0.92302824 
37.22500000 0.92177936 
37.27500000 0.92051150 
37.32500000 0.91922442 
37.37500000 0.91791787 
37.42500000 0.91659160 
37.47500000 0.91524537 
37.52500000 0.91387892 
37.57500000 0.91249202 
37.62500000 0.91108439 
37.67500000 0.90965581 
37.72500000 0.90820600 
37.77500000 0.90673471 
37.82500000 0.90524169 
37.87500000 0.90372668 
37.92500000 0.90218943 
37.97500000 0.90062966 
38.02500000 0.89904714 
38.07500000 0.89744158 
38.12500000 0.89581274 
38.17500000 0.89416036 
38.22500000 0.89248416 
38.27500000 0.89078389 
38.32500000 0.88905930 
38.37500000 0.88731010 
38.42500000 0.88553606 
38.47500000 0.88373689 
38.52500000 0.88191235 
38.57500000 0.88006217 
38.62500000 0.87818609 
38.67500000 0.87628385 
38.72500000 0.87435519 
38.77500000 0.87239986 
38.82500000 0.87041760 
38.87500000 0.86840815 
38.92500000 0.86637126 
38.97500000 0.86430667 
39.02500000 0.86221415 
39.07500000 0.86009343 
39.12500000 0.85794427 
39.17500000 0.85576643 
39.22500000 0.85355967 
39.27500000 0.85132374 
39.32500000 0.84905842 
39.37500000 0.84676345 
39.42500000 0.84443863 
39.47500000 0.84208371 
39.52500000 0.83969848 
39.57500000 0.83728272 
39.62500000 0.83483621 
39.67500000 0.83235873 
39.72500000 0.82985009 
39.77500000 0.82731008 
39.82500000 0.82473851 
39.87500000 0.82213517 
39.92500000 0.81949990 
39.97500000 0.81683249 
40.02500000 0.81413278 
40.07500000 0.81140060 
40.12500000 0.80863579 
40.17500000 0.80583819 
40.22500000 0.80300765 
40.27500000 0.80014403 
40.32500000 0.79724719 
40.37500000 0.79431702 
40.42500000 0.79135337 
40.47500000 0.78835616 
40.52500000 0.78532527 
40.57500000 0.78226061 
40.62500000 0.77916209 
40.67500000 0.77602964 
40.72500000 0.77286320 
40.77500000 0.76966271 
40.82500000 0.76642811 
40.87500000 0.76315938 
40.92500000 0.75985649 
40.97500000 0.75651943 
41.02500000 0.75314819 
41.07500000 0.74974278 
41.12500000 0.74630323 
41.17500000 0.74282956 
41.22500000 0.73932181 
41.27500000 0.73578005 
41.32500000 0.73220435 
41.37500000 0.72859478 
41.42500000 0.72495145 
41.47500000 0.72127446 
41.52500000 0.71756393 
41.57500000 0.71382002 
41.62500000 0.71004285 
41.67500000 0.70623261 
41.72500000 0.70238947 
41.77500000 0.69851363 
41.82500000 0.69460530 
41.87500000 0.69066470 
41.92500000 0.68669208 
41.97500000 0.68268769 
42.02500000 0.67865181 
42.07500000 0.67458472 
42.12500000 0.67048674 
42.17500000 0.66635817 
42.22500000 0.66219936 
42.27500000 0.65801067 
42.32500000 0.65379245 
42.37500000 0.64954511 
42.42500000 0.64526904 
42.47500000 0.64096466 
42.52500000 0.63663241 
42.57500000 0.63227274 
42.62500000 0.62788613 
42.67500000 0.62347306 
42.72500000 0.61903404 
42.77500000 0.61456958 
42.82500000 0.61008023 
42.87500000 0.60556653 
42.92500000 0.60102906 
42.97500000 0.59646841 
43.02500000 0.59188517 
43.07500000 0.58727996 
43.12500000 0.58265343 
43.17500000 0.57800622 
43.22500000 0.57333899 
43.27500000 0.56865243 
43.32500000 0.56394723 
43.37500000 0.55922410 
43.42500000 0.55448377 
43.47500000 0.54972698 
43.52500000 0.54495447 
43.57500000 0.54016702 
43.62500000 0.53536541 
43.67500000 0.53055041 
43.72500000 0.52572285 
43.77500000 0.52088353 
43.82500000 0.51603329 
43.87500000 0.51117295 
43.92500000 0.50630337 
43.97500000 0.50142540 
44.02500000 0.49653992 
44.07500000 0.49164780 
44.12500000 0.48674992 
44.17500000 0.48184718 
44.22500000 0.47694047 
44.27500000 0.47203070 
44.32500000 0.46711879 
44.37500000 0.46220565 
44.42500000 0.45729221 
44.47500000 0.45237938 
44.52500000 0.44746810 
44.57500000 0.44255931 
44.62500000 0.43765393 
44.67500000 0.43275290 
44.72500000 0.42785716 
44.77500000 0.42296765 
44.82500000 0.41808530 
44.87500000 0.41321104 
44.92500000 0.40834582 
44.97500000 0.40349055 
45.02500000 0.39864617 
45.07500000 0.39381360 
45.12500000 0.38899375 
45.17500000 0.38418755 
45.22500000 0.37939588 
45.27500000 0.37461967 
45.32500000 0.36985978 
45.37500000 0.36511712 
45.42500000 0.36039255 
45.47500000 0.35568693 
45.52500000 0.35100113 
45.57500000 0.34633599 
45.62500000 0.34169233 
45.67500000 0.33707098 
45.72500000 0.33247276 
45.77500000 0.32789844 
45.82500000 0.32334882 
45.87500000 0.31882465 
45.92500000 0.31432670 
45.97500000 0.30985569 
46.02500000 0.30541236 
46.07500000 0.30099739 
46.12500000 0.29661149 
46.17500000 0.29225531 
46.22500000 0.28792952 
46.27500000 0.28363474 
46.32500000 0.27937160 
46.37500000 0.27514069 
46.42500000 0.27094260 
46.47500000 0.26677787 
46.52500000 0.26264705 
46.57500000 0.25855067 
46.62500000 0.25448921 
46.67500000 0.25046317 
46.72500000 0.24647300 
46.77500000 0.24251914 
46.82500000 0.23860201 
46.87500000 0.23472201 
46.92500000 0.23087951 
46.97500000 0.22707487 
47.02500000 0.22330844 
47.07500000 0.21958051 
47.12500000 0.21589139 
47.17500000 0.21224136 
47.22500000 0.20863065 
47.27500000 0.20505951 
47.32500000 0.20152815 
47.37500000 0.19803676 
47.42500000 0.19458550 
47.47500000 0.19117454 
47.52500000 0.18780400 
47.57500000 0.18447399 
47.62500000 0.18118461 
47.67500000 0.17793593 
47.72500000 0.17472800 
47.77500000 0.17156086 
47.82500000 0.16843453 
47.87500000 0.16534901 
47.92500000 0.16230428 
47.97500000 0.15930031 
48.02500000 0.15633703 
48.07500000 0.15341440 
48.12500000 0.15053231 
48.17500000 0.14769066 
48.22500000 0.14488935 
48.27500000 0.14212825 
48.32500000 0.13940719 
48.37500000 0.13672603 
48.42500000 0.13408460 
48.47500000 0.13148269 
48.52500000 0.12892012 
48.57500000 0.12639667 
48.62500000 0.12391211 
48.67500000 0.12146621 
48.72500000 0.11905873 
48.77500000 0.11668939 
48.82500000 0.11435794 
48.87500000 0.11206409 
48.92500000 0.10980755 
48.97500000 0.10758804 
49.02500000 0.10540523 
49.07500000 0.10325882 
49.12500000 0.10114848 
49.17500000 0.09907389 
49.22500000 0.09703470 
49.27500000 0.09503058 
49.32500000 0.09306117 
49.37500000 0.09112611 
49.42500000 0.08922506 
49.47500000 0.08735764 
49.52500000 0.08552348 
49.57500000 0.08372221 
49.62500000 0.08195345 
49.67500000 0.08021681 
49.72500000 0.07851192 
49.77500000 0.07683838 
49.82500000 0.07519580 
49.87500000 0.07358380 
49.92500000 0.07200197 
49.97500000 0.07044992 
50.02500000 0.06892726 
50.07500000 0.06743358 
50.12500000 0.06596848 
50.17500000 0.06453158 
50.22500000 0.06312246 
50.27500000 0.06174073 
50.32500000 0.06038599 
50.37500000 0.05905784 
50.42500000 0.05775588 
50.47500000 0.05647972 
50.52500000 0.05522897 
50.57500000 0.05400322 
50.62500000 0.05280209 
50.67500000 0.05162519 
50.72500000 0.05047212 
50.77500000 0.04934251 
50.82500000 0.04823597 
50.87500000 0.04715212 
50.92500000 0.04609057 
50.97500000 0.04505096 
51.02500000 0.04403292 
51.07500000 0.04303606 
51.12500000 0.04206003 
51.17500000 0.04110447 
51.22500000 0.04016901 
51.27500000 0.03925329 
51.32500000 0.03835698 
51.37500000 0.03747970 
51.42500000 0.03662113 
51.47500000 0.03578092 
51.52500000 0.03495873 
51.57500000 0.03415423 
51.62500000 0.03336708 
51.67500000 0.03259697 
51.72500000 0.03184357 
51.77500000 0.03110657 
51.82500000 0.03038564 
51.87500000 0.02968049 
51.92500000 0.02899080 
51.97500000 0.02831628 
52.02500000 0.02765662 
52.07500000 0.02701155 
52.12500000 0.02638076 
52.17500000 0.02576398 
52.22500000 0.02516092 
52.27500000 0.02457132 
52.32500000 0.02399489 
52.37500000 0.02343137 
52.42500000 0.02288050 
52.47500000 0.02234203 
52.52500000 0.02181569 
52.57500000 0.02130124 
52.62500000 0.02079842 
52.67500000 0.02030701 
52.72500000 0.01982676 
52.77500000 0.01935743 
52.82500000 0.01889880 
52.87500000 0.01845064 
52.92500000 0.01801274 
52.97500000 0.01758486 
53.02500000 0.01716681 
53.07500000 0.01675836 
53.12500000 0.01635931 
53.17500000 0.01596947 
53.22500000 0.01558863 
53.27500000 0.01521659 
53.32500000 0.01485316 
53.37500000 0.01449817 
53.42500000 0.01415141 
53.47500000 0.01381272 
53.52500000 0.01348192 
53.57500000 0.01315882 
53.62500000 0.01284327 
53.67500000 0.01253509 
53.72500000 0.01223413 
53.77500000 0.01194021 
53.82500000 0.01165318 
53.87500000 0.01137290 
53.92500000 0.01109920 
53.97500000 0.01083194 
54.02500000 0.01057098 
54.07500000 0.01031617 
54.12500000 0.01006737 
54.17500000 0.00982446 
54.22500000 0.00958728 
54.27500000 0.00935572 
54.32500000 0.00912965 
54.37500000 0.00890894 
54.42500000 0.00869346 
54.47500000 0.00848311 
54.52500000 0.00827776 
54.57500000 0.00807729 
54.62500000 0.00788160 
54.67500000 0.00769057 
54.72500000 0.00750409 
54.77500000 0.00732207 
54.82500000 0.00714440 
54.87500000 0.00697097 
54.92500000 0.00680169 
54.97500000 0.00663646 
55.02500000 0.00647520 
55.07500000 0.00631779 
55.12500000 0.00616416 
55.17500000 0.00601422 
55.22500000 0.00586788 
55.27500000 0.00572506 
55.32500000 0.00558567 
55.37500000 0.00544964 
55.42500000 0.00531687 
55.47500000 0.00518731 
55.52500000 0.00506087 
55.57500000 0.00493747 
55.62500000 0.00481706 
55.67500000 0.00469955 
55.72500000 0.00458487 
55.77500000 0.00447297 
55.82500000 0.00436377 
55.87500000 0.00425722 
55.92500000 0.00415324 
55.97500000 0.00405177 
56.02500000 0.00395277 
56.07500000 0.00385616 
56.12500000 0.00376189 
56.17500000 0.00366991 
56.22500000 0.00358016 
56.27500000 0.00349258 
56.32500000 0.00340713 
56.37500000 0.00332376 
56.42500000 0.00324241 
56.47500000 0.00316304 
56.52500000 0.00308560 
56.57500000 0.00301004 
56.62500000 0.00293631 
56.67500000 0.00286439 
56.72500000 0.00279421 
56.77500000 0.00272574 
56.82500000 0.00265894 
56.87500000 0.00259376 
56.92500000 0.00253017 
56.97500000 0.00246814 
57.02500000 0.00240761 
57.07500000 0.00234856 
57.12500000 0.00229095 
57.17500000 0.00223475 
57.22500000 0.00217992 
57.27500000 0.00212643 
57.32500000 0.00207424 
57.37500000 0.00202333 
57.42500000 0.00197366 
57.47500000 0.00192520 
57.52500000 0.00187793 
57.57500000 0.00183182 
57.62500000 0.00178683 
57.67500000 0.00174294 
57.72500000 0.00170013 
57.77500000 0.00165836 
57.82500000 0.00161762 
57.87500000 0.00157787 
57.92500000 0.00153909 
57.97500000 0.00150127 
58.02500000 0.00146437 
58.07500000 0.00142837 
58.12500000 0.00139326 
58.17500000 0.00135901 
58.22500000 0.00132559 
58.27500000 0.00129300 
58.32500000 0.00126120 
58.37500000 0.00123018 
58.42500000 0.00119993 
58.47500000 0.00117041 
58.52500000 0.00114162 
58.57500000 0.00111354 
58.62500000 0.00108614 
58.67500000 0.00105942 
58.72500000 0.00103335 
58.77500000 0.00100792 
58.82500000 0.00098312 
58.87500000 0.00095892 
58.92500000 0.00093532 
58.97500000 0.00091230 
59.02500000 0.00088984 
59.07500000 0.00086794 
59.12500000 0.00084657 
59.17500000 0.00082573 
59.22500000 0.00080540 
59.27500000 0.00078557 
59.32500000 0.00076623 
59.37500000 0.00074736 
59.42500000 0.00072895 
59.47500000 0.00071100 
59.52500000 0.00069349 
59.57500000 0.00067641 
59.62500000 0.00065975 
59.67500000 0.00064350 
59.72500000 0.00062765 
59.77500000 0.00061219 
59.82500000 0.00059711 
59.87500000 0.00058239 
59.92500000 0.00056805 
59.97500000 0.00055405 
60.02500000 0.00054040 
60.07500000 0.00052708 
60.12500000 0.00051410 
60.17500000 0.00050143 
60.22500000 0.00048907 
60.27500000 0.00047702 
60.32500000 0.00046526 
60.37500000 0.00045380 
60.42500000 0.00044261 
60.47500000 0.00043170 
60.52500000 0.00042106 
60.57500000 0.00041068 
60.62500000 0.00040056 
60.67500000 0.00039069 
60.72500000 0.00038106 
60.77500000 0.00037166 
60.82500000 0.00036250 
60.87500000 0.00035356 
60.92500000 0.00034485 
60.97500000 0.00033635 
61.02500000 0.00032805 
61.07500000 0.00031997 
61.12500000 0.00031208 
61.17500000 0.00030438 
61.22500000 0.00029688 
61.27500000 0.00028956 
61.32500000 0.00028242 
61.37500000 0.00027545 
61.42500000 0.00026866 
61.47500000 0.00026203 
61.52500000 0.00025557 
61.57500000 0.00024927 
61.62500000 0.00024312 
61.67500000 0.00023713 
61.72500000 0.00023128 
61.77500000 0.00022557 
61.82500000 0.00022001 
61.87500000 0.00021458 
61.92500000 0.00020929 
61.97500000 0.00020413 
62.02500000 0.00019909 
62.07500000 0.00019418 
62.12500000 0.00018939 
62.17500000 0.00018472 
62.22500000 0.00018017 
62.27500000 0.00017572 
62.32500000 0.00017139 
62.37500000 0.00016716 
62.42500000 0.00016304 
62.47500000 0.00015901 
62.52500000 0.00015509 
62.57500000 0.00015127 
62.62500000 0.00014753 
62.67500000 0.00014389 
62.72500000 0.00014034 
62.77500000 0.00013688 
62.82500000 0.00013350 
62.87500000 0.00013021 
62.92500000 0.00012700 
62.97500000 0.00012386 
63.02500000 0.00012081 
63.07500000 0.00011783 
63.12500000 0.00011492 
63.17500000 0.00011209 
63.22500000 0.00010932 
63.27500000 0.00010662 
63.32500000 0.00010399 
63.37500000 0.00010143 
63.42500000 0.00009892 
63.47500000 0.00009648 
63.52500000 0.00009410 
63.57500000 0.00009178 
63.62500000 0.00008951 
63.67500000 0.00008731 
63.72500000 0.00008515 
63.77500000 0.00008305 
63.82500000 0.00008100 
63.87500000 0.00007900 
63.92500000 0.00007705 
63.97500000 0.00007515 
64.02500000 0.00007330 
64.07500000 0.00007149 
64.12500000 0.00006972 
64.17500000 0.00006800 
64.22500000 0.00006632 
64.27500000 0.00006469 
64.32500000 0.00006309 
64.37500000 0.00006153 
64.42500000 0.00006002 
64.47500000 0.00005854 
64.52500000 0.00005709 
64.57500000 0.00005568 
64.62500000 0.00005431 
64.67500000 0.00005297 
64.72500000 0.00005166 
64.77500000 0.00005038 
64.82500000 0.00004914 
64.87500000 0.00004793 
64.92500000 0.00004675 
64.97500000 0.00004559 
65.02500000 0.00004447 
65.07500000 0.00004337 
65.12500000 0.00004230 
65.17500000 0.00004125 
65.22500000 0.00004024 
65.27500000 0.00003924 
65.32500000 0.00003827 
65.37500000 0.00003733 
65.42500000 0.00003641 
65.47500000 0.00003551 
65.52500000 0.00003463 
65.57500000 0.00003378 
65.62500000 0.00003295 
65.67500000 0.00003213 
65.72500000 0.00003134 
65.77500000 0.00003057 
65.82500000 0.00002981 
65.87500000 0.00002908 
65.92500000 0.00002836 
65.97500000 0.00002766 
66.02500000 0.00002697 
66.07500000 0.00002631 
66.12500000 0.00002566 
66.17500000 0.00002503 
66.22500000 0.00002441 
66.27500000 0.00002381 
66.32500000 0.00002322 
66.37500000 0.00002265 
66.42500000 0.00002209 
66.47500000 0.00002154 
66.52500000 0.00002101 
66.57500000 0.00002049 
66.62500000 0.00001998 
66.67500000 0.00001949 
66.72500000 0.00001901 
66.77500000 0.00001854 
66.82500000 0.00001808 
66.87500000 0.00001764 
66.92500000 0.00001720 
66.97500000 0.00001678 
67.02500000 0.00001636 
67.07500000 0.00001596 
67.12500000 0.00001557 
67.17500000 0.00001518 
67.22500000 0.00001481 
67.27500000 0.00001444 
67.32500000 0.00001408 
67.37500000 0.00001374 
67.42500000 0.00001340 
67.47500000 0.00001307 
67.52500000 0.00001274 
67.57500000 0.00001243 
67.62500000 0.00001212 
67.67500000 0.00001182 
67.72500000 0.00001153 
67.77500000 0.00001125 
67.82500000 0.00001097 
67.87500000 0.00001070 
67.92500000 0.00001043 
67.97500000 0.00001018 
68.02500000 0.00000993 
68.07500000 0.00000968 
68.12500000 0.00000944 
68.17500000 0.00000921 
68.22500000 0.00000898 
68.27500000 0.00000876 
68.32500000 0.00000854 
68.37500000 0.00000833 
68.42500000 0.00000813 
68.47500000 0.00000793 
68.52500000 0.00000773 
68.57500000 0.00000754 
68.62500000 0.00000735 
68.67500000 0.00000717 
68.72500000 0.00000699 
68.77500000 0.00000682 
68.82500000 0.00000665 
68.87500000 0.00000649 
68.92500000 0.00000633 
68.97500000 0.00000617 
69.02500000 0.00000602 
69.07500000 0.00000587 
69.12500000 0.00000573 
69.17500000 0.00000559 
69.22500000 0.00000545 
69.27500000 0.00000531 
69.32500000 0.00000518 
69.37500000 0.00000505 
69.42500000 0.00000493 
69.47500000 0.00000481 
69.52500000 0.00000469 
69.57500000 0.00000457 
69.62500000 0.00000446 
69.67500000 0.00000435 
69.72500000 0.00000424 
69.77500000 0.00000414 
69.82500000 0.00000404 
69.87500000 0.00000394 
69.92500000 0.00000384 
69.97500000 0.00000374 
70.02500000 0.00000365 
70.07500000 0.00000356 
70.12500000 0.00000347 
70.17500000 0.00000339 
70.22500000 0.00000330 
70.27500000 0.00000322 
70.32500000 0.00000314 
70.37500000 0.00000307 
70.42500000 0.00000299 
70.47500000 0.00000292 
70.52500000 0.00000284 
70.57500000 0.00000277 
70.62500000 0.00000271 
70.67500000 0.00000264 
70.72500000 0.00000257 
70.77500000 0.00000251 
70.82500000 0.00000245 
70.87500000 0.00000239 
70.92500000 0.00000233 
70.97500000 0.00000227 
71.02500000 0.00000222 
71.07500000 0.00000216 
71.12500000 0.00000211 
71.17500000 0.00000206 
71.22500000 0.00000200 
71.27500000 0.00000195 
71.32500000 0.00000191 
71.37500000 0.00000186 
71.42500000 0.00000181 
71.47500000 0.00000177 
71.52500000 0.00000173 
71.57500000 0.00000168 
71.62500000 0.00000164 
71.67500000 0.00000160 
71.72500000 0.00000156 
71.77500000 0.00000152 
71.82500000 0.00000148 
71.87500000 0.00000145 
71.92500000 0.00000141 
71.97500000 0.00000138 
72.02500000 0.00000134 
72.07500000 0.00000131 
72.12500000 0.00000128 
72.17500000 0.00000125 
72.22500000 0.00000122 
72.27500000 0.00000119 
72.32500000 0.00000116 
72.37500000 0.00000113 
72.42500000 0.00000110 
72.47500000 0.00000107 
72.52500000 0.00000105 
72.57500000 0.00000102 
72.62500000 0.00000100 
72.67500000 0.00000097 
72.72500000 0.00000095 
72.77500000 0.00000092 
72.82500000 0.00000090 
72.87500000 0.00000088 
72.92500000 0.00000086 
72.97500000 0.00000084 
73.02500000 0.00000081 
73.07500000 0.00000079 
73.12500000 0.00000078 
73.17500000 0.00000076 
73.22500000 0.00000074 
73.27500000 0.00000072 
73.32500000 0.00000070 
73.37500000 0.00000068 
73.42500000 0.00000067 
73.47500000 0.00000065 
73.52500000 0.00000063 
73.57500000 0.00000062 
73.62500000 0.00000060 
73.67500000 0.00000059 
73.72500000 0.00000057 
73.77500000 0.00000056 
73.82500000 0.00000055 
73.87500000 0.00000053 
73.92500000 0.00000052 
73.97500000 0.00000051 
74.02500000 0.00000049 
74.07500000 0.00000048 
74.12500000 0.00000047 
74.17500000 0.00000046 
74.22500000 0.00000045 
74.27500000 0.00000044 
74.32500000 0.00000043 
74.37500000 0.00000041 
74.42500000 0.00000040 
74.47500000 0.00000039 
74.52500000 0.00000038 
74.57500000 0.00000038 
74.62500000 0.00000037 
74.67500000 0.00000036 
74.72500000 0.00000035 
74.77500000 0.00000034 
74.82500000 0.00000033 
74.87500000 0.00000032 
74.92500000 0.00000032 
74.97500000 0.00000031 
75.02500000 0.00000030 
75.07500000 0.00000029 
75.12500000 0.00000029 
75.17500000 0.00000028 
75.22500000 0.00000027 
75.27500000 0.00000026 
75.32500000 0.00000026 
75.37500000 0.00000025 
75.42500000 0.00000025 
75.47500000 0.00000024 
75.52500000 0.00000023 
75.57500000 0.00000023 
75.62500000 0.00000022 
75.67500000 0.00000022 
75.72500000 0.00000021 
75.77500000 0.00000021 
75.82500000 0.00000020 
75.87500000 0.00000020 
75.92500000 0.00000019 
75.97500000 0.00000019 
76.02500000 0.00000018 
76.07500000 0.00000018 
76.12500000 0.00000017 
76.17500000 0.00000017 
76.22500000 0.00000016 
76.27500000 0.00000016 
76.32500000 0.00000016 
76.37500000 0.00000015 
76.42500000 0.00000015 
76.47500000 0.00000015 
76.52500000 0.00000014 
76.57500000 0.00000014 
76.62500000 0.00000013 
76.67500000 0.00000013 
76.72500000 0.00000013 
76.77500000 0.00000012 
76.82500000 0.00000012 
76.87500000 0.00000012 
76.92500000 0.00000012 
76.97500000 0.00000011 
77.02500000 0.00000011 
77.07500000 0.00000011 
77.12500000 0.00000010 
77.17500000 0.00000010 
77.22500000 0.00000010 
77.27500000 0.00000010 
77.32500000 0.00000009 
77.37500000 0.00000009 
77.42500000 0.00000009 
77.47500000 0.00000009 
77.52500000 0.00000009 
77.57500000 0.00000008 
77.62500000 0.00000008 
77.67500000 0.00000008 
77.72500000 0.00000008 
77.77500000 0.00000008 
77.82500000 0.00000007 
77.87500000 0.00000007 
77.92500000 0.00000007 
77.97500000 0.00000007 
78.02500000 0.00000007 
78.07500000 0.00000007 
78.12500000 0.00000006 
78.17500000 0.00000006 
78.22500000 0.00000006 
78.27500000 0.00000006 
78.32500000 0.00000006 
78.37500000 0.00000006 
78.42500000 0.00000005 
78.47500000 0.00000005 
78.52500000 0.00000005 
78.57500000 0.00000005 
78.62500000 0.00000005 
78.67500000 0.00000005 
78.72500000 0.00000005 
78.77500000 0.00000005 
78.82500000 0.00000004 
78.87500000 0.00000004 
78.92500000 0.00000004 
78.97500000 0.00000004 
79.02500000 0.00000004 
79.07500000 0.00000004 
79.12500000 0.00000004 
79.17500000 0.00000004 
79.22500000 0.00000004 
79.27500000 0.00000004 
79.32500000 0.00000003 
79.37500000 0.00000003 
79.42500000 0.00000003 
79.47500000 0.00000003 
79.52500000 0.00000003 
79.57500000 0.00000003 
79.62500000 0.00000003 
79.67500000 0.00000003 
79.72500000 0.00000003 
79.77500000 0.00000003 
79.82500000 0.00000003 
79.87500000 0.00000003 
79.92500000 0.00000003 
79.97500000 0.00000003 
80.02500000 0.00000002 
80.07500000 0.00000002 
80.12500000 0.00000002 
80.17500000 0.00000002 
80.22500000 0.00000002 
80.27500000 0.00000002 
80.32500000 0.00000002 
80.37500000 0.00000002 
80.42500000 0.00000002 
80.47500000 0.00000002 
80.52500000 0.00000002 
80.57500000 0.00000002 
80.62500000 0.00000002 
80.67500000 0.00000002 
80.72500000 0.00000002 
80.77500000 0.00000002 
80.82500000 0.00000002 
80.87500000 0.00000002 
80.92500000 0.00000002 
80.97500000 0.00000002 
81.02500000 0.00000001 
81.07500000 0.00000001 
81.12500000 0.00000001 
81.17500000 0.00000001 
81.22500000 0.00000001 
81.27500000 0.00000001 
81.32500000 0.00000001 
81.37500000 0.00000001 
81.42500000 0.00000001 
81.47500000 0.00000001 
81.52500000 0.00000001 
81.57500000 0.00000001 
81.62500000 0.00000001 
81.67500000 0.00000001 
81.72500000 0.00000001 
81.77500000 0.00000001 
81.82500000 0.00000001 
81.87500000 0.00000001 
81.92500000 0.00000001 
81.97500000 0.00000001 
82.02500000 0.00000001 
82.07500000 0.00000001 
82.12500000 0.00000001 
82.17500000 0.00000001 
82.22500000 0.00000001 
82.27500000 0.00000001 
82.32500000 0.00000001 
82.37500000 0.00000001 
82.42500000 0.00000001 
82.47500000 0.00000001 
82.52500000 0.00000001 
82.57500000 0.00000001 
82.62500000 0.00000001 
82.67500000 0.00000001 
82.72500000 0.00000001 
82.77500000 0.00000001 
82.82500000 0.00000001 
82.87500000 0.00000001 
82.92500000 0.00000001 
82.97500000 0.00000001 
83.02500000 0.00000001 
83.07500000 0.00000001 
83.12500000 0.00000001 
83.17500000 0.00000001 
83.22500000 0.00000000 
83.27500000 0.00000000 
83.32500000 0.00000000 
83.37500000 0.00000000 
83.42500000 0.00000000 
83.47500000 0.00000000 
83.52500000 0.00000000 
83.57500000 0.00000000 
83.62500000 0.00000000 
83.67500000 0.00000000 
83.72500000 0.00000000 
83.77500000 0.00000000 
83.82500000 0.00000000 
83.87500000 0.00000000 
83.92500000 0.00000000 
83.97500000 0.00000000 
84.02500000 0.00000000 
84.07500000 0.00000000 
84.12500000 0.00000000 
84.17500000 0.00000000 
84.22500000 0.00000000 
84.27500000 0.00000000 
84.32500000 0.00000000 
84.37500000 0.00000000 
84.42500000 0.00000000 
84.47500000 0.00000000 
84.52500000 0.00000000 
84.57500000 0.00000000 
84.62500000 0.00000000 
84.67500000 0.00000000 
84.72500000 0.00000000 
84.77500000 0.00000000 
84.82500000 0.00000000 
84.87500000 0.00000000 
84.92500000 0.00000000 
84.97500000 0.00000000 
85.02500000 0.00000000 
85.07500000 0.00000000 
85.12500000 0.00000000 
85.17500000 0.00000000 
85.22500000 0.00000000 
85.27500000 0.00000000 
85.32500000 0.00000000 
85.37500000 0.00000000 
85.42500000 0.00000000 
85.47500000 0.00000000 
85.52500000 0.00000000 
85.57500000 0.00000000 
85.62500000 0.00000000 
85.67500000 0.00000000 
85.72500000 0.00000000 
85.77500000 0.00000000 
85.82500000 0.00000000 
85.87500000 0.00000000 
85.92500000 0.00000000 
85.97500000 0.00000000 
86.02500000 0.00000000 
86.07500000 0.00000000 
86.12500000 0.00000000 
86.17500000 0.00000000 
86.22500000 0.00000000 
86.27500000 0.00000000 
86.32500000 0.00000000 
86.37500000 0.00000000 
86.42500000 0.00000000 
86.47500000 0.00000000 
86.52500000 0.00000000 
86.57500000 0.00000000 
86.62500000 0.00000000 
86.67500000 0.00000000 
86.72500000 0.00000000 
86.77500000 0.00000000 
86.82500000 0.00000000 
86.87500000 0.00000000 
86.92500000 0.00000000 
86.97500000 0.00000000 
87.02500000 0.00000000 
87.07500000 0.00000000 
87.12500000 0.00000000 
87.17500000 0.00000000 
87.22500000 0.00000000 
87.27500000 0.00000000 
87.32500000 0.00000000 
87.37500000 0.00000000 
87.42500000 0.00000000 
87.47500000 0.00000000 
87.52500000 0.00000000 
87.57500000 0.00000000 
87.62500000 0.00000000 
87.67500000 0.00000000 
87.72500000 0.00000000 
87.77500000 0.00000000 
87.82500000 0.00000000 
87.87500000 0.00000000 
87.92500000 0.00000000 
87.97500000 0.00000000 
88.02500000 0.00000000 
88.07500000 0.00000000 
88.12500000 0.00000000 
88.17500000 0.00000000 
88.22500000 0.00000000 
88.27500000 0.00000000 
88.32500000 0.00000000 
88.37500000 0.00000000 
88.42500000 0.00000000 
88.47500000 0.00000000 
88.52500000 0.00000000 
88.57500000 0.00000000 
88.62500000 0.00000000 
88.67500000 0.00000000 
88.72500000 0.00000000 
88.77500000 0.00000000 
88.82500000 0.00000000 
88.87500000 0.00000000 
88.92500000 0.00000000 
88.97500000 0.00000000 
89.02500000 0.00000000 
89.07500000 0.00000000 
89.12500000 0.00000000 
89.17500000 0.00000000 
89.22500000 0.00000000 
89.27500000 0.00000000 
89.32500000 0.00000000 
89.37500000 0.00000000 
89.42500000 0.00000000 
89.47500000 0.00000000 
89.52500000 0.00000000 
89.57500000 0.00000000 
89.62500000 0.00000000 
89.67500000 0.00000000 
89.72500000 0.00000000 
89.77500000 0.00000000 
89.82500000 0.00000000 
89.87500000 0.00000000 
89.92500000 0.00000000 
89.97500000 0.00000000 
90.02500000 0.00000000 
90.07500000 0.00000000 
90.12500000 0.00000000 
90.17500000 0.00000000 
90.22500000 0.00000000 
90.27500000 0.00000000 
90.32500000 0.00000000 
90.37500000 0.00000000 
90.42500000 0.00000000 
90.47500000 0.00000000 
90.52500000 0.00000000 
90.57500000 0.00000000 
90.62500000 0.00000000 
90.67500000 0.00000000 
90.72500000 0.00000000 
90.77500000 0.00000000 
90.82500000 0.00000000 
90.87500000 0.00000000 
90.92500000 0.00000000 
90.97500000 0.00000000 
91.02500000 0.00000000 
91.07500000 0.00000000 
91.12500000 0.00000000 
91.17500000 0.00000000 
91.22500000 0.00000000 
91.27500000 0.00000000 
91.32500000 0.00000000 
91.37500000 0.00000000 
91.42500000 0.00000000 
91.47500000 0.00000000 
91.52500000 0.00000000 
91.57500000 0.00000000 
91.62500000 0.00000000 
91.67500000 0.00000000 
91.72500000 0.00000000 
91.77500000 0.00000000 
91.82500000 0.00000000 
91.87500000 0.00000000 
91.92500000 0.00000000 
91.97500000 0.00000000 
92.02500000 0.00000000 
92.07500000 0.00000000 
92.12500000 0.00000000 
92.17500000 0.00000000 
92.22500000 0.00000000 
92.27500000 0.00000000 
92.32500000 0.00000000 
92.37500000 0.00000000 
92.42500000 0.00000000 
92.47500000 0.00000000 
92.52500000 0.00000000 
92.57500000 0.00000000 
92.62500000 0.00000000 
92.67500000 0.00000000 
92.72500000 0.00000000 
92.77500000 0.00000000 
92.82500000 0.00000000 
92.87500000 0.00000000 
92.92500000 0.00000000 
92.97500000 0.00000000 
93.02500000 0.00000000 
93.07500000 0.00000000 
93.12500000 0.00000000 
93.17500000 0.00000000 
93.22500000 0.00000000 
93.27500000 0.00000000 
93.32500000 0.00000000 
93.37500000 0.00000000 
93.42500000 0.00000000 
93.47500000 0.00000000 
93.52500000 0.00000000 
93.57500000 0.00000000 
93.62500000 0.00000000 
93.67500000 0.00000000 
93.72500000 0.00000000 
93.77500000 0.00000000 
93.82500000 0.00000000 
93.87500000 0.00000000 
93.92500000 0.00000000 
93.97500000 0.00000000 
94.02500000 0.00000000 
94.07500000 0.00000000 
94.12500000 0.00000000 
94.17500000 0.00000000 
94.22500000 0.00000000 
94.27500000 0.00000000 
94.32500000 0.00000000 
94.37500000 0.00000000 
94.42500000 0.00000000 
94.47500000 0.00000000 
94.52500000 0.00000000 
94.57500000 0.00000000 
94.62500000 0.00000000 
94.67500000 0.00000000 
94.72500000 0.00000000 
94.77500000 0.00000000 
94.82500000 0.00000000 
94.87500000 0.00000000 
94.92500000 0.00000000 
94.97500000 0.00000000 
95.02500000 0.00000000 
95.07500000 0.00000000 
95.12500000 0.00000000 
95.17500000 0.00000000 
95.22500000 0.00000000 
95.27500000 0.00000000 
95.32500000 0.00000000 
95.37500000 0.00000000 
95.42500000 0.00000000 
95.47500000 0.00000000 
95.52500000 0.00000000 
95.57500000 0.00000000 
95.62500000 0.00000000 
95.67500000 0.00000000 
95.72500000 0.00000000 
95.77500000 0.00000000 
95.82500000 0.00000000 
95.87500000 0.00000000 
95.92500000 0.00000000 
95.97500000 0.00000000 
96.02500000 0.00000000 
96.07500000 0.00000000 
96.12500000 0.00000000 
96.17500000 0.00000000 
96.22500000 0.00000000 
96.27500000 0.00000000 
96.32500000 0.00000000 
96.37500000 0.00000000 
96.42500000 0.00000000 
96.47500000 0.00000000 
96.52500000 0.00000000 
96.57500000 0.00000000 
96.62500000 0.00000000 
96.67500000 0.00000000 
96.72500000 0.00000000 
96.77500000 0.00000000 
96.82500000 0.00000000 
96.87500000 0.00000000 
96.92500000 0.00000000 
96.97500000 0.00000000 
97.02500000 0.00000000 
97.07500000 0.00000000 
97.12500000 0.00000000 
97.17500000 0.00000000 
97.22500000 0.00000000 
97.27500000 0.00000000 
97.32500000 0.00000000 
97.37500000 0.00000000 
97.42500000 0.00000000 
97.47500000 0.00000000 
97.52500000 0.00000000 
97.57500000 0.00000000 
97.62500000 0.00000000 
97.67500000 0.00000000 
97.72500000 0.00000000 
97.77500000 0.00000000 
97.82500000 0.00000000 
97.87500000 0.00000000 
97.92500000 0.00000000 
97.97500000 0.00000000 
98.02500000 0.00000000 
98.07500000 0.00000000 
98.12500000 0.00000000 
98.17500000 0.00000000 
98.22500000 0.00000000 
98.27500000 0.00000000 
98.32500000 0.00000000 
98.37500000 0.00000000 
98.42500000 0.00000000 
98.47500000 0.00000000 
98.52500000 0.00000000 
98.57500000 0.00000000 
98.62500000 0.00000000 
98.67500000 0.00000000 
98.72500000 0.00000000 
98.77500000 0.00000000 
98.82500000 0.00000000 
98.87500000 0.00000000 
98.92500000 0.00000000 
98.97500000 0.00000000 
99.02500000 0.00000000 
99.07500000 0.00000000 
99.12500000 0.00000000 
99.17500000 0.00000000 
99.22500000 0.00000000 
99.27500000 0.00000000 
99.32500000 0.00000000 
99.37500000 0.00000000 
99.42500000 0.00000000 
99.47500000 0.00000000 
99.52500000 0.00000000 
99.57500000 0.00000000 
99.62500000 0.00000000 
99.67500000 0.00000000 
99.72500000 0.00000000 
99.77500000 0.00000000 
99.82500000 0.00000000 
99.87500000 0.00000000 
99.92500000 0.00000000 
99.97500000 0.00000000 
100.02500000 0.00000000 
100.07500000 0.00000000 
100.12500000 0.00000000 
100.17500000 0.00000000 
100.22500000 0.00000000 
100.27500000 0.00000000 
100.32500000 0.00000000 
100.37500000 0.00000000 
100.42500000 0.00000000 
100.47500000 0.00000000 
100.52500000 0.00000000 
100.57500000 0.00000000 
100.62500000 0.00000000 
100.67500000 0.00000000 
100.72500000 0.00000000 
100.77500000 0.00000000 
100.82500000 0.00000000 
100.87500000 0.00000000 
100.92500000 0.00000000 
100.97500000 0.00000000 
101.02500000 0.00000000 
101.07500000 0.00000000 
101.12500000 0.00000000 
101.17500000 0.00000000 
101.22500000 0.00000000 
101.27500000 0.00000000 
101.32500000 0.00000000 
101.37500000 0.00000000 
101.42500000 0.00000000 
101.47500000 0.00000000 
101.52500000 0.00000000 
101.57500000 0.00000000 
101.62500000 0.00000000 
101.67500000 0.00000000 
101.72500000 0.00000000 
101.77500000 0.00000000 
101.82500000 0.00000000 
101.87500000 0.00000000 
101.92500000 0.00000000 
101.97500000 0.00000000 
102.02500000 0.00000000 
102.07500000 0.00000000 
102.12500000 0.00000000 
102.17500000 0.00000000 
102.22500000 0.00000000 
102.27500000 0.00000000 
102.32500000 0.00000000 
102.37500000 0.00000000 
102.42500000 0.00000000 
102.47500000 0.00000000 
102.52500000 0.00000000 
102.57500000 0.00000000 
102.62500000 0.00000000 
102.67500000 0.00000000 
102.72500000 0.00000000 
102.77500000 0.00000000 
102.82500000 0.00000000 
102.87500000 0.00000000 
102.92500000 0.00000000 
102.97500000 0.00000000 
103.02500000 0.00000000 
103.07500000 0.00000000 
103.12500000 0.00000000 
103.17500000 0.00000000 
103.22500000 0.00000000 
103.27500000 0.00000000 
103.32500000 0.00000000 
103.37500000 0.00000000 
103.42500000 0.00000000 
103.47500000 0.00000000 
103.52500000 0.00000000 
103.57500000 0.00000000 
103.62500000 0.00000000 
103.67500000 0.00000000 
103.72500000 0.00000000 
103.77500000 0.00000000 
103.82500000 0.00000000 
103.87500000 0.00000000 
103.92500000 0.00000000 
103.97500000 0.00000000 
104.02500000 0.00000000 
104.07500000 0.00000000 
104.12500000 0.00000000 
104.17500000 0.00000000 
104.22500000 0.00000000 
104.27500000 0.00000000 
104.32500000 0.00000000 
104.37500000 0.00000000 
104.42500000 0.00000000 
104.47500000 0.00000000 
104.52500000 0.00000000 
104.57500000 0.00000000 
104.62500000 0.00000000 
104.67500000 0.00000000 
104.72500000 0.00000000 
104.77500000 0.00000000 
104.82500000 0.00000000 
104.87500000 0.00000000 
104.92500000 0.00000000 
104.97500000 0.00000000 
105.02500000 0.00000000 
105.07500000 0.00000000 
105.12500000 0.00000000 
105.17500000 0.00000000 
105.22500000 0.00000000 
105.27500000 0.00000000 
105.32500000 0.00000000 
105.37500000 0.00000000 
105.42500000 0.00000000 
105.47500000 0.00000000 
105.52500000 0.00000000 
105.57500000 0.00000000 
105.62500000 0.00000000 
105.67500000 0.00000000 
105.72500000 0.00000000 
105.77500000 0.00000000 
105.82500000 0.00000000 
105.87500000 0.00000000 
105.92500000 0.00000000 
105.97500000 0.00000000 
106.02500000 0.00000000 
106.07500000 0.00000000 
106.12500000 0.00000000 
106.17500000 0.00000000 
106.22500000 0.00000000 
106.27500000 0.00000000 
106.32500000 0.00000000 
106.37500000 0.00000000 
106.42500000 0.00000000 
106.47500000 0.00000000 
106.52500000 0.00000000 
106.57500000 0.00000000 
106.62500000 0.00000000 
106.67500000 0.00000000 
106.72500000 0.00000000 
106.77500000 0.00000000 
106.82500000 0.00000000 
106.87500000 0.00000000 
106.92500000 0.00000000 
106.97500000 0.00000000 
107.02500000 0.00000000 
107.07500000 0.00000000 
107.12500000 0.00000000 
107.17500000 0.00000000 
107.22500000 0.00000000 
107.27500000 0.00000000 
107.32500000 0.00000000 
107.37500000 0.00000000 
107.42500000 0.00000000 
107.47500000 0.00000000 
107.52500000 0.00000000 
107.57500000 0.00000000 
107.62500000 0.00000000 
107.67500000 0.00000000 
107.72500000 0.00000000 
107.77500000 0.00000000 
107.82500000 0.00000000 
107.87500000 0.00000000 
107.92500000 0.00000000 
107.97500000 0.00000000 
108.02500000 0.00000000 
108.07500000 0.00000000 
108.12500000 0.00000000 
108.17500000 0.00000000 
108.22500000 0.00000000 
108.27500000 0.00000000 
108.32500000 0.00000000 
108.37500000 0.00000000 
108.42500000 0.00000000 
108.47500000 0.00000000 
108.52500000 0.00000000 
108.57500000 0.00000000 
108.62500000 0.00000000 
108.67500000 0.00000000 
108.72500000 0.00000000 
108.77500000 0.00000000 
108.82500000 0.00000000 
108.87500000 0.00000000 
108.92500000 0.00000000 
108.97500000 0.00000000 
109.02500000 0.00000000 
109.07500000 0.00000000 
109.12500000 0.00000000 
109.17500000 0.00000000 
109.22500000 0.00000000 
109.27500000 0.00000000 
109.32500000 0.00000000 
109.37500000 0.00000000 
109.42500000 0.00000000 
109.47500000 0.00000000 
109.52500000 0.00000000 
109.57500000 0.00000000 
109.62500000 0.00000000 
109.67500000 0.00000000 
109.72500000 0.00000000 
109.77500000 0.00000000 
109.82500000 0.00000000 
109.87500000 0.00000000 
109.92500000 0.00000000 
109.97500000 0.00000000 
110.02500000 0.00000000 
110.07500000 0.00000000 
110.12500000 0.00000000 
110.17500000 0.00000000 
110.22500000 0.00000000 
110.27500000 0.00000000 
110.32500000 0.00000000 
110.37500000 0.00000000 
110.42500000 0.00000000 
110.47500000 0.00000000 
110.52500000 0.00000000 
110.57500000 0.00000000 
110.62500000 0.00000000 
110.67500000 0.00000000 
110.72500000 0.00000000 
110.77500000 0.00000000 
110.82500000 0.00000000 
110.87500000 0.00000000 
110.92500000 0.00000000 
110.97500000 0.00000000 
111.02500000 0.00000000 
111.07500000 0.00000000 
111.12500000 0.00000000 
111.17500000 0.00000000 
111.22500000 0.00000000 
111.27500000 0.00000000 
111.32500000 0.00000000 
111.37500000 0.00000000 
111.42500000 0.00000000 
111.47500000 0.00000000 
111.52500000 0.00000000 
111.57500000 0.00000000 
111.62500000 0.00000000 
111.67500000 0.00000000 
111.72500000 0.00000000 
111.77500000 0.00000000 
111.82500000 0.00000000 
111.87500000 0.00000000 
111.92500000 0.00000000 
111.97500000 0.00000000 
112.02500000 0.00000000 
112.07500000 0.00000000 
112.12500000 0.00000000 
112.17500000 0.00000000 
112.22500000 0.00000000 
112.27500000 0.00000000 
112.32500000 0.00000000 
112.37500000 0.00000000 
112.42500000 0.00000000 
112.47500000 0.00000000 
112.52500000 0.00000000 
112.57500000 0.00000000 
112.62500000 0.00000000 
112.67500000 0.00000000 
112.72500000 0.00000000 
112.77500000 0.00000000 
112.82500000 0.00000000 
112.87500000 0.00000000 
112.92500000 0.00000000 
112.97500000 0.00000000 
113.02500000 0.00000000 
113.07500000 0.00000000 
113.12500000 0.00000000 
113.17500000 0.00000000 
113.22500000 0.00000000 
113.27500000 0.00000000 
113.32500000 0.00000000 
113.37500000 0.00000000 
113.42500000 0.00000000 
113.47500000 0.00000000 
113.52500000 0.00000000 
113.57500000 0.00000000 
113.62500000 0.00000000 
113.67500000 0.00000000 
113.72500000 0.00000000 
113.77500000 0.00000000 
113.82500000 0.00000000 
113.87500000 0.00000000 
113.92500000 0.00000000 
113.97500000 0.00000000 
114.02500000 0.00000000 
114.07500000 0.00000000 
114.12500000 0.00000000 
114.17500000 0.00000000 
114.22500000 0.00000000 
114.27500000 0.00000000 
114.32500000 0.00000000 
114.37500000 0.00000000 
114.42500000 0.00000000 
114.47500000 0.00000000 
114.52500000 0.00000000 
114.57500000 0.00000000 
114.62500000 0.00000000 
114.67500000 0.00000000 
114.72500000 0.00000000 
114.77500000 0.00000000 
114.82500000 0.00000000 
114.87500000 0.00000000 
114.92500000 0.00000000 
114.97500000 0.00000000 
115.02500000 0.00000000 
115.07500000 0.00000000 
115.12500000 0.00000000 
115.17500000 0.00000000 
115.22500000 0.00000000 
115.27500000 0.00000000 
115.32500000 0.00000000 
115.37500000 0.00000000 
115.42500000 0.00000000 
115.47500000 0.00000000 
115.52500000 0.00000000 
115.57500000 0.00000000 
115.62500000 0.00000000 
115.67500000 0.00000000 
115.72500000 0.00000000 
115.77500000 0.00000000 
115.82500000 0.00000000 
115.87500000 0.00000000 
115.92500000 0.00000000 
115.97500000 0.00000000 
116.02500000 0.00000000 
116.07500000 0.00000000 
116.12500000 0.00000000 
116.17500000 0.00000000 
116.22500000 0.00000000 
116.27500000 0.00000000 
116.32500000 0.00000000 
116.37500000 0.00000000 
116.42500000 0.00000000 
116.47500000 0.00000000 
116.52500000 0.00000000 
116.57500000 0.00000000 
116.62500000 0.00000000 
116.67500000 0.00000000 
116.72500000 0.00000000 
116.77500000 0.00000000 
116.82500000 0.00000000 
116.87500000 0.00000000 
116.92500000 0.00000000 
116.97500000 0.00000000 
117.02500000 0.00000000 
117.07500000 0.00000000 
117.12500000 0.00000000 
117.17500000 0.00000000 
117.22500000 0.00000000 
117.27500000 0.00000000 
117.32500000 0.00000000 
117.37500000 0.00000000 
117.42500000 0.00000000 
117.47500000 0.00000000 
117.52500000 0.00000000 
117.57500000 0.00000000 
117.62500000 0.00000000 
117.67500000 0.00000000 
117.72500000 0.00000000 
117.77500000 0.00000000 
117.82500000 0.00000000 
117.87500000 0.00000000 
117.92500000 0.00000000 
117.97500000 0.00000000 
118.02500000 0.00000000 
118.07500000 0.00000000 
118.12500000 0.00000000 
118.17500000 0.00000000 
118.22500000 0.00000000 
118.27500000 0.00000000 
118.32500000 0.00000000 
118.37500000 0.00000000 
118.42500000 0.00000000 
118.47500000 0.00000000 
118.52500000 0.00000000 
118.57500000 0.00000000 
118.62500000 0.00000000 
118.67500000 0.00000000 
118.72500000 0.00000000 
118.77500000 0.00000000 
118.82500000 0.00000000 
118.87500000 0.00000000 
118.92500000 0.00000000 
118.97500000 0.00000000 
119.02500000 0.00000000 
119.07500000 0.00000000 
119.12500000 0.00000000 
119.17500000 0.00000000 
119.22500000 0.00000000 
119.27500000 0.00000000 
119.32500000 0.00000000 
119.37500000 0.00000000 
119.42500000 0.00000000 
119.47500000 0.00000000 
119.52500000 0.00000000 
119.57500000 0.00000000 
119.62500000 0.00000000 
119.67500000 0.00000000 
119.72500000 0.00000000 
119.77500000 0.00000000 
119.82500000 0.00000000 
119.87500000 0.00000000 
119.92500000 0.00000000 
119.97500000 0.00000000 
120.02500000 0.00000000 
120.07500000 0.00000000 
120.12500000 0.00000000 
120.17500000 0.00000000 
120.22500000 0.00000000 
120.27500000 0.00000000 
120.32500000 0.00000000 
120.37500000 0.00000000 
120.42500000 0.00000000 
120.47500000 0.00000000 
120.52500000 0.00000000 
120.57500000 0.00000000 
120.62500000 0.00000000 
120.67500000 0.00000000 
120.72500000 0.00000000 
120.77500000 0.00000000 
120.82500000 0.00000000 
120.87500000 0.00000000 
120.92500000 0.00000000 
120.97500000 0.00000000 
121.02500000 0.00000000 
121.07500000 0.00000000 
121.12500000 0.00000000 
121.17500000 0.00000000 
121.22500000 0.00000000 
121.27500000 0.00000000 
121.32500000 0.00000000 
121.37500000 0.00000000 
121.42500000 0.00000000 
121.47500000 0.00000000 
121.52500000 0.00000000 
121.57500000 0.00000000 
121.62500000 0.00000000 
121.67500000 0.00000000 
121.72500000 0.00000000 
121.77500000 0.00000000 
121.82500000 0.00000000 
121.87500000 0.00000000 
121.92500000 0.00000000 
121.97500000 0.00000000 
122.02500000 0.00000000 
122.07500000 0.00000000 
122.12500000 0.00000000 
122.17500000 0.00000000 
122.22500000 0.00000000 
122.27500000 0.00000000 
122.32500000 0.00000000 
122.37500000 0.00000000 
122.42500000 0.00000000 
122.47500000 0.00000000 
122.52500000 0.00000000 
122.57500000 0.00000000 
122.62500000 0.00000000 
122.67500000 0.00000000 
122.72500000 0.00000000 
122.77500000 0.00000000 
122.82500000 0.00000000 
122.87500000 0.00000000 
122.92500000 0.00000000 
122.97500000 0.00000000 
123.02500000 0.00000000 
123.07500000 0.00000000 
123.12500000 0.00000000 
123.17500000 0.00000000 
123.22500000 0.00000000 
123.27500000 0.00000000 
123.32500000 0.00000000 
123.37500000 0.00000000 
123.42500000 0.00000000 
123.47500000 0.00000000 
123.52500000 0.00000000 
123.57500000 0.00000000 
123.62500000 0.00000000 
123.67500000 0.00000000 
123.72500000 0.00000000 
123.77500000 0.00000000 
123.82500000 0.00000000 
123.87500000 0.00000000 
123.92500000 0.00000000 
123.97500000 0.00000000 
124.02500000 0.00000000 
124.07500000 0.00000000 
124.12500000 0.00000000 
124.17500000 0.00000000 
124.22500000 0.00000000 
124.27500000 0.00000000 
124.32500000 0.00000000 
124.37500000 0.00000000 
124.42500000 0.00000000 
124.47500000 0.00000000 
124.52500000 0.00000000 
124.57500000 0.00000000 
124.62500000 0.00000000 
124.67500000 0.00000000 
124.72500000 0.00000000 
124.77500000 0.00000000 
124.82500000 0.00000000 
124.87500000 0.00000000 
124.92500000 0.00000000 
124.97500000 0.00000000 
125.02500000 0.00000000 
125.07500000 0.00000000 
125.12500000 0.00000000 
125.17500000 0.00000000 
125.22500000 0.00000000 
125.27500000 0.00000000 
125.32500000 0.00000000 
125.37500000 0.00000000 
125.42500000 0.00000000 
125.47500000 0.00000000 
125.52500000 0.00000000 
125.57500000 0.00000000 
125.62500000 0.00000000 
125.67500000 0.00000000 
125.72500000 0.00000000 
125.77500000 0.00000000 
125.82500000 0.00000000 
125.87500000 0.00000000 
125.92500000 0.00000000 
125.97500000 0.00000000 
126.02500000 0.00000000 
126.07500000 0.00000000 
126.12500000 0.00000000 
126.17500000 0.00000000 
126.22500000 0.00000000 
126.27500000 0.00000000 
126.32500000 0.00000000 
126.37500000 0.00000000 
126.42500000 0.00000000 
126.47500000 0.00000000 
126.52500000 0.00000000 
126.57500000 0.00000000 
126.62500000 0.00000000 
126.67500000 0.00000000 
126.72500000 0.00000000 
126.77500000 0.00000000 
126.82500000 0.00000000 
126.87500000 0.00000000 
126.92500000 0.00000000 
126.97500000 0.00000000 
127.02500000 0.00000000 
127.07500000 0.00000000 
127.12500000 0.00000000 
127.17500000 0.00000000 
127.22500000 0.00000000 
127.27500000 0.00000000 
127.32500000 0.00000000 
127.37500000 0.00000000 
127.42500000 0.00000000 
127.47500000 0.00000000 
127.52500000 0.00000000 
127.57500000 0.00000000 
127.62500000 0.00000000 
127.67500000 0.00000000 
127.72500000 0.00000000 
127.77500000 0.00000000 
127.82500000 0.00000000 
127.87500000 0.00000000 
127.92500000 0.00000000 
127.97500000 0.00000000 
128.02500000 0.00000000 
128.07500000 0.00000000 
128.12500000 0.00000000 
128.17500000 0.00000000 
128.22500000 0.00000000 
128.27500000 0.00000000 
128.32500000 0.00000000 
128.37500000 0.00000000 
128.42500000 0.00000000 
128.47500000 0.00000000 
128.52500000 0.00000000 
128.57500000 0.00000000 
128.62500000 0.00000000 
128.67500000 0.00000000 
128.72500000 0.00000000 
128.77500000 0.00000000 
128.82500000 0.00000000 
128.87500000 0.00000000 
128.92500000 0.00000000 
128.97500000 0.00000000 
129.02500000 0.00000000 
129.07500000 0.00000000 
129.12500000 0.00000000 
129.17500000 0.00000000 
129.22500000 0.00000000 
129.27500000 0.00000000 
129.32500000 0.00000000 
129.37500000 0.00000000 
129.42500000 0.00000000 
129.47500000 0.00000000 
129.52500000 0.00000000 
129.57500000 0.00000000 
129.62500000 0.00000000 
129.67500000 0.00000000 
129.72500000 0.00000000 
129.77500000 0.00000000 
129.82500000 0.00000000 
129.87500000 0.00000000 
129.92500000 0.00000000 
129.97500000 0.00000000 
130.02500000 0.00000000 
130.07500000 0.00000000 
130.12500000 0.00000000 
130.17500000 0.00000000 
130.22500000 0.00000000 
130.27500000 0.00000000 
130.32500000 0.00000000 
130.37500000 0.00000000 
130.42500000 0.00000000 
130.47500000 0.00000000 
130.52500000 0.00000000 
130.57500000 0.00000000 
130.62500000 0.00000000 
130.67500000 0.00000000 
130.72500000 0.00000000 
130.77500000 0.00000000 
130.82500000 0.00000000 
130.87500000 0.00000000 
130.92500000 0.00000000 
130.97500000 0.00000000 
131.02500000 0.00000000 
131.07500000 0.00000000 
131.12500000 0.00000000 
131.17500000 0.00000000 
131.22500000 0.00000000 
131.27500000 0.00000000 
131.32500000 0.00000000 
131.37500000 0.00000000 
131.42500000 0.00000000 
131.47500000 0.00000000 
131.52500000 0.00000000 
131.57500000 0.00000000 
131.62500000 0.00000000 
131.67500000 0.00000000 
131.72500000 0.00000000 
131.77500000 0.00000000 
131.82500000 0.00000000 
131.87500000 0.00000000 
131.92500000 0.00000000 
131.97500000 0.00000000 
132.02500000 0.00000000 
132.07500000 0.00000000 
132.12500000 0.00000000 
132.17500000 0.00000000 
132.22500000 0.00000000 
132.27500000 0.00000000 
132.32500000 0.00000000 
132.37500000 0.00000000 
132.42500000 0.00000000 
132.47500000 0.00000000 
132.52500000 0.00000000 
132.57500000 0.00000000 
132.62500000 0.00000000 
132.67500000 0.00000000 
132.72500000 0.00000000 
132.77500000 0.00000000 
132.82500000 0.00000000 
132.87500000 0.00000000 
132.92500000 0.00000000 
132.97500000 0.00000000 
133.02500000 0.00000000 
133.07500000 0.00000000 
133.12500000 0.00000000 
133.17500000 0.00000000 
133.22500000 0.00000000 
133.27500000 0.00000000 
133.32500000 0.00000000 
133.37500000 0.00000000 
133.42500000 0.00000000 
133.47500000 0.00000000 
133.52500000 0.00000000 
133.57500000 0.00000000 
133.62500000 0.00000000 
133.67500000 0.00000000 
133.72500000 0.00000000 
133.77500000 0.00000000 
133.82500000 0.00000000 
133.87500000 0.00000000 
133.92500000 0.00000000 
133.97500000 0.00000000 
134.02500000 0.00000000 
134.07500000 0.00000000 
134.12500000 0.00000000 
134.17500000 0.00000000 
134.22500000 0.00000000 
134.27500000 0.00000000 
134.32500000 0.00000000 
134.37500000 0.00000000 
134.42500000 0.00000000 
134.47500000 0.00000000 
134.52500000 0.00000000 
134.57500000 0.00000000 
134.62500000 0.00000000 
134.67500000 0.00000000 
134.72500000 0.00000000 
134.77500000 0.00000000 
134.82500000 0.00000000 
134.87500000 0.00000000 
134.92500000 0.00000000 
134.97500000 0.00000000 
135.02500000 0.00000000 
135.07500000 0.00000000 
135.12500000 0.00000000 
135.17500000 0.00000000 
135.22500000 0.00000000 
135.27500000 0.00000000 
135.32500000 0.00000000 
135.37500000 0.00000000 
135.42500000 0.00000000 
135.47500000 0.00000000 
135.52500000 0.00000000 
135.57500000 0.00000000 
135.62500000 0.00000000 
135.67500000 0.00000000 
135.72500000 0.00000000 
135.77500000 0.00000000 
135.82500000 0.00000000 
135.87500000 0.00000000 
135.92500000 0.00000000 
135.97500000 0.00000000 
136.02500000 0.00000000 
136.07500000 0.00000000 
136.12500000 0.00000000 
136.17500000 0.00000000 
136.22500000 0.00000000 
136.27500000 0.00000000 
136.32500000 0.00000000 
136.37500000 0.00000000 
136.42500000 0.00000000 
136.47500000 0.00000000 
136.52500000 0.00000000 
136.57500000 0.00000000 
136.62500000 0.00000000 
136.67500000 0.00000000 
136.72500000 0.00000000 
136.77500000 0.00000000 
136.82500000 0.00000000 
136.87500000 0.00000000 
136.92500000 0.00000000 
136.97500000 0.00000000 
137.02500000 0.00000000 
137.07500000 0.00000000 
137.12500000 0.00000000 
137.17500000 0.00000000 
137.22500000 0.00000000 
137.27500000 0.00000000 
137.32500000 0.00000000 
137.37500000 0.00000000 
137.42500000 0.00000000 
137.47500000 0.00000000 
137.52500000 0.00000000 
137.57500000 0.00000000 
137.62500000 0.00000000 
137.67500000 0.00000000 
137.72500000 0.00000000 
137.77500000 0.00000000 
137.82500000 0.00000000 
137.87500000 0.00000000 
137.92500000 0.00000000 
137.97500000 0.00000000 
138.02500000 0.00000000 
138.07500000 0.00000000 
138.12500000 0.00000000 
138.17500000 0.00000000 
138.22500000 0.00000000 
138.27500000 0.00000000 
138.32500000 0.00000000 
138.37500000 0.00000000 
138.42500000 0.00000000 
138.47500000 0.00000000 
138.52500000 0.00000000 
138.57500000 0.00000000 
138.62500000 0.00000000 
138.67500000 0.00000000 
138.72500000 0.00000000 
138.77500000 0.00000000 
138.82500000 0.00000000 
138.87500000 0.00000000 
138.92500000 0.00000000 
138.97500000 0.00000000 
139.02500000 0.00000000 
139.07500000 0.00000000 
139.12500000 0.00000000 
139.17500000 0.00000000 
139.22500000 0.00000000 
139.27500000 0.00000000 
139.32500000 0.00000000 
139.37500000 0.00000000 
139.42500000 0.00000000 
139.47500000 0.00000000 
139.52500000 0.00000000 
139.57500000 0.00000000 
139.62500000 0.00000000 
139.67500000 0.00000000 
139.72500000 0.00000000 
139.77500000 0.00000000 
139.82500000 0.00000000 
139.87500000 0.00000000 
139.92500000 0.00000000 
139.97500000 0.00000000 
140.02500000 0.00000000 
140.07500000 0.00000000 
140.12500000 0.00000000 
140.17500000 0.00000000 
140.22500000 0.00000000 
140.27500000 0.00000000 
140.32500000 0.00000000 
140.37500000 0.00000000 
140.42500000 0.00000000 
140.47500000 0.00000000 
140.52500000 0.00000000 
140.57500000 0.00000000 
140.62500000 0.00000000 
140.67500000 0.00000000 
140.72500000 0.00000000 
140.77500000 0.00000000 
140.82500000 0.00000000 
140.87500000 0.00000000 
140.92500000 0.00000000 
140.97500000 0.00000000 
141.02500000 0.00000000 
141.07500000 0.00000000 
141.12500000 0.00000000 
141.17500000 0.00000000 
141.22500000 0.00000000 
141.27500000 0.00000000 
141.32500000 0.00000000 
141.37500000 0.00000000 
141.42500000 0.00000000 
141.47500000 0.00000000 
141.52500000 0.00000000 
141.57500000 0.00000000 
141.62500000 0.00000000 
141.67500000 0.00000000 
141.72500000 0.00000000 
141.77500000 0.00000000 
141.82500000 0.00000000 
141.87500000 0.00000000 
141.92500000 0.00000000 
141.97500000 0.00000000 
142.02500000 0.00000000 
142.07500000 0.00000000 
142.12500000 0.00000000 
142.17500000 0.00000000 
142.22500000 0.00000000 
142.27500000 0.00000000 
142.32500000 0.00000000 
142.37500000 0.00000000 
142.42500000 0.00000000 
142.47500000 0.00000000 
142.52500000 0.00000000 
142.57500000 0.00000000 
142.62500000 0.00000000 
142.67500000 0.00000000 
142.72500000 0.00000000 
142.77500000 0.00000000 
142.82500000 0.00000000 
142.87500000 0.00000000 
142.92500000 0.00000000 
142.97500000 0.00000000 
143.02500000 0.00000000 
143.07500000 0.00000000 
143.12500000 0.00000000 
143.17500000 0.00000000 
143.22500000 0.00000000 
143.27500000 0.00000000 
143.32500000 0.00000000 
143.37500000 0.00000000 
143.42500000 0.00000000 
143.47500000 0.00000000 
143.52500000 0.00000000 
143.57500000 0.00000000 
143.62500000 0.00000000 
143.67500000 0.00000000 
143.72500000 0.00000000 
143.77500000 0.00000000 
143.82500000 0.00000000 
143.87500000 0.00000000 
143.92500000 0.00000000 
143.97500000 0.00000000 
144.02500000 0.00000000 
144.07500000 0.00000000 
144.12500000 0.00000000 
144.17500000 0.00000000 
144.22500000 0.00000000 
144.27500000 0.00000000 
144.32500000 0.00000000 
144.37500000 0.00000000 
144.42500000 0.00000000 
144.47500000 0.00000000 
144.52500000 0.00000000 
144.57500000 0.00000000 
144.62500000 0.00000000 
144.67500000 0.00000000 
144.72500000 0.00000000 
144.77500000 0.00000000 
144.82500000 0.00000000 
144.87500000 0.00000000 
144.92500000 0.00000000 
144.97500000 0.00000000 
145.02500000 0.00000000 
145.07500000 0.00000000 
145.12500000 0.00000000 
145.17500000 0.00000000 
145.22500000 0.00000000 
145.27500000 0.00000000 
145.32500000 0.00000000 
145.37500000 0.00000000 
145.42500000 0.00000000 
145.47500000 0.00000000 
145.52500000 0.00000000 
145.57500000 0.00000000 
145.62500000 0.00000000 
145.67500000 0.00000000 
145.72500000 0.00000000 
145.77500000 0.00000000 
145.82500000 0.00000000 
145.87500000 0.00000000 
145.92500000 0.00000000 
145.97500000 0.00000000 
146.02500000 0.00000000 
146.07500000 0.00000000 
146.12500000 0.00000000 
146.17500000 0.00000000 
146.22500000 0.00000000 
146.27500000 0.00000000 
146.32500000 0.00000000 
146.37500000 0.00000000 
146.42500000 0.00000000 
146.47500000 0.00000000 
146.52500000 0.00000000 
146.57500000 0.00000000 
146.62500000 0.00000000 
146.67500000 0.00000000 
146.72500000 0.00000000 
146.77500000 0.00000000 
146.82500000 0.00000000 
146.87500000 0.00000000 
146.92500000 0.00000000 
146.97500000 0.00000000 
147.02500000 0.00000000 
147.07500000 0.00000000 
147.12500000 0.00000000 
147.17500000 0.00000000 
147.22500000 0.00000000 
147.27500000 0.00000000 
147.32500000 0.00000000 
147.37500000 0.00000000 
147.42500000 0.00000000 
147.47500000 0.00000000 
147.52500000 0.00000000 
147.57500000 0.00000000 
147.62500000 0.00000000 
147.67500000 0.00000000 
147.72500000 0.00000000 
147.77500000 0.00000000 
147.82500000 0.00000000 
147.87500000 0.00000000 
147.92500000 0.00000000 
147.97500000 0.00000000 
148.02500000 0.00000000 
148.07500000 0.00000000 
148.12500000 0.00000000 
148.17500000 0.00000000 
148.22500000 0.00000000 
148.27500000 0.00000000 
148.32500000 0.00000000 
148.37500000 0.00000000 
148.42500000 0.00000000 
148.47500000 0.00000000 
148.52500000 0.00000000 
148.57500000 0.00000000 
148.62500000 0.00000000 
148.67500000 0.00000000 
148.72500000 0.00000000 
148.77500000 0.00000000 
148.82500000 0.00000000 
148.87500000 0.00000000 
148.92500000 0.00000000 
148.97500000 0.00000000 
149.02500000 0.00000000 
149.07500000 0.00000000 
149.12500000 0.00000000 
149.17500000 0.00000000 
149.22500000 0.00000000 
149.27500000 0.00000000 
149.32500000 0.00000000 
149.37500000 0.00000000 
149.42500000 0.00000000 
149.47500000 0.00000000 
149.52500000 0.00000000 
149.57500000 0.00000000 
149.62500000 0.00000000 
149.67500000 0.00000000 
149.72500000 0.00000000 
149.77500000 0.00000000 
149.82500000 0.00000000 
149.87500000 0.00000000 
149.92500000 0.00000000 
149.97500000 0.00000000 
150.02500000 0.00000000 
150.07500000 0.00000000 
150.12500000 0.00000000 
150.17500000 0.00000000 
150.22500000 0.00000000 
150.27500000 0.00000000 
150.32500000 0.00000000 
150.37500000 0.00000000 
150.42500000 0.00000000 
150.47500000 0.00000000 
150.52500000 0.00000000 
150.57500000 0.00000000 
150.62500000 0.00000000 
150.67500000 0.00000000 
150.72500000 0.00000000 
150.77500000 0.00000000 
150.82500000 0.00000000 
150.87500000 0.00000000 
150.92500000 0.00000000 
150.97500000 0.00000000 
151.02500000 0.00000000 
151.07500000 0.00000000 
151.12500000 0.00000000 
151.17500000 0.00000000 
151.22500000 0.00000000 
151.27500000 0.00000000 
151.32500000 0.00000000 
151.37500000 0.00000000 
151.42500000 0.00000000 
151.47500000 0.00000000 
151.52500000 0.00000000 
151.57500000 0.00000000 
151.62500000 0.00000000 
151.67500000 0.00000000 
151.72500000 0.00000000 
151.77500000 0.00000000 
151.82500000 0.00000000 
151.87500000 0.00000000 
151.92500000 0.00000000 
151.97500000 0.00000000 
152.02500000 0.00000000 
152.07500000 0.00000000 
152.12500000 0.00000000 
152.17500000 0.00000000 
152.22500000 0.00000000 
152.27500000 0.00000000 
152.32500000 0.00000000 
152.37500000 0.00000000 
152.42500000 0.00000000 
152.47500000 0.00000000 
152.52500000 0.00000000 
152.57500000 0.00000000 
152.62500000 0.00000000 
152.67500000 0.00000000 
152.72500000 0.00000000 
152.77500000 0.00000000 
152.82500000 0.00000000 
152.87500000 0.00000000 
152.92500000 0.00000000 
152.97500000 0.00000000 
153.02500000 0.00000000 
153.07500000 0.00000000 
153.12500000 0.00000000 
153.17500000 0.00000000 
153.22500000 0.00000000 
153.27500000 0.00000000 
153.32500000 0.00000000 
153.37500000 0.00000000 
153.42500000 0.00000000 
153.47500000 0.00000000 
153.52500000 0.00000000 
153.57500000 0.00000000 
153.62500000 0.00000000 
153.67500000 0.00000000 
153.72500000 0.00000000 
153.77500000 0.00000000 
153.82500000 0.00000000 
153.87500000 0.00000000 
153.92500000 0.00000000 
153.97500000 0.00000000 
154.02500000 0.00000000 
154.07500000 0.00000000 
154.12500000 0.00000000 
154.17500000 0.00000000 
154.22500000 0.00000000 
154.27500000 0.00000000 
154.32500000 0.00000000 
154.37500000 0.00000000 
154.42500000 0.00000000 
154.47500000 0.00000000 
154.52500000 0.00000000 
154.57500000 0.00000000 
154.62500000 0.00000000 
154.67500000 0.00000000 
154.72500000 0.00000000 
154.77500000 0.00000000 
154.82500000 0.00000000 
154.87500000 0.00000000 
154.92500000 0.00000000 
154.97500000 0.00000000 
155.02500000 0.00000000 
155.07500000 0.00000000 
155.12500000 0.00000000 
155.17500000 0.00000000 
155.22500000 0.00000000 
155.27500000 0.00000000 
155.32500000 0.00000000 
155.37500000 0.00000000 
155.42500000 0.00000000 
155.47500000 0.00000000 
155.52500000 0.00000000 
155.57500000 0.00000000 
155.62500000 0.00000000 
155.67500000 0.00000000 
155.72500000 0.00000000 
155.77500000 0.00000000 
155.82500000 0.00000000 
155.87500000 0.00000000 
155.92500000 0.00000000 
155.97500000 0.00000000 
156.02500000 0.00000000 
156.07500000 0.00000000 
156.12500000 0.00000000 
156.17500000 0.00000000 
156.22500000 0.00000000 
156.27500000 0.00000000 
156.32500000 0.00000000 
156.37500000 0.00000000 
156.42500000 0.00000000 
156.47500000 0.00000000 
156.52500000 0.00000000 
156.57500000 0.00000000 
156.62500000 0.00000000 
156.67500000 0.00000000 
156.72500000 0.00000000 
156.77500000 0.00000000 
156.82500000 0.00000000 
156.87500000 0.00000000 
156.92500000 0.00000000 
156.97500000 0.00000000 
157.02500000 0.00000000 
157.07500000 0.00000000 
157.12500000 0.00000000 
157.17500000 0.00000000 
157.22500000 0.00000000 
157.27500000 0.00000000 
157.32500000 0.00000000 
157.37500000 0.00000000 
157.42500000 0.00000000 
157.47500000 0.00000000 
157.52500000 0.00000000 
157.57500000 0.00000000 
157.62500000 0.00000000 
157.67500000 0.00000000 
157.72500000 0.00000000 
157.77500000 0.00000000 
157.82500000 0.00000000 
157.87500000 0.00000000 
157.92500000 0.00000000 
157.97500000 0.00000000 
158.02500000 0.00000000 
158.07500000 0.00000000 
158.12500000 0.00000000 
158.17500000 0.00000000 
158.22500000 0.00000000 
158.27500000 0.00000000 
158.32500000 0.00000000 
158.37500000 0.00000000 
158.42500000 0.00000000 
158.47500000 0.00000000 
158.52500000 0.00000000 
158.57500000 0.00000000 
158.62500000 0.00000000 
158.67500000 0.00000000 
158.72500000 0.00000000 
158.77500000 0.00000000 
158.82500000 0.00000000 
158.87500000 0.00000000 
158.92500000 0.00000000 
158.97500000 0.00000000 
159.02500000 0.00000000 
159.07500000 0.00000000 
159.12500000 0.00000000 
159.17500000 0.00000000 
159.22500000 0.00000000 
159.27500000 0.00000000 
159.32500000 0.00000000 
159.37500000 0.00000000 
159.42500000 0.00000000 
159.47500000 0.00000000 
159.52500000 0.00000000 
159.57500000 0.00000000 
159.62500000 0.00000000 
159.67500000 0.00000000 
159.72500000 0.00000000 
159.77500000 0.00000000 
159.82500000 0.00000000 
159.87500000 0.00000000 
159.92500000 0.00000000 
159.97500000 0.00000000 
160.02500000 0.00000000 
160.07500000 0.00000000 
160.12500000 0.00000000 
160.17500000 0.00000000 
160.22500000 0.00000000 
160.27500000 0.00000000 
160.32500000 0.00000000 
160.37500000 0.00000000 
160.42500000 0.00000000 
160.47500000 0.00000000 
160.52500000 0.00000000 
160.57500000 0.00000000 
160.62500000 0.00000000 
160.67500000 0.00000000 
160.72500000 0.00000000 
160.77500000 0.00000000 
160.82500000 0.00000000 
160.87500000 0.00000000 
160.92500000 0.00000000 
160.97500000 0.00000000 
161.02500000 0.00000000 
161.07500000 0.00000000 
161.12500000 0.00000000 
161.17500000 0.00000000 
161.22500000 0.00000000 
161.27500000 0.00000000 
161.32500000 0.00000000 
161.37500000 0.00000000 
161.42500000 0.00000000 
161.47500000 0.00000000 
161.52500000 0.00000000 
161.57500000 0.00000000 
161.62500000 0.00000000 
161.67500000 0.00000000 
161.72500000 0.00000000 
161.77500000 0.00000000 
161.82500000 0.00000000 
161.87500000 0.00000000 
161.92500000 0.00000000 
161.97500000 0.00000000 
162.02500000 0.00000000 
162.07500000 0.00000000 
162.12500000 0.00000000 
162.17500000 0.00000000 
162.22500000 0.00000000 
162.27500000 0.00000000 
162.32500000 0.00000000 
162.37500000 0.00000000 
162.42500000 0.00000000 
162.47500000 0.00000000 
162.52500000 0.00000000 
162.57500000 0.00000000 
162.62500000 0.00000000 
162.67500000 0.00000000 
162.72500000 0.00000000 
162.77500000 0.00000000 
162.82500000 0.00000000 
162.87500000 0.00000000 
162.92500000 0.00000000 
162.97500000 0.00000000 
163.02500000 0.00000000 
163.07500000 0.00000000 
163.12500000 0.00000000 
163.17500000 0.00000000 
163.22500000 0.00000000 
163.27500000 0.00000000 
163.32500000 0.00000000 
163.37500000 0.00000000 
163.42500000 0.00000000 
163.47500000 0.00000000 
163.52500000 0.00000000 
163.57500000 0.00000000 
163.62500000 0.00000000 
163.67500000 0.00000000 
163.72500000 0.00000000 
163.77500000 0.00000000 
163.82500000 0.00000000 
163.87500000 0.00000000 
163.92500000 0.00000000 
163.97500000 0.00000000 
164.02500000 0.00000000 
164.07500000 0.00000000 
164.12500000 0.00000000 
164.17500000 0.00000000 
164.22500000 0.00000000 
164.27500000 0.00000000 
164.32500000 0.00000000 
164.37500000 0.00000000 
164.42500000 0.00000000 
164.47500000 0.00000000 
164.52500000 0.00000000 
164.57500000 0.00000000 
164.62500000 0.00000000 
164.67500000 0.00000000 
164.72500000 0.00000000 
164.77500000 0.00000000 
164.82500000 0.00000000 
164.87500000 0.00000000 
164.92500000 0.00000000 
164.97500000 0.00000000 
165.02500000 0.00000000 
165.07500000 0.00000000 
165.12500000 0.00000000 
165.17500000 0.00000000 
165.22500000 0.00000000 
165.27500000 0.00000000 
165.32500000 0.00000000 
165.37500000 0.00000000 
165.42500000 0.00000000 
165.47500000 0.00000000 
165.52500000 0.00000000 
165.57500000 0.00000000 
165.62500000 0.00000000 
165.67500000 0.00000000 
165.72500000 0.00000000 
165.77500000 0.00000000 
165.82500000 0.00000000 
165.87500000 0.00000000 
165.92500000 0.00000000 
165.97500000 0.00000000 
166.02500000 0.00000000 
166.07500000 0.00000000 
166.12500000 0.00000000 
166.17500000 0.00000000 
166.22500000 0.00000000 
166.27500000 0.00000000 
166.32500000 0.00000000 
166.37500000 0.00000000 
166.42500000 0.00000000 
166.47500000 0.00000000 
166.52500000 0.00000000 
166.57500000 0.00000000 
166.62500000 0.00000000 
166.67500000 0.00000000 
166.72500000 0.00000000 
166.77500000 0.00000000 
166.82500000 0.00000000 
166.87500000 0.00000000 
166.92500000 0.00000000 
166.97500000 0.00000000 
167.02500000 0.00000000 
167.07500000 0.00000000 
167.12500000 0.00000000 
167.17500000 0.00000000 
167.22500000 0.00000000 
167.27500000 0.00000000 
167.32500000 0.00000000 
167.37500000 0.00000000 
167.42500000 0.00000000 
167.47500000 0.00000000 
167.52500000 0.00000000 
167.57500000 0.00000000 
167.62500000 0.00000000 
167.67500000 0.00000000 
167.72500000 0.00000000 
167.77500000 0.00000000 
167.82500000 0.00000000 
167.87500000 0.00000000 
167.92500000 0.00000000 
167.97500000 0.00000000 
168.02500000 0.00000000 
168.07500000 0.00000000 
168.12500000 0.00000000 
168.17500000 0.00000000 
168.22500000 0.00000000 
168.27500000 0.00000000 
168.32500000 0.00000000 
168.37500000 0.00000000 
168.42500000 0.00000000 
168.47500000 0.00000000 
168.52500000 0.00000000 
168.57500000 0.00000000 
168.62500000 0.00000000 
168.67500000 0.00000000 
168.72500000 0.00000000 
168.77500000 0.00000000 
168.82500000 0.00000000 
168.87500000 0.00000000 
168.92500000 0.00000000 
168.97500000 0.00000000 
169.02500000 0.00000000 
169.07500000 0.00000000 
169.12500000 0.00000000 
169.17500000 0.00000000 
169.22500000 0.00000000 
169.27500000 0.00000000 
169.32500000 0.00000000 
169.37500000 0.00000000 
169.42500000 0.00000000 
169.47500000 0.00000000 
169.52500000 0.00000000 
169.57500000 0.00000000 
169.62500000 0.00000000 
169.67500000 0.00000000 
169.72500000 0.00000000 
169.77500000 0.00000000 
169.82500000 0.00000000 
169.87500000 0.00000000 
169.92500000 0.00000000 
169.97500000 0.00000000 
170.02500000 0.00000000 
170.07500000 0.00000000 
170.12500000 0.00000000 
170.17500000 0.00000000 
170.22500000 0.00000000 
170.27500000 0.00000000 
170.32500000 0.00000000 
170.37500000 0.00000000 
170.42500000 0.00000000 
170.47500000 0.00000000 
170.52500000 0.00000000 
170.57500000 0.00000000 
170.62500000 0.00000000 
170.67500000 0.00000000 
170.72500000 0.00000000 
170.77500000 0.00000000 
170.82500000 0.00000000 
170.87500000 0.00000000 
170.92500000 0.00000000 
170.97500000 0.00000000 
171.02500000 0.00000000 
171.07500000 0.00000000 
171.12500000 0.00000000 
171.17500000 0.00000000 
171.22500000 0.00000000 
171.27500000 0.00000000 
171.32500000 0.00000000 
171.37500000 0.00000000 
171.42500000 0.00000000 
171.47500000 0.00000000 
171.52500000 0.00000000 
171.57500000 0.00000000 
171.62500000 0.00000000 
171.67500000 0.00000000 
171.72500000 0.00000000 
171.77500000 0.00000000 
171.82500000 0.00000000 
171.87500000 0.00000000 
171.92500000 0.00000000 
171.97500000 0.00000000 
172.02500000 0.00000000 
172.07500000 0.00000000 
172.12500000 0.00000000 
172.17500000 0.00000000 
172.22500000 0.00000000 
172.27500000 0.00000000 
172.32500000 0.00000000 
172.37500000 0.00000000 
172.42500000 0.00000000 
172.47500000 0.00000000 
172.52500000 0.00000000 
172.57500000 0.00000000 
172.62500000 0.00000000 
172.67500000 0.00000000 
172.72500000 0.00000000 
172.77500000 0.00000000 
172.82500000 0.00000000 
172.87500000 0.00000000 
172.92500000 0.00000000 
172.97500000 0.00000000 
173.02500000 0.00000000 
173.07500000 0.00000000 
173.12500000 0.00000000 
173.17500000 0.00000000 
173.22500000 0.00000000 
173.27500000 0.00000000 
173.32500000 0.00000000 
173.37500000 0.00000000 
173.42500000 0.00000000 
173.47500000 0.00000000 
173.52500000 0.00000000 
173.57500000 0.00000000 
173.62500000 0.00000000 
173.67500000 0.00000000 
173.72500000 0.00000000 
173.77500000 0.00000000 
173.82500000 0.00000000 
173.87500000 0.00000000 
173.92500000 0.00000000 
173.97500000 0.00000000 
174.02500000 0.00000000 
174.07500000 0.00000000 
174.12500000 0.00000000 
174.17500000 0.00000000 
174.22500000 0.00000000 
174.27500000 0.00000000 
174.32500000 0.00000000 
174.37500000 0.00000000 
174.42500000 0.00000000 
174.47500000 0.00000000 
174.52500000 0.00000000 
174.57500000 0.00000000 
174.62500000 0.00000000 
174.67500000 0.00000000 
174.72500000 0.00000000 
174.77500000 0.00000000 
174.82500000 0.00000000 
174.87500000 0.00000000 
174.92500000 0.00000000 
174.97500000 0.00000000 
175.02500000 0.00000000 
175.07500000 0.00000000 
175.12500000 0.00000000 
175.17500000 0.00000000 
175.22500000 0.00000000 
175.27500000 0.00000000 
175.32500000 0.00000000 
175.37500000 0.00000000 
175.42500000 0.00000000 
175.47500000 0.00000000 
175.52500000 0.00000000 
175.57500000 0.00000000 
175.62500000 0.00000000 
175.67500000 0.00000000 
175.72500000 0.00000000 
175.77500000 0.00000000 
175.82500000 0.00000000 
175.87500000 0.00000000 
175.92500000 0.00000000 
175.97500000 0.00000000 
176.02500000 0.00000000 
176.07500000 0.00000000 
176.12500000 0.00000000 
176.17500000 0.00000000 
176.22500000 0.00000000 
176.27500000 0.00000000 
176.32500000 0.00000000 
176.37500000 0.00000000 
176.42500000 0.00000000 
176.47500000 0.00000000 
176.52500000 0.00000000 
176.57500000 0.00000000 
176.62500000 0.00000000 
176.67500000 0.00000000 
176.72500000 0.00000000 
176.77500000 0.00000000 
176.82500000 0.00000000 
176.87500000 0.00000000 
176.92500000 0.00000000 
176.97500000 0.00000000 
177.02500000 0.00000000 
177.07500000 0.00000000 
177.12500000 0.00000000 
177.17500000 0.00000000 
177.22500000 0.00000000 
177.27500000 0.00000000 
177.32500000 0.00000000 
177.37500000 0.00000000 
177.42500000 0.00000000 
177.47500000 0.00000000 
177.52500000 0.00000000 
177.57500000 0.00000000 
177.62500000 0.00000000 
177.67500000 0.00000000 
177.72500000 0.00000000 
177.77500000 0.00000000 
177.82500000 0.00000000 
177.87500000 0.00000000 
177.92500000 0.00000000 
177.97500000 0.00000000 
178.02500000 0.00000000 
178.07500000 0.00000000 
178.12500000 0.00000000 
178.17500000 0.00000000 
178.22500000 0.00000000 
178.27500000 0.00000000 
178.32500000 0.00000000 
178.37500000 0.00000000 
178.42500000 0.00000000 
178.47500000 0.00000000 
178.52500000 0.00000000 
178.57500000 0.00000000 
178.62500000 0.00000000 
178.67500000 0.00000000 
178.72500000 0.00000000 
178.77500000 0.00000000 
178.82500000 0.00000000 
178.87500000 0.00000000 
178.92500000 0.00000000 
178.97500000 0.00000000 
179.02500000 0.00000000 
179.07500000 0.00000000 
179.12500000 0.00000000 
179.17500000 0.00000000 
179.22500000 0.00000000 
179.27500000 0.00000000 
179.32500000 0.00000000 
179.37500000 0.00000000 
179.42500000 0.00000000 
179.47500000 0.00000000 
179.52500000 0.00000000 
179.57500000 0.00000000 
179.62500000 0.00000000 
179.67500000 0.00000000 
179.72500000 0.00000000 
179.77500000 0.00000000 
179.82500000 0.00000000 
179.87500000 0.00000000 
179.92500000 0.00000000 
179.97500000 0.00000000 
180.02500000 0.00000000 
180.07500000 0.00000000 
180.12500000 0.00000000 
180.17500000 0.00000000 
180.22500000 0.00000000 
180.27500000 0.00000000 
180.32500000 0.00000000 
180.37500000 0.00000000 
180.42500000 0.00000000 
180.47500000 0.00000000 
180.52500000 0.00000000 
180.57500000 0.00000000 
180.62500000 0.00000000 
180.67500000 0.00000000 
180.72500000 0.00000000 
180.77500000 0.00000000 
180.82500000 0.00000000 
180.87500000 0.00000000 
180.92500000 0.00000000 
180.97500000 0.00000000 
181.02500000 0.00000000 
181.07500000 0.00000000 
181.12500000 0.00000000 
181.17500000 0.00000000 
181.22500000 0.00000000 
181.27500000 0.00000000 
181.32500000 0.00000000 
181.37500000 0.00000000 
181.42500000 0.00000000 
181.47500000 0.00000000 
181.52500000 0.00000000 
181.57500000 0.00000000 
181.62500000 0.00000000 
181.67500000 0.00000000 
181.72500000 0.00000000 
181.77500000 0.00000000 
181.82500000 0.00000000 
181.87500000 0.00000000 
181.92500000 0.00000000 
181.97500000 0.00000000 
182.02500000 0.00000000 
182.07500000 0.00000000 
182.12500000 0.00000000 
182.17500000 0.00000000 
182.22500000 0.00000000 
182.27500000 0.00000000 
182.32500000 0.00000000 
182.37500000 0.00000000 
182.42500000 0.00000000 
182.47500000 0.00000000 
182.52500000 0.00000000 
182.57500000 0.00000000 
182.62500000 0.00000000 
182.67500000 0.00000000 
182.72500000 0.00000000 
182.77500000 0.00000000 
182.82500000 0.00000000 
182.87500000 0.00000000 
182.92500000 0.00000000 
182.97500000 0.00000000 
183.02500000 0.00000000 
183.07500000 0.00000000 
183.12500000 0.00000000 
183.17500000 0.00000000 
183.22500000 0.00000000 
183.27500000 0.00000000 
183.32500000 0.00000000 
183.37500000 0.00000000 
183.42500000 0.00000000 
183.47500000 0.00000000 
183.52500000 0.00000000 
183.57500000 0.00000000 
183.62500000 0.00000000 
183.67500000 0.00000000 
183.72500000 0.00000000 
183.77500000 0.00000000 
183.82500000 0.00000000 
183.87500000 0.00000000 
183.92500000 0.00000000 
183.97500000 0.00000000 
184.02500000 0.00000000 
184.07500000 0.00000000 
184.12500000 0.00000000 
184.17500000 0.00000000 
184.22500000 0.00000000 
184.27500000 0.00000000 
184.32500000 0.00000000 
184.37500000 0.00000000 
184.42500000 0.00000000 
184.47500000 0.00000000 
184.52500000 0.00000000 
184.57500000 0.00000000 
184.62500000 0.00000000 
184.67500000 0.00000000 
184.72500000 0.00000000 
184.77500000 0.00000000 
184.82500000 0.00000000 
184.87500000 0.00000000 
184.92500000 0.00000000 
184.97500000 0.00000000 
185.02500000 0.00000000 
185.07500000 0.00000000 
185.12500000 0.00000000 
185.17500000 0.00000000 
185.22500000 0.00000000 
185.27500000 0.00000000 
185.32500000 0.00000000 
185.37500000 0.00000000 
185.42500000 0.00000000 
185.47500000 0.00000000 
185.52500000 0.00000000 
185.57500000 0.00000000 
185.62500000 0.00000000 
185.67500000 0.00000000 
185.72500000 0.00000000 
185.77500000 0.00000000 
185.82500000 0.00000000 
185.87500000 0.00000000 
185.92500000 0.00000000 
185.97500000 0.00000000 
186.02500000 0.00000000 
186.07500000 0.00000000 
186.12500000 0.00000000 
186.17500000 0.00000000 
186.22500000 0.00000000 
186.27500000 0.00000000 
186.32500000 0.00000000 
186.37500000 0.00000000 
186.42500000 0.00000000 
186.47500000 0.00000000 
186.52500000 0.00000000 
186.57500000 0.00000000 
186.62500000 0.00000000 
186.67500000 0.00000000 
186.72500000 0.00000000 
186.77500000 0.00000000 
186.82500000 0.00000000 
186.87500000 0.00000000 
186.92500000 0.00000000 
186.97500000 0.00000000 
187.02500000 0.00000000 
187.07500000 0.00000000 
187.12500000 0.00000000 
187.17500000 0.00000000 
187.22500000 0.00000000 
187.27500000 0.00000000 
187.32500000 0.00000000 
187.37500000 0.00000000 
187.42500000 0.00000000 
187.47500000 0.00000000 
187.52500000 0.00000000 
187.57500000 0.00000000 
187.62500000 0.00000000 
187.67500000 0.00000000 
187.72500000 0.00000000 
187.77500000 0.00000000 
187.82500000 0.00000000 
187.87500000 0.00000000 
187.92500000 0.00000000 
187.97500000 0.00000000 
188.02500000 0.00000000 
188.07500000 0.00000000 
188.12500000 0.00000000 
188.17500000 0.00000000 
188.22500000 0.00000000 
188.27500000 0.00000000 
188.32500000 0.00000000 
188.37500000 0.00000000 
188.42500000 0.00000000 
188.47500000 0.00000000 
188.52500000 0.00000000 
188.57500000 0.00000000 
188.62500000 0.00000000 
188.67500000 0.00000000 
188.72500000 0.00000000 
188.77500000 0.00000000 
188.82500000 0.00000000 
188.87500000 0.00000000 
188.92500000 0.00000000 
188.97500000 0.00000000 
189.02500000 0.00000000 
189.07500000 0.00000000 
189.12500000 0.00000000 
189.17500000 0.00000000 
189.22500000 0.00000000 
189.27500000 0.00000000 
189.32500000 0.00000000 
189.37500000 0.00000000 
189.42500000 0.00000000 
189.47500000 0.00000000 
189.52500000 0.00000000 
189.57500000 0.00000000 
189.62500000 0.00000000 
189.67500000 0.00000000 
189.72500000 0.00000000 
189.77500000 0.00000000 
189.82500000 0.00000000 
189.87500000 0.00000000 
189.92500000 0.00000000 
189.97500000 0.00000000 
190.02500000 0.00000000 
190.07500000 0.00000000 
190.12500000 0.00000000 
190.17500000 0.00000000 
190.22500000 0.00000000 
190.27500000 0.00000000 
190.32500000 0.00000000 
190.37500000 0.00000000 
190.42500000 0.00000000 
190.47500000 0.00000000 
190.52500000 0.00000000 
190.57500000 0.00000000 
190.62500000 0.00000000 
190.67500000 0.00000000 
190.72500000 0.00000000 
190.77500000 0.00000000 
190.82500000 0.00000000 
190.87500000 0.00000000 
190.92500000 0.00000000 
190.97500000 0.00000000 
191.02500000 0.00000000 
191.07500000 0.00000000 
191.12500000 0.00000000 
191.17500000 0.00000000 
191.22500000 0.00000000 
191.27500000 0.00000000 
191.32500000 0.00000000 
191.37500000 0.00000000 
191.42500000 0.00000000 
191.47500000 0.00000000 
191.52500000 0.00000000 
191.57500000 0.00000000 
191.62500000 0.00000000 
191.67500000 0.00000000 
191.72500000 0.00000000 
191.77500000 0.00000000 
191.82500000 0.00000000 
191.87500000 0.00000000 
191.92500000 0.00000000 
191.97500000 0.00000000 
192.02500000 0.00000000 
192.07500000 0.00000000 
192.12500000 0.00000000 
192.17500000 0.00000000 
192.22500000 0.00000000 
192.27500000 0.00000000 
192.32500000 0.00000000 
192.37500000 0.00000000 
192.42500000 0.00000000 
192.47500000 0.00000000 
192.52500000 0.00000000 
192.57500000 0.00000000 
192.62500000 0.00000000 
192.67500000 0.00000000 
192.72500000 0.00000000 
192.77500000 0.00000000 
192.82500000 0.00000000 
192.87500000 0.00000000 
192.92500000 0.00000000 
192.97500000 0.00000000 
193.02500000 0.00000000 
193.07500000 0.00000000 
193.12500000 0.00000000 
193.17500000 0.00000000 
193.22500000 0.00000000 
193.27500000 0.00000000 
193.32500000 0.00000000 
193.37500000 0.00000000 
193.42500000 0.00000000 
193.47500000 0.00000000 
193.52500000 0.00000000 
193.57500000 0.00000000 
193.62500000 0.00000000 
193.67500000 0.00000000 
193.72500000 0.00000000 
193.77500000 0.00000000 
193.82500000 0.00000000 
193.87500000 0.00000000 
193.92500000 0.00000000 
193.97500000 0.00000000 
194.02500000 0.00000000 
194.07500000 0.00000000 
194.12500000 0.00000000 
194.17500000 0.00000000 
194.22500000 0.00000000 
194.27500000 0.00000000 
194.32500000 0.00000000 
194.37500000 0.00000000 
194.42500000 0.00000000 
194.47500000 0.00000000 
194.52500000 0.00000000 
194.57500000 0.00000000 
194.62500000 0.00000000 
194.67500000 0.00000000 
194.72500000 0.00000000 
194.77500000 0.00000000 
194.82500000 0.00000000 
194.87500000 0.00000000 
194.92500000 0.00000000 
194.97500000 0.00000000 
195.02500000 0.00000000 
195.07500000 0.00000000 
195.12500000 0.00000000 
195.17500000 0.00000000 
195.22500000 0.00000000 
195.27500000 0.00000000 
195.32500000 0.00000000 
195.37500000 0.00000000 
195.42500000 0.00000000 
195.47500000 0.00000000 
195.52500000 0.00000000 
195.57500000 0.00000000 
195.62500000 0.00000000 
195.67500000 0.00000000 
195.72500000 0.00000000 
195.77500000 0.00000000 
195.82500000 0.00000000 
195.87500000 0.00000000 
195.92500000 0.00000000 
195.97500000 0.00000000 
196.02500000 0.00000000 
196.07500000 0.00000000 
196.12500000 0.00000000 
196.17500000 0.00000000 
196.22500000 0.00000000 
196.27500000 0.00000000 
196.32500000 0.00000000 
196.37500000 0.00000000 
196.42500000 0.00000000 
196.47500000 0.00000000 
196.52500000 0.00000000 
196.57500000 0.00000000 
196.62500000 0.00000000 
196.67500000 0.00000000 
196.72500000 0.00000000 
196.77500000 0.00000000 
196.82500000 0.00000000 
196.87500000 0.00000000 
196.92500000 0.00000000 
196.97500000 0.00000000 
197.02500000 0.00000000 
197.07500000 0.00000000 
197.12500000 0.00000000 
197.17500000 0.00000000 
197.22500000 0.00000000 
197.27500000 0.00000000 
197.32500000 0.00000000 
197.37500000 0.00000000 
197.42500000 0.00000000 
197.47500000 0.00000000 
197.52500000 0.00000000 
197.57500000 0.00000000 
197.62500000 0.00000000 
197.67500000 0.00000000 
197.72500000 0.00000000 
197.77500000 0.00000000 
197.82500000 0.00000000 
197.87500000 0.00000000 
197.92500000 0.00000000 
197.97500000 0.00000000 
198.02500000 0.00000000 
198.07500000 0.00000000 
198.12500000 0.00000000 
198.17500000 0.00000000 
198.22500000 0.00000000 
198.27500000 0.00000000 
198.32500000 0.00000000 
198.37500000 0.00000000 
198.42500000 0.00000000 
198.47500000 0.00000000 
198.52500000 0.00000000 
198.57500000 0.00000000 
198.62500000 0.00000000 
198.67500000 0.00000000 
198.72500000 0.00000000 
198.77500000 0.00000000 
198.82500000 0.00000000 
198.87500000 0.00000000 
198.92500000 0.00000000 
198.97500000 0.00000000 
199.02500000 0.00000000 
199.07500000 0.00000000 
199.12500000 0.00000000 
199.17500000 0.00000000 
199.22500000 0.00000000 
199.27500000 0.00000000 
199.32500000 0.00000000 
199.37500000 0.00000000 
199.42500000 0.00000000 
199.47500000 0.00000000 
199.52500000 0.00000000 
199.57500000 0.00000000 
199.62500000 0.00000000 
199.67500000 0.00000000 
199.72500000 0.00000000 
199.77500000 0.00000000 
199.82500000 0.00000000 
199.87500000 0.00000000 
199.92500000 0.00000000 
199.97500000 0.00000000 
