0.02500000 1.00000000 
0.07500000 1.00000000 
0.12500000 1.00000000 
0.17500000 1.00000000 
0.22500000 1.00000000 
0.27500000 1.00000000 
0.32500000 1.00000000 
0.37500000 1.00000000 
0.42500000 1.00000000 
0.47500000 1.00000000 
0.52500000 1.00000000 
0.57500000 1.00000000 
0.62500000 1.00000000 
0.67500000 1.00000000 
0.72500000 1.00000000 
0.77500000 1.00000000 
0.82500000 1.00000000 
0.87500000 1.00000000 
0.92500000 1.00000000 
0.97500000 1.00000000 
1.02500000 1.00000000 
1.07500000 1.00000000 
1.12500000 1.00000000 
1.17500000 1.00000000 
1.22500000 1.00000000 
1.27500000 1.00000000 
1.32500000 1.00000000 
1.37500000 1.00000000 
1.42500000 1.00000000 
1.47500000 1.00000000 
1.52500000 1.00000000 
1.57500000 1.00000000 
1.62500000 1.00000000 
1.67500000 1.00000000 
1.72500000 1.00000000 
1.77500000 1.00000000 
1.82500000 1.00000000 
1.87500000 1.00000000 
1.92500000 1.00000000 
1.97500000 1.00000000 
2.02500000 1.00000000 
2.07500000 1.00000000 
2.12500000 1.00000000 
2.17500000 1.00000000 
2.22500000 0.99999999 
2.27500000 0.99999999 
2.32500000 0.99999999 
2.37500000 0.99999999 
2.42500000 0.99999999 
2.47500000 0.99999999 
2.52500000 0.99999999 
2.57500000 0.99999999 
2.62500000 0.99999999 
2.67500000 0.99999999 
2.72500000 0.99999999 
2.77500000 0.99999999 
2.82500000 0.99999999 
2.87500000 0.99999999 
2.92500000 0.99999999 
2.97500000 0.99999999 
3.02500000 0.99999999 
3.07500000 0.99999999 
3.12500000 0.99999999 
3.17500000 0.99999999 
3.22500000 0.99999999 
3.27500000 0.99999999 
3.32500000 0.99999999 
3.37500000 0.99999999 
3.42500000 0.99999999 
3.47500000 0.99999999 
3.52500000 0.99999999 
3.57500000 0.99999999 
3.62500000 0.99999999 
3.67500000 0.99999999 
3.72500000 0.99999999 
3.77500000 0.99999999 
3.82500000 0.99999999 
3.87500000 0.99999999 
3.92500000 0.99999999 
3.97500000 0.99999999 
4.02500000 0.99999999 
4.07500000 0.99999999 
4.12500000 0.99999999 
4.17500000 0.99999999 
4.22500000 0.99999999 
4.27500000 0.99999999 
4.32500000 0.99999999 
4.37500000 0.99999999 
4.42500000 0.99999998 
4.47500000 0.99999998 
4.52500000 0.99999998 
4.57500000 0.99999998 
4.62500000 0.99999998 
4.67500000 0.99999998 
4.72500000 0.99999998 
4.77500000 0.99999998 
4.82500000 0.99999998 
4.87500000 0.99999998 
4.92500000 0.99999998 
4.97500000 0.99999998 
5.02500000 0.99999998 
5.07500000 0.99999998 
5.12500000 0.99999998 
5.17500000 0.99999998 
5.22500000 0.99999998 
5.27500000 0.99999998 
5.32500000 0.99999998 
5.37500000 0.99999998 
5.42500000 0.99999998 
5.47500000 0.99999998 
5.52500000 0.99999998 
5.57500000 0.99999997 
5.62500000 0.99999997 
5.67500000 0.99999997 
5.72500000 0.99999997 
5.77500000 0.99999997 
5.82500000 0.99999997 
5.87500000 0.99999997 
5.92500000 0.99999997 
5.97500000 0.99999997 
6.02500000 0.99999997 
6.07500000 0.99999997 
6.12500000 0.99999997 
6.17500000 0.99999997 
6.22500000 0.99999997 
6.27500000 0.99999997 
6.32500000 0.99999996 
6.37500000 0.99999996 
6.42500000 0.99999996 
6.47500000 0.99999996 
6.52500000 0.99999996 
6.57500000 0.99999996 
6.62500000 0.99999996 
6.67500000 0.99999996 
6.72500000 0.99999996 
6.77500000 0.99999996 
6.82500000 0.99999996 
6.87500000 0.99999996 
6.92500000 0.99999995 
6.97500000 0.99999995 
7.02500000 0.99999995 
7.07500000 0.99999995 
7.12500000 0.99999995 
7.17500000 0.99999995 
7.22500000 0.99999995 
7.27500000 0.99999995 
7.32500000 0.99999995 
7.37500000 0.99999994 
7.42500000 0.99999994 
7.47500000 0.99999994 
7.52500000 0.99999994 
7.57500000 0.99999994 
7.62500000 0.99999994 
7.67500000 0.99999994 
7.72500000 0.99999994 
7.77500000 0.99999993 
7.82500000 0.99999993 
7.87500000 0.99999993 
7.92500000 0.99999993 
7.97500000 0.99999993 
8.02500000 0.99999993 
8.07500000 0.99999993 
8.12500000 0.99999992 
8.17500000 0.99999992 
8.22500000 0.99999992 
8.27500000 0.99999992 
8.32500000 0.99999992 
8.37500000 0.99999991 
8.42500000 0.99999991 
8.47500000 0.99999991 
8.52500000 0.99999991 
8.57500000 0.99999991 
8.62500000 0.99999991 
8.67500000 0.99999990 
8.72500000 0.99999990 
8.77500000 0.99999990 
8.82500000 0.99999990 
8.87500000 0.99999989 
8.92500000 0.99999989 
8.97500000 0.99999989 
9.02500000 0.99999989 
9.07500000 0.99999989 
9.12500000 0.99999988 
9.17500000 0.99999988 
9.22500000 0.99999988 
9.27500000 0.99999987 
9.32500000 0.99999987 
9.37500000 0.99999987 
9.42500000 0.99999987 
9.47500000 0.99999986 
9.52500000 0.99999986 
9.57500000 0.99999986 
9.62500000 0.99999985 
9.67500000 0.99999985 
9.72500000 0.99999985 
9.77500000 0.99999985 
9.82500000 0.99999984 
9.87500000 0.99999984 
9.92500000 0.99999983 
9.97500000 0.99999983 
10.02500000 0.99999983 
10.07500000 0.99999982 
10.12500000 0.99999982 
10.17500000 0.99999982 
10.22500000 0.99999981 
10.27500000 0.99999981 
10.32500000 0.99999980 
10.37500000 0.99999980 
10.42500000 0.99999980 
10.47500000 0.99999979 
10.52500000 0.99999979 
10.57500000 0.99999978 
10.62500000 0.99999978 
10.67500000 0.99999977 
10.72500000 0.99999977 
10.77500000 0.99999976 
10.82500000 0.99999976 
10.87500000 0.99999975 
10.92500000 0.99999975 
10.97500000 0.99999974 
11.02500000 0.99999974 
11.07500000 0.99999973 
11.12500000 0.99999972 
11.17500000 0.99999972 
11.22500000 0.99999971 
11.27500000 0.99999971 
11.32500000 0.99999970 
11.37500000 0.99999969 
11.42500000 0.99999969 
11.47500000 0.99999968 
11.52500000 0.99999967 
11.57500000 0.99999967 
11.62500000 0.99999966 
11.67500000 0.99999965 
11.72500000 0.99999964 
11.77500000 0.99999964 
11.82500000 0.99999963 
11.87500000 0.99999962 
11.92500000 0.99999961 
11.97500000 0.99999960 
12.02500000 0.99999960 
12.07500000 0.99999959 
12.12500000 0.99999958 
12.17500000 0.99999957 
12.22500000 0.99999956 
12.27500000 0.99999955 
12.32500000 0.99999954 
12.37500000 0.99999953 
12.42500000 0.99999952 
12.47500000 0.99999951 
12.52500000 0.99999950 
12.57500000 0.99999949 
12.62500000 0.99999948 
12.67500000 0.99999947 
12.72500000 0.99999945 
12.77500000 0.99999944 
12.82500000 0.99999943 
12.87500000 0.99999942 
12.92500000 0.99999941 
12.97500000 0.99999939 
13.02500000 0.99999938 
13.07500000 0.99999937 
13.12500000 0.99999935 
13.17500000 0.99999934 
13.22500000 0.99999933 
13.27500000 0.99999931 
13.32500000 0.99999930 
13.37500000 0.99999928 
13.42500000 0.99999927 
13.47500000 0.99999925 
13.52500000 0.99999923 
13.57500000 0.99999922 
13.62500000 0.99999920 
13.67500000 0.99999918 
13.72500000 0.99999917 
13.77500000 0.99999915 
13.82500000 0.99999913 
13.87500000 0.99999911 
13.92500000 0.99999909 
13.97500000 0.99999907 
14.02500000 0.99999905 
14.07500000 0.99999903 
14.12500000 0.99999901 
14.17500000 0.99999899 
14.22500000 0.99999897 
14.27500000 0.99999895 
14.32500000 0.99999892 
14.37500000 0.99999890 
14.42500000 0.99999888 
14.47500000 0.99999885 
14.52500000 0.99999883 
14.57500000 0.99999880 
14.62500000 0.99999878 
14.67500000 0.99999875 
14.72500000 0.99999872 
14.77500000 0.99999870 
14.82500000 0.99999867 
14.87500000 0.99999864 
14.92500000 0.99999861 
14.97500000 0.99999858 
15.02500000 0.99999855 
15.07500000 0.99999852 
15.12500000 0.99999849 
15.17500000 0.99999846 
15.22500000 0.99999842 
15.27500000 0.99999839 
15.32500000 0.99999836 
15.37500000 0.99999832 
15.42500000 0.99999828 
15.47500000 0.99999825 
15.52500000 0.99999821 
15.57500000 0.99999817 
15.62500000 0.99999813 
15.67500000 0.99999809 
15.72500000 0.99999805 
15.77500000 0.99999801 
15.82500000 0.99999797 
15.87500000 0.99999792 
15.92500000 0.99999788 
15.97500000 0.99999783 
16.02500000 0.99999779 
16.07500000 0.99999774 
16.12500000 0.99999769 
16.17500000 0.99999764 
16.22500000 0.99999759 
16.27500000 0.99999754 
16.32500000 0.99999749 
16.37500000 0.99999743 
16.42500000 0.99999738 
16.47500000 0.99999732 
16.52500000 0.99999727 
16.57500000 0.99999721 
16.62500000 0.99999715 
16.67500000 0.99999709 
16.72500000 0.99999702 
16.77500000 0.99999696 
16.82500000 0.99999689 
16.87500000 0.99999683 
16.92500000 0.99999676 
16.97500000 0.99999669 
17.02500000 0.99999662 
17.07500000 0.99999655 
17.12500000 0.99999647 
17.17500000 0.99999640 
17.22500000 0.99999632 
17.27500000 0.99999624 
17.32500000 0.99999616 
17.37500000 0.99999608 
17.42500000 0.99999600 
17.47500000 0.99999591 
17.52500000 0.99999582 
17.57500000 0.99999573 
17.62500000 0.99999564 
17.67500000 0.99999555 
17.72500000 0.99999546 
17.77500000 0.99999536 
17.82500000 0.99999526 
17.87500000 0.99999516 
17.92500000 0.99999505 
17.97500000 0.99999495 
18.02500000 0.99999484 
18.07500000 0.99999473 
18.12500000 0.99999462 
18.17500000 0.99999450 
18.22500000 0.99999438 
18.27500000 0.99999426 
18.32500000 0.99999414 
18.37500000 0.99999402 
18.42500000 0.99999389 
18.47500000 0.99999376 
18.52500000 0.99999363 
18.57500000 0.99999349 
18.62500000 0.99999335 
18.67500000 0.99999321 
18.72500000 0.99999306 
18.77500000 0.99999291 
18.82500000 0.99999276 
18.87500000 0.99999261 
18.92500000 0.99999245 
18.97500000 0.99999229 
19.02500000 0.99999213 
19.07500000 0.99999196 
19.12500000 0.99999179 
19.17500000 0.99999161 
19.22500000 0.99999143 
19.27500000 0.99999125 
19.32500000 0.99999106 
19.37500000 0.99999087 
19.42500000 0.99999068 
19.47500000 0.99999048 
19.52500000 0.99999027 
19.57500000 0.99999007 
19.62500000 0.99998985 
19.67500000 0.99998964 
19.72500000 0.99998942 
19.77500000 0.99998919 
19.82500000 0.99998896 
19.87500000 0.99998872 
19.92500000 0.99998848 
19.97500000 0.99998824 
20.02500000 0.99998799 
20.07500000 0.99998773 
20.12500000 0.99998747 
20.17500000 0.99998720 
20.22500000 0.99998693 
20.27500000 0.99998665 
20.32500000 0.99998636 
20.37500000 0.99998607 
20.42500000 0.99998578 
20.47500000 0.99998547 
20.52500000 0.99998516 
20.57500000 0.99998485 
20.62500000 0.99998452 
20.67500000 0.99998419 
20.72500000 0.99998386 
20.77500000 0.99998351 
20.82500000 0.99998316 
20.87500000 0.99998280 
20.92500000 0.99998243 
20.97500000 0.99998206 
21.02500000 0.99998168 
21.07500000 0.99998129 
21.12500000 0.99998089 
21.17500000 0.99998048 
21.22500000 0.99998006 
21.27500000 0.99997964 
21.32500000 0.99997920 
21.37500000 0.99997876 
21.42500000 0.99997831 
21.47500000 0.99997785 
21.52500000 0.99997737 
21.57500000 0.99997689 
21.62500000 0.99997640 
21.67500000 0.99997590 
21.72500000 0.99997538 
21.77500000 0.99997486 
21.82500000 0.99997432 
21.87500000 0.99997378 
21.92500000 0.99997322 
21.97500000 0.99997265 
22.02500000 0.99997206 
22.07500000 0.99997147 
22.12500000 0.99997086 
22.17500000 0.99997024 
22.22500000 0.99996960 
22.27500000 0.99996896 
22.32500000 0.99996830 
22.37500000 0.99996762 
22.42500000 0.99996693 
22.47500000 0.99996623 
22.52500000 0.99996551 
22.57500000 0.99996477 
22.62500000 0.99996402 
22.67500000 0.99996326 
22.72500000 0.99996247 
22.77500000 0.99996167 
22.82500000 0.99996086 
22.87500000 0.99996002 
22.92500000 0.99995917 
22.97500000 0.99995830 
23.02500000 0.99995742 
23.07500000 0.99995651 
23.12500000 0.99995558 
23.17500000 0.99995464 
23.22500000 0.99995367 
23.27500000 0.99995268 
23.32500000 0.99995168 
23.37500000 0.99995065 
23.42500000 0.99994960 
23.47500000 0.99994852 
23.52500000 0.99994743 
23.57500000 0.99994631 
23.62500000 0.99994517 
23.67500000 0.99994400 
23.72500000 0.99994281 
23.77500000 0.99994159 
23.82500000 0.99994035 
23.87500000 0.99993908 
23.92500000 0.99993778 
23.97500000 0.99993646 
24.02500000 0.99993510 
24.07500000 0.99993372 
24.12500000 0.99993231 
24.17500000 0.99993087 
24.22500000 0.99992940 
24.27500000 0.99992790 
24.32500000 0.99992636 
24.37500000 0.99992480 
24.42500000 0.99992320 
24.47500000 0.99992156 
24.52500000 0.99991990 
24.57500000 0.99991819 
24.62500000 0.99991645 
24.67500000 0.99991467 
24.72500000 0.99991286 
24.77500000 0.99991100 
24.82500000 0.99990911 
24.87500000 0.99990718 
24.92500000 0.99990520 
24.97500000 0.99990319 
25.02500000 0.99990113 
25.07500000 0.99989902 
25.12500000 0.99989688 
25.17500000 0.99989468 
25.22500000 0.99989244 
25.27500000 0.99989016 
25.32500000 0.99988782 
25.37500000 0.99988543 
25.42500000 0.99988300 
25.47500000 0.99988051 
25.52500000 0.99987797 
25.57500000 0.99987537 
25.62500000 0.99987273 
25.67500000 0.99987002 
25.72500000 0.99986726 
25.77500000 0.99986443 
25.82500000 0.99986155 
25.87500000 0.99985861 
25.92500000 0.99985560 
25.97500000 0.99985253 
26.02500000 0.99984940 
26.07500000 0.99984619 
26.12500000 0.99984293 
26.17500000 0.99983959 
26.22500000 0.99983618 
26.27500000 0.99983269 
26.32500000 0.99982914 
26.37500000 0.99982551 
26.42500000 0.99982180 
26.47500000 0.99981801 
26.52500000 0.99981414 
26.57500000 0.99981019 
26.62500000 0.99980616 
26.67500000 0.99980204 
26.72500000 0.99979783 
26.77500000 0.99979354 
26.82500000 0.99978915 
26.87500000 0.99978467 
26.92500000 0.99978009 
26.97500000 0.99977542 
27.02500000 0.99977065 
27.07500000 0.99976578 
27.12500000 0.99976080 
27.17500000 0.99975572 
27.22500000 0.99975053 
27.27500000 0.99974523 
27.32500000 0.99973982 
27.37500000 0.99973429 
27.42500000 0.99972864 
27.47500000 0.99972288 
27.52500000 0.99971699 
27.57500000 0.99971098 
27.62500000 0.99970484 
27.67500000 0.99969857 
27.72500000 0.99969217 
27.77500000 0.99968563 
27.82500000 0.99967896 
27.87500000 0.99967214 
27.92500000 0.99966518 
27.97500000 0.99965806 
28.02500000 0.99965080 
28.07500000 0.99964339 
28.12500000 0.99963582 
28.17500000 0.99962808 
28.22500000 0.99962018 
28.27500000 0.99961212 
28.32500000 0.99960388 
28.37500000 0.99959547 
28.42500000 0.99958689 
28.47500000 0.99957811 
28.52500000 0.99956916 
28.57500000 0.99956001 
28.62500000 0.99955067 
28.67500000 0.99954113 
28.72500000 0.99953139 
28.77500000 0.99952144 
28.82500000 0.99951128 
28.87500000 0.99950091 
28.92500000 0.99949032 
28.97500000 0.99947950 
29.02500000 0.99946845 
29.07500000 0.99945717 
29.12500000 0.99944565 
29.17500000 0.99943388 
29.22500000 0.99942187 
29.27500000 0.99940960 
29.32500000 0.99939707 
29.37500000 0.99938428 
29.42500000 0.99937121 
29.47500000 0.99935787 
29.52500000 0.99934425 
29.57500000 0.99933033 
29.62500000 0.99931612 
29.67500000 0.99930161 
29.72500000 0.99928680 
29.77500000 0.99927167 
29.82500000 0.99925622 
29.87500000 0.99924044 
29.92500000 0.99922432 
29.97500000 0.99920787 
30.02500000 0.99919107 
30.07500000 0.99917391 
30.12500000 0.99915639 
30.17500000 0.99913849 
30.22500000 0.99912022 
30.27500000 0.99910156 
30.32500000 0.99908251 
30.37500000 0.99906305 
30.42500000 0.99904318 
30.47500000 0.99902289 
30.52500000 0.99900217 
30.57500000 0.99898101 
30.62500000 0.99895941 
30.67500000 0.99893734 
30.72500000 0.99891481 
30.77500000 0.99889181 
30.82500000 0.99886831 
30.87500000 0.99884432 
30.92500000 0.99881982 
30.97500000 0.99879480 
31.02500000 0.99876926 
31.07500000 0.99874317 
31.12500000 0.99871653 
31.17500000 0.99868933 
31.22500000 0.99866155 
31.27500000 0.99863318 
31.32500000 0.99860421 
31.37500000 0.99857463 
31.42500000 0.99854443 
31.47500000 0.99851358 
31.52500000 0.99848209 
31.57500000 0.99844993 
31.62500000 0.99841708 
31.67500000 0.99838355 
31.72500000 0.99834930 
31.77500000 0.99831433 
31.82500000 0.99827862 
31.87500000 0.99824216 
31.92500000 0.99820492 
31.97500000 0.99816690 
32.02500000 0.99812808 
32.07500000 0.99808843 
32.12500000 0.99804795 
32.17500000 0.99800661 
32.22500000 0.99796440 
32.27500000 0.99792129 
32.32500000 0.99787728 
32.37500000 0.99783233 
32.42500000 0.99778644 
32.47500000 0.99773958 
32.52500000 0.99769172 
32.57500000 0.99764286 
32.62500000 0.99759297 
32.67500000 0.99754202 
32.72500000 0.99749000 
32.77500000 0.99743687 
32.82500000 0.99738263 
32.87500000 0.99732724 
32.92500000 0.99727069 
32.97500000 0.99721294 
33.02500000 0.99715397 
33.07500000 0.99709376 
33.12500000 0.99703227 
33.17500000 0.99696949 
33.22500000 0.99690539 
33.27500000 0.99683994 
33.32500000 0.99677310 
33.37500000 0.99670486 
33.42500000 0.99663518 
33.47500000 0.99656402 
33.52500000 0.99649137 
33.57500000 0.99641719 
33.62500000 0.99634145 
33.67500000 0.99626411 
33.72500000 0.99618514 
33.77500000 0.99610451 
33.82500000 0.99602218 
33.87500000 0.99593811 
33.92500000 0.99585228 
33.97500000 0.99576464 
34.02500000 0.99567515 
34.07500000 0.99558378 
34.12500000 0.99549049 
34.17500000 0.99539524 
34.22500000 0.99529799 
34.27500000 0.99519868 
34.32500000 0.99509729 
34.37500000 0.99499377 
34.42500000 0.99488808 
34.47500000 0.99478016 
34.52500000 0.99466997 
34.57500000 0.99455747 
34.62500000 0.99444261 
34.67500000 0.99432533 
34.72500000 0.99420559 
34.77500000 0.99408334 
34.82500000 0.99395852 
34.87500000 0.99383109 
34.92500000 0.99370098 
34.97500000 0.99356814 
35.02500000 0.99343251 
35.07500000 0.99329404 
35.12500000 0.99315267 
35.17500000 0.99300834 
35.22500000 0.99286098 
35.27500000 0.99271053 
35.32500000 0.99255694 
35.37500000 0.99240012 
35.42500000 0.99224003 
35.47500000 0.99207659 
35.52500000 0.99190972 
35.57500000 0.99173937 
35.62500000 0.99156545 
35.67500000 0.99138790 
35.72500000 0.99120664 
35.77500000 0.99102159 
35.82500000 0.99083268 
35.87500000 0.99063982 
35.92500000 0.99044294 
35.97500000 0.99024195 
36.02500000 0.99003676 
36.07500000 0.98982730 
36.12500000 0.98961347 
36.17500000 0.98939519 
36.22500000 0.98917235 
36.27500000 0.98894488 
36.32500000 0.98871267 
36.37500000 0.98847563 
36.42500000 0.98823366 
36.47500000 0.98798666 
36.52500000 0.98773452 
36.57500000 0.98747715 
36.62500000 0.98721443 
36.67500000 0.98694625 
36.72500000 0.98667251 
36.77500000 0.98639310 
36.82500000 0.98610789 
36.87500000 0.98581677 
36.92500000 0.98551961 
36.97500000 0.98521631 
37.02500000 0.98490673 
37.07500000 0.98459075 
37.12500000 0.98426823 
37.17500000 0.98393905 
37.22500000 0.98360307 
37.27500000 0.98326015 
37.32500000 0.98291016 
37.37500000 0.98255296 
37.42500000 0.98218839 
37.47500000 0.98181632 
37.52500000 0.98143658 
37.57500000 0.98104904 
37.62500000 0.98065352 
37.67500000 0.98024988 
37.72500000 0.97983796 
37.77500000 0.97941758 
37.82500000 0.97898858 
37.87500000 0.97855079 
37.92500000 0.97810403 
37.97500000 0.97764814 
38.02500000 0.97718292 
38.07500000 0.97670819 
38.12500000 0.97622378 
38.17500000 0.97572948 
38.22500000 0.97522510 
38.27500000 0.97471045 
38.32500000 0.97418533 
38.37500000 0.97364953 
38.42500000 0.97310284 
38.47500000 0.97254505 
38.52500000 0.97197595 
38.57500000 0.97139532 
38.62500000 0.97080294 
38.67500000 0.97019857 
38.72500000 0.96958199 
38.77500000 0.96895297 
38.82500000 0.96831126 
38.87500000 0.96765663 
38.92500000 0.96698882 
38.97500000 0.96630759 
39.02500000 0.96561268 
39.07500000 0.96490383 
39.12500000 0.96418078 
39.17500000 0.96344327 
39.22500000 0.96269101 
39.27500000 0.96192374 
39.32500000 0.96114117 
39.37500000 0.96034302 
39.42500000 0.95952900 
39.47500000 0.95869882 
39.52500000 0.95785217 
39.57500000 0.95698875 
39.62500000 0.95610826 
39.67500000 0.95521039 
39.72500000 0.95429481 
39.77500000 0.95336120 
39.82500000 0.95240924 
39.87500000 0.95143860 
39.92500000 0.95044894 
39.97500000 0.94943992 
40.02500000 0.94841120 
40.07500000 0.94736242 
40.12500000 0.94629323 
40.17500000 0.94520327 
40.22500000 0.94409217 
40.27500000 0.94295957 
40.32500000 0.94180509 
40.37500000 0.94062836 
40.42500000 0.93942898 
40.47500000 0.93820658 
40.52500000 0.93696075 
40.57500000 0.93569110 
40.62500000 0.93439723 
40.67500000 0.93307873 
40.72500000 0.93173519 
40.77500000 0.93036619 
40.82500000 0.92897131 
40.87500000 0.92755013 
40.92500000 0.92610221 
40.97500000 0.92462713 
41.02500000 0.92312445 
41.07500000 0.92159371 
41.12500000 0.92003449 
41.17500000 0.91844632 
41.22500000 0.91682876 
41.27500000 0.91518134 
41.32500000 0.91350361 
41.37500000 0.91179510 
41.42500000 0.91005535 
41.47500000 0.90828387 
41.52500000 0.90648021 
41.57500000 0.90464388 
41.62500000 0.90277440 
41.67500000 0.90087129 
41.72500000 0.89893407 
41.77500000 0.89696225 
41.82500000 0.89495534 
41.87500000 0.89291286 
41.92500000 0.89083431 
41.97500000 0.88871920 
42.02500000 0.88656704 
42.07500000 0.88437733 
42.12500000 0.88214959 
42.17500000 0.87988331 
42.22500000 0.87757801 
42.27500000 0.87523319 
42.32500000 0.87284836 
42.37500000 0.87042303 
42.42500000 0.86795672 
42.47500000 0.86544893 
42.52500000 0.86289918 
42.57500000 0.86030700 
42.62500000 0.85767190 
42.67500000 0.85499341 
42.72500000 0.85227107 
42.77500000 0.84950440 
42.82500000 0.84669296 
42.87500000 0.84383627 
42.92500000 0.84093391 
42.97500000 0.83798543 
43.02500000 0.83499039 
43.07500000 0.83194837 
43.12500000 0.82885895 
43.17500000 0.82572174 
43.22500000 0.82253632 
43.27500000 0.81930231 
43.32500000 0.81601934 
43.37500000 0.81268704 
43.42500000 0.80930506 
43.47500000 0.80587305 
43.52500000 0.80239070 
43.57500000 0.79885770 
43.62500000 0.79527373 
43.67500000 0.79163854 
43.72500000 0.78795184 
43.77500000 0.78421339 
43.82500000 0.78042298 
43.87500000 0.77658037 
43.92500000 0.77268540 
43.97500000 0.76873787 
44.02500000 0.76473766 
44.07500000 0.76068462 
44.12500000 0.75657866 
44.17500000 0.75241970 
44.22500000 0.74820767 
44.27500000 0.74394255 
44.32500000 0.73962434 
44.37500000 0.73525305 
44.42500000 0.73082873 
44.47500000 0.72635147 
44.52500000 0.72182136 
44.57500000 0.71723855 
44.62500000 0.71260320 
44.67500000 0.70791551 
44.72500000 0.70317571 
44.77500000 0.69838406 
44.82500000 0.69354086 
44.87500000 0.68864644 
44.92500000 0.68370118 
44.97500000 0.67870545 
45.02500000 0.67365972 
45.07500000 0.66856444 
45.12500000 0.66342014 
45.17500000 0.65822736 
45.22500000 0.65298668 
45.27500000 0.64769873 
45.32500000 0.64236418 
45.37500000 0.63698374 
45.42500000 0.63155813 
45.47500000 0.62608816 
45.52500000 0.62057464 
45.57500000 0.61501843 
45.62500000 0.60942044 
45.67500000 0.60378162 
45.72500000 0.59810295 
45.77500000 0.59238545 
45.82500000 0.58663020 
45.87500000 0.58083829 
45.92500000 0.57501089 
45.97500000 0.56914916 
46.02500000 0.56325433 
46.07500000 0.55732768 
46.12500000 0.55137050 
46.17500000 0.54538412 
46.22500000 0.53936994 
46.27500000 0.53332935 
46.32500000 0.52726381 
46.37500000 0.52117480 
46.42500000 0.51506384 
46.47500000 0.50893248 
46.52500000 0.50278229 
46.57500000 0.49661489 
46.62500000 0.49043191 
46.67500000 0.48423503 
46.72500000 0.47802594 
46.77500000 0.47180636 
46.82500000 0.46557803 
46.87500000 0.45934271 
46.92500000 0.45310220 
46.97500000 0.44685829 
47.02500000 0.44061280 
47.07500000 0.43436758 
47.12500000 0.42812446 
47.17500000 0.42188531 
47.22500000 0.41565200 
47.27500000 0.40942640 
47.32500000 0.40321040 
47.37500000 0.39700588 
47.42500000 0.39081472 
47.47500000 0.38463882 
47.52500000 0.37848004 
47.57500000 0.37234028 
47.62500000 0.36622140 
47.67500000 0.36012526 
47.72500000 0.35405370 
47.77500000 0.34800856 
47.82500000 0.34199167 
47.87500000 0.33600481 
47.92500000 0.33004976 
47.97500000 0.32412829 
48.02500000 0.31824213 
48.07500000 0.31239297 
48.12500000 0.30658250 
48.17500000 0.30081237 
48.22500000 0.29508418 
48.27500000 0.28939952 
48.32500000 0.28375993 
48.37500000 0.27816691 
48.42500000 0.27262193 
48.47500000 0.26712642 
48.52500000 0.26168176 
48.57500000 0.25628928 
48.62500000 0.25095028 
48.67500000 0.24566600 
48.72500000 0.24043764 
48.77500000 0.23526635 
48.82500000 0.23015323 
48.87500000 0.22509933 
48.92500000 0.22010563 
48.97500000 0.21517309 
49.02500000 0.21030259 
49.07500000 0.20549498 
49.12500000 0.20075102 
49.17500000 0.19607145 
49.22500000 0.19145694 
49.27500000 0.18690811 
49.32500000 0.18242553 
49.37500000 0.17800969 
49.42500000 0.17366106 
49.47500000 0.16938002 
49.52500000 0.16516693 
49.57500000 0.16102208 
49.62500000 0.15694570 
49.67500000 0.15293798 
49.72500000 0.14899905 
49.77500000 0.14512899 
49.82500000 0.14132783 
49.87500000 0.13759555 
49.92500000 0.13393209 
49.97500000 0.13033733 
50.02500000 0.12681110 
50.07500000 0.12335321 
50.12500000 0.11996340 
50.17500000 0.11664138 
50.22500000 0.11338680 
50.27500000 0.11019930 
50.32500000 0.10707846 
50.37500000 0.10402383 
50.42500000 0.10103491 
50.47500000 0.09811119 
50.52500000 0.09525211 
50.57500000 0.09245707 
50.62500000 0.08972546 
50.67500000 0.08705664 
50.72500000 0.08444992 
50.77500000 0.08190461 
50.82500000 0.07941999 
50.87500000 0.07699529 
50.92500000 0.07462976 
50.97500000 0.07232261 
51.02500000 0.07007303 
51.07500000 0.06788020 
51.12500000 0.06574328 
51.17500000 0.06366141 
51.22500000 0.06163373 
51.27500000 0.05965936 
51.32500000 0.05773742 
51.37500000 0.05586701 
51.42500000 0.05404723 
51.47500000 0.05227717 
51.52500000 0.05055592 
51.57500000 0.04888255 
51.62500000 0.04725616 
51.67500000 0.04567581 
51.72500000 0.04414059 
51.77500000 0.04264958 
51.82500000 0.04120185 
51.87500000 0.03979649 
51.92500000 0.03843259 
51.97500000 0.03710923 
52.02500000 0.03582551 
52.07500000 0.03458053 
52.12500000 0.03337341 
52.17500000 0.03220324 
52.22500000 0.03106916 
52.27500000 0.02997030 
52.32500000 0.02890580 
52.37500000 0.02787481 
52.42500000 0.02687648 
52.47500000 0.02590999 
52.52500000 0.02497452 
52.57500000 0.02406926 
52.62500000 0.02319342 
52.67500000 0.02234620 
52.72500000 0.02152685 
52.77500000 0.02073459 
52.82500000 0.01996869 
52.87500000 0.01922841 
52.92500000 0.01851303 
52.97500000 0.01782185 
53.02500000 0.01715416 
53.07500000 0.01650930 
53.12500000 0.01588659 
53.17500000 0.01528538 
53.22500000 0.01470503 
53.27500000 0.01414492 
53.32500000 0.01360443 
53.37500000 0.01308297 
53.42500000 0.01257995 
53.47500000 0.01209480 
53.52500000 0.01162697 
53.57500000 0.01117590 
53.62500000 0.01074108 
53.67500000 0.01032197 
53.72500000 0.00991808 
53.77500000 0.00952891 
53.82500000 0.00915398 
53.87500000 0.00879283 
53.92500000 0.00844501 
53.97500000 0.00811007 
54.02500000 0.00778757 
54.07500000 0.00747711 
54.12500000 0.00717828 
54.17500000 0.00689067 
54.22500000 0.00661392 
54.27500000 0.00634764 
54.32500000 0.00609147 
54.37500000 0.00584506 
54.42500000 0.00560807 
54.47500000 0.00538018 
54.52500000 0.00516105 
54.57500000 0.00495038 
54.62500000 0.00474787 
54.67500000 0.00455322 
54.72500000 0.00436616 
54.77500000 0.00418640 
54.82500000 0.00401369 
54.87500000 0.00384777 
54.92500000 0.00368838 
54.97500000 0.00353530 
55.02500000 0.00338828 
55.07500000 0.00324710 
55.12500000 0.00311155 
55.17500000 0.00298141 
55.22500000 0.00285649 
55.27500000 0.00273658 
55.32500000 0.00262149 
55.37500000 0.00251105 
55.42500000 0.00240508 
55.47500000 0.00230340 
55.52500000 0.00220585 
55.57500000 0.00211228 
55.62500000 0.00202253 
55.67500000 0.00193645 
55.72500000 0.00185390 
55.77500000 0.00177474 
55.82500000 0.00169884 
55.87500000 0.00162607 
55.92500000 0.00155632 
55.97500000 0.00148945 
56.02500000 0.00142536 
56.07500000 0.00136394 
56.12500000 0.00130508 
56.17500000 0.00124868 
56.22500000 0.00119464 
56.27500000 0.00114286 
56.32500000 0.00109326 
56.37500000 0.00104575 
56.42500000 0.00100024 
56.47500000 0.00095665 
56.52500000 0.00091491 
56.57500000 0.00087493 
56.62500000 0.00083666 
56.67500000 0.00080001 
56.72500000 0.00076492 
56.77500000 0.00073133 
56.82500000 0.00069917 
56.87500000 0.00066840 
56.92500000 0.00063894 
56.97500000 0.00061074 
57.02500000 0.00058376 
57.07500000 0.00055794 
57.12500000 0.00053324 
57.17500000 0.00050960 
57.22500000 0.00048698 
57.27500000 0.00046535 
57.32500000 0.00044465 
57.37500000 0.00042485 
57.42500000 0.00040592 
57.47500000 0.00038781 
57.52500000 0.00037049 
57.57500000 0.00035392 
57.62500000 0.00033808 
57.67500000 0.00032293 
57.72500000 0.00030845 
57.77500000 0.00029461 
57.82500000 0.00028137 
57.87500000 0.00026871 
57.92500000 0.00025662 
57.97500000 0.00024505 
58.02500000 0.00023400 
58.07500000 0.00022344 
58.12500000 0.00021334 
58.17500000 0.00020369 
58.22500000 0.00019447 
58.27500000 0.00018566 
58.32500000 0.00017725 
58.37500000 0.00016920 
58.42500000 0.00016152 
58.47500000 0.00015418 
58.52500000 0.00014716 
58.57500000 0.00014046 
58.62500000 0.00013406 
58.67500000 0.00012795 
58.72500000 0.00012211 
58.77500000 0.00011653 
58.82500000 0.00011120 
58.87500000 0.00010611 
58.92500000 0.00010126 
58.97500000 0.00009662 
59.02500000 0.00009219 
59.07500000 0.00008796 
59.12500000 0.00008392 
59.17500000 0.00008006 
59.22500000 0.00007638 
59.27500000 0.00007287 
59.32500000 0.00006951 
59.37500000 0.00006631 
59.42500000 0.00006325 
59.47500000 0.00006033 
59.52500000 0.00005755 
59.57500000 0.00005489 
59.62500000 0.00005235 
59.67500000 0.00004993 
59.72500000 0.00004762 
59.77500000 0.00004541 
59.82500000 0.00004331 
59.87500000 0.00004130 
59.92500000 0.00003938 
59.97500000 0.00003755 
60.02500000 0.00003581 
60.07500000 0.00003415 
60.12500000 0.00003256 
60.17500000 0.00003104 
60.22500000 0.00002960 
60.27500000 0.00002822 
60.32500000 0.00002690 
60.37500000 0.00002565 
60.42500000 0.00002445 
60.47500000 0.00002331 
60.52500000 0.00002222 
60.57500000 0.00002118 
60.62500000 0.00002019 
60.67500000 0.00001925 
60.72500000 0.00001834 
60.77500000 0.00001749 
60.82500000 0.00001667 
60.87500000 0.00001588 
60.92500000 0.00001514 
60.97500000 0.00001443 
61.02500000 0.00001375 
61.07500000 0.00001311 
61.12500000 0.00001249 
61.17500000 0.00001190 
61.22500000 0.00001134 
61.27500000 0.00001081 
61.32500000 0.00001030 
61.37500000 0.00000981 
61.42500000 0.00000935 
61.47500000 0.00000891 
61.52500000 0.00000849 
61.57500000 0.00000809 
61.62500000 0.00000771 
61.67500000 0.00000734 
61.72500000 0.00000700 
61.77500000 0.00000667 
61.82500000 0.00000635 
61.87500000 0.00000605 
61.92500000 0.00000576 
61.97500000 0.00000549 
62.02500000 0.00000523 
62.07500000 0.00000498 
62.12500000 0.00000475 
62.17500000 0.00000452 
62.22500000 0.00000431 
62.27500000 0.00000410 
62.32500000 0.00000391 
62.37500000 0.00000372 
62.42500000 0.00000355 
62.47500000 0.00000338 
62.52500000 0.00000322 
62.57500000 0.00000306 
62.62500000 0.00000292 
62.67500000 0.00000278 
62.72500000 0.00000265 
62.77500000 0.00000252 
62.82500000 0.00000240 
62.87500000 0.00000229 
62.92500000 0.00000218 
62.97500000 0.00000207 
63.02500000 0.00000198 
63.07500000 0.00000188 
63.12500000 0.00000179 
63.17500000 0.00000171 
63.22500000 0.00000162 
63.27500000 0.00000155 
63.32500000 0.00000147 
63.37500000 0.00000140 
63.42500000 0.00000134 
63.47500000 0.00000127 
63.52500000 0.00000121 
63.57500000 0.00000115 
63.62500000 0.00000110 
63.67500000 0.00000105 
63.72500000 0.00000100 
63.77500000 0.00000095 
63.82500000 0.00000090 
63.87500000 0.00000086 
63.92500000 0.00000082 
63.97500000 0.00000078 
64.02500000 0.00000074 
64.07500000 0.00000071 
64.12500000 0.00000067 
64.17500000 0.00000064 
64.22500000 0.00000061 
64.27500000 0.00000058 
64.32500000 0.00000055 
64.37500000 0.00000053 
64.42500000 0.00000050 
64.47500000 0.00000048 
64.52500000 0.00000045 
64.57500000 0.00000043 
64.62500000 0.00000041 
64.67500000 0.00000039 
64.72500000 0.00000037 
64.77500000 0.00000035 
64.82500000 0.00000034 
64.87500000 0.00000032 
64.92500000 0.00000031 
64.97500000 0.00000029 
65.02500000 0.00000028 
65.07500000 0.00000026 
65.12500000 0.00000025 
65.17500000 0.00000024 
65.22500000 0.00000023 
65.27500000 0.00000022 
65.32500000 0.00000021 
65.37500000 0.00000020 
65.42500000 0.00000019 
65.47500000 0.00000018 
65.52500000 0.00000017 
65.57500000 0.00000016 
65.62500000 0.00000015 
65.67500000 0.00000015 
65.72500000 0.00000014 
65.77500000 0.00000013 
65.82500000 0.00000013 
65.87500000 0.00000012 
65.92500000 0.00000011 
65.97500000 0.00000011 
66.02500000 0.00000010 
66.07500000 0.00000010 
66.12500000 0.00000009 
66.17500000 0.00000009 
66.22500000 0.00000008 
66.27500000 0.00000008 
66.32500000 0.00000008 
66.37500000 0.00000007 
66.42500000 0.00000007 
66.47500000 0.00000007 
66.52500000 0.00000006 
66.57500000 0.00000006 
66.62500000 0.00000006 
66.67500000 0.00000005 
66.72500000 0.00000005 
66.77500000 0.00000005 
66.82500000 0.00000005 
66.87500000 0.00000004 
66.92500000 0.00000004 
66.97500000 0.00000004 
67.02500000 0.00000004 
67.07500000 0.00000004 
67.12500000 0.00000003 
67.17500000 0.00000003 
67.22500000 0.00000003 
67.27500000 0.00000003 
67.32500000 0.00000003 
67.37500000 0.00000003 
67.42500000 0.00000003 
67.47500000 0.00000002 
67.52500000 0.00000002 
67.57500000 0.00000002 
67.62500000 0.00000002 
67.67500000 0.00000002 
67.72500000 0.00000002 
67.77500000 0.00000002 
67.82500000 0.00000002 
67.87500000 0.00000002 
67.92500000 0.00000002 
67.97500000 0.00000001 
68.02500000 0.00000001 
68.07500000 0.00000001 
68.12500000 0.00000001 
68.17500000 0.00000001 
68.22500000 0.00000001 
68.27500000 0.00000001 
68.32500000 0.00000001 
68.37500000 0.00000001 
68.42500000 0.00000001 
68.47500000 0.00000001 
68.52500000 0.00000001 
68.57500000 0.00000001 
68.62500000 0.00000001 
68.67500000 0.00000001 
68.72500000 0.00000001 
68.77500000 0.00000001 
68.82500000 0.00000001 
68.87500000 0.00000001 
68.92500000 0.00000001 
68.97500000 0.00000001 
69.02500000 0.00000001 
69.07500000 0.00000000 
69.12500000 0.00000000 
69.17500000 0.00000000 
69.22500000 0.00000000 
69.27500000 0.00000000 
69.32500000 0.00000000 
69.37500000 0.00000000 
69.42500000 0.00000000 
69.47500000 0.00000000 
69.52500000 0.00000000 
69.57500000 0.00000000 
69.62500000 0.00000000 
69.67500000 0.00000000 
69.72500000 0.00000000 
69.77500000 0.00000000 
69.82500000 0.00000000 
69.87500000 0.00000000 
69.92500000 0.00000000 
69.97500000 0.00000000 
70.02500000 0.00000000 
70.07500000 0.00000000 
70.12500000 0.00000000 
70.17500000 0.00000000 
70.22500000 0.00000000 
70.27500000 0.00000000 
70.32500000 0.00000000 
70.37500000 0.00000000 
70.42500000 0.00000000 
70.47500000 0.00000000 
70.52500000 0.00000000 
70.57500000 0.00000000 
70.62500000 0.00000000 
70.67500000 0.00000000 
70.72500000 0.00000000 
70.77500000 0.00000000 
70.82500000 0.00000000 
70.87500000 0.00000000 
70.92500000 0.00000000 
70.97500000 0.00000000 
71.02500000 0.00000000 
71.07500000 0.00000000 
71.12500000 0.00000000 
71.17500000 0.00000000 
71.22500000 0.00000000 
71.27500000 0.00000000 
71.32500000 0.00000000 
71.37500000 0.00000000 
71.42500000 0.00000000 
71.47500000 0.00000000 
71.52500000 0.00000000 
71.57500000 0.00000000 
71.62500000 0.00000000 
71.67500000 0.00000000 
71.72500000 0.00000000 
71.77500000 0.00000000 
71.82500000 0.00000000 
71.87500000 0.00000000 
71.92500000 0.00000000 
71.97500000 0.00000000 
72.02500000 0.00000000 
72.07500000 0.00000000 
72.12500000 0.00000000 
72.17500000 0.00000000 
72.22500000 0.00000000 
72.27500000 0.00000000 
72.32500000 0.00000000 
72.37500000 0.00000000 
72.42500000 0.00000000 
72.47500000 0.00000000 
72.52500000 0.00000000 
72.57500000 0.00000000 
72.62500000 0.00000000 
72.67500000 0.00000000 
72.72500000 0.00000000 
72.77500000 0.00000000 
72.82500000 0.00000000 
72.87500000 0.00000000 
72.92500000 0.00000000 
72.97500000 0.00000000 
73.02500000 0.00000000 
73.07500000 0.00000000 
73.12500000 0.00000000 
73.17500000 0.00000000 
73.22500000 0.00000000 
73.27500000 0.00000000 
73.32500000 0.00000000 
73.37500000 0.00000000 
73.42500000 0.00000000 
73.47500000 0.00000000 
73.52500000 0.00000000 
73.57500000 0.00000000 
73.62500000 0.00000000 
73.67500000 0.00000000 
73.72500000 0.00000000 
73.77500000 0.00000000 
73.82500000 0.00000000 
73.87500000 0.00000000 
73.92500000 0.00000000 
73.97500000 0.00000000 
74.02500000 0.00000000 
74.07500000 0.00000000 
74.12500000 0.00000000 
74.17500000 0.00000000 
74.22500000 0.00000000 
74.27500000 0.00000000 
74.32500000 0.00000000 
74.37500000 0.00000000 
74.42500000 0.00000000 
74.47500000 0.00000000 
74.52500000 0.00000000 
74.57500000 0.00000000 
74.62500000 0.00000000 
74.67500000 0.00000000 
74.72500000 0.00000000 
74.77500000 0.00000000 
74.82500000 0.00000000 
74.87500000 0.00000000 
74.92500000 0.00000000 
74.97500000 0.00000000 
75.02500000 0.00000000 
75.07500000 0.00000000 
75.12500000 0.00000000 
75.17500000 0.00000000 
75.22500000 0.00000000 
75.27500000 0.00000000 
75.32500000 0.00000000 
75.37500000 0.00000000 
75.42500000 0.00000000 
75.47500000 0.00000000 
75.52500000 0.00000000 
75.57500000 0.00000000 
75.62500000 0.00000000 
75.67500000 0.00000000 
75.72500000 0.00000000 
75.77500000 0.00000000 
75.82500000 0.00000000 
75.87500000 0.00000000 
75.92500000 0.00000000 
75.97500000 0.00000000 
76.02500000 0.00000000 
76.07500000 0.00000000 
76.12500000 0.00000000 
76.17500000 0.00000000 
76.22500000 0.00000000 
76.27500000 0.00000000 
76.32500000 0.00000000 
76.37500000 0.00000000 
76.42500000 0.00000000 
76.47500000 0.00000000 
76.52500000 0.00000000 
76.57500000 0.00000000 
76.62500000 0.00000000 
76.67500000 0.00000000 
76.72500000 0.00000000 
76.77500000 0.00000000 
76.82500000 0.00000000 
76.87500000 0.00000000 
76.92500000 0.00000000 
76.97500000 0.00000000 
77.02500000 0.00000000 
77.07500000 0.00000000 
77.12500000 0.00000000 
77.17500000 0.00000000 
77.22500000 0.00000000 
77.27500000 0.00000000 
77.32500000 0.00000000 
77.37500000 0.00000000 
77.42500000 0.00000000 
77.47500000 0.00000000 
77.52500000 0.00000000 
77.57500000 0.00000000 
77.62500000 0.00000000 
77.67500000 0.00000000 
77.72500000 0.00000000 
77.77500000 0.00000000 
77.82500000 0.00000000 
77.87500000 0.00000000 
77.92500000 0.00000000 
77.97500000 0.00000000 
78.02500000 0.00000000 
78.07500000 0.00000000 
78.12500000 0.00000000 
78.17500000 0.00000000 
78.22500000 0.00000000 
78.27500000 0.00000000 
78.32500000 0.00000000 
78.37500000 0.00000000 
78.42500000 0.00000000 
78.47500000 0.00000000 
78.52500000 0.00000000 
78.57500000 0.00000000 
78.62500000 0.00000000 
78.67500000 0.00000000 
78.72500000 0.00000000 
78.77500000 0.00000000 
78.82500000 0.00000000 
78.87500000 0.00000000 
78.92500000 0.00000000 
78.97500000 0.00000000 
79.02500000 0.00000000 
79.07500000 0.00000000 
79.12500000 0.00000000 
79.17500000 0.00000000 
79.22500000 0.00000000 
79.27500000 0.00000000 
79.32500000 0.00000000 
79.37500000 0.00000000 
79.42500000 0.00000000 
79.47500000 0.00000000 
79.52500000 0.00000000 
79.57500000 0.00000000 
79.62500000 0.00000000 
79.67500000 0.00000000 
79.72500000 0.00000000 
79.77500000 0.00000000 
79.82500000 0.00000000 
79.87500000 0.00000000 
79.92500000 0.00000000 
79.97500000 0.00000000 
80.02500000 0.00000000 
80.07500000 0.00000000 
80.12500000 0.00000000 
80.17500000 0.00000000 
80.22500000 0.00000000 
80.27500000 0.00000000 
80.32500000 0.00000000 
80.37500000 0.00000000 
80.42500000 0.00000000 
80.47500000 0.00000000 
80.52500000 0.00000000 
80.57500000 0.00000000 
80.62500000 0.00000000 
80.67500000 0.00000000 
80.72500000 0.00000000 
80.77500000 0.00000000 
80.82500000 0.00000000 
80.87500000 0.00000000 
80.92500000 0.00000000 
80.97500000 0.00000000 
81.02500000 0.00000000 
81.07500000 0.00000000 
81.12500000 0.00000000 
81.17500000 0.00000000 
81.22500000 0.00000000 
81.27500000 0.00000000 
81.32500000 0.00000000 
81.37500000 0.00000000 
81.42500000 0.00000000 
81.47500000 0.00000000 
81.52500000 0.00000000 
81.57500000 0.00000000 
81.62500000 0.00000000 
81.67500000 0.00000000 
81.72500000 0.00000000 
81.77500000 0.00000000 
81.82500000 0.00000000 
81.87500000 0.00000000 
81.92500000 0.00000000 
81.97500000 0.00000000 
82.02500000 0.00000000 
82.07500000 0.00000000 
82.12500000 0.00000000 
82.17500000 0.00000000 
82.22500000 0.00000000 
82.27500000 0.00000000 
82.32500000 0.00000000 
82.37500000 0.00000000 
82.42500000 0.00000000 
82.47500000 0.00000000 
82.52500000 0.00000000 
82.57500000 0.00000000 
82.62500000 0.00000000 
82.67500000 0.00000000 
82.72500000 0.00000000 
82.77500000 0.00000000 
82.82500000 0.00000000 
82.87500000 0.00000000 
82.92500000 0.00000000 
82.97500000 0.00000000 
83.02500000 0.00000000 
83.07500000 0.00000000 
83.12500000 0.00000000 
83.17500000 0.00000000 
83.22500000 0.00000000 
83.27500000 0.00000000 
83.32500000 0.00000000 
83.37500000 0.00000000 
83.42500000 0.00000000 
83.47500000 0.00000000 
83.52500000 0.00000000 
83.57500000 0.00000000 
83.62500000 0.00000000 
83.67500000 0.00000000 
83.72500000 0.00000000 
83.77500000 0.00000000 
83.82500000 0.00000000 
83.87500000 0.00000000 
83.92500000 0.00000000 
83.97500000 0.00000000 
84.02500000 0.00000000 
84.07500000 0.00000000 
84.12500000 0.00000000 
84.17500000 0.00000000 
84.22500000 0.00000000 
84.27500000 0.00000000 
84.32500000 0.00000000 
84.37500000 0.00000000 
84.42500000 0.00000000 
84.47500000 0.00000000 
84.52500000 0.00000000 
84.57500000 0.00000000 
84.62500000 0.00000000 
84.67500000 0.00000000 
84.72500000 0.00000000 
84.77500000 0.00000000 
84.82500000 0.00000000 
84.87500000 0.00000000 
84.92500000 0.00000000 
84.97500000 0.00000000 
85.02500000 0.00000000 
85.07500000 0.00000000 
85.12500000 0.00000000 
85.17500000 0.00000000 
85.22500000 0.00000000 
85.27500000 0.00000000 
85.32500000 0.00000000 
85.37500000 0.00000000 
85.42500000 0.00000000 
85.47500000 0.00000000 
85.52500000 0.00000000 
85.57500000 0.00000000 
85.62500000 0.00000000 
85.67500000 0.00000000 
85.72500000 0.00000000 
85.77500000 0.00000000 
85.82500000 0.00000000 
85.87500000 0.00000000 
85.92500000 0.00000000 
85.97500000 0.00000000 
86.02500000 0.00000000 
86.07500000 0.00000000 
86.12500000 0.00000000 
86.17500000 0.00000000 
86.22500000 0.00000000 
86.27500000 0.00000000 
86.32500000 0.00000000 
86.37500000 0.00000000 
86.42500000 0.00000000 
86.47500000 0.00000000 
86.52500000 0.00000000 
86.57500000 0.00000000 
86.62500000 0.00000000 
86.67500000 0.00000000 
86.72500000 0.00000000 
86.77500000 0.00000000 
86.82500000 0.00000000 
86.87500000 0.00000000 
86.92500000 0.00000000 
86.97500000 0.00000000 
87.02500000 0.00000000 
87.07500000 0.00000000 
87.12500000 0.00000000 
87.17500000 0.00000000 
87.22500000 0.00000000 
87.27500000 0.00000000 
87.32500000 0.00000000 
87.37500000 0.00000000 
87.42500000 0.00000000 
87.47500000 0.00000000 
87.52500000 0.00000000 
87.57500000 0.00000000 
87.62500000 0.00000000 
87.67500000 0.00000000 
87.72500000 0.00000000 
87.77500000 0.00000000 
87.82500000 0.00000000 
87.87500000 0.00000000 
87.92500000 0.00000000 
87.97500000 0.00000000 
88.02500000 0.00000000 
88.07500000 0.00000000 
88.12500000 0.00000000 
88.17500000 0.00000000 
88.22500000 0.00000000 
88.27500000 0.00000000 
88.32500000 0.00000000 
88.37500000 0.00000000 
88.42500000 0.00000000 
88.47500000 0.00000000 
88.52500000 0.00000000 
88.57500000 0.00000000 
88.62500000 0.00000000 
88.67500000 0.00000000 
88.72500000 0.00000000 
88.77500000 0.00000000 
88.82500000 0.00000000 
88.87500000 0.00000000 
88.92500000 0.00000000 
88.97500000 0.00000000 
89.02500000 0.00000000 
89.07500000 0.00000000 
89.12500000 0.00000000 
89.17500000 0.00000000 
89.22500000 0.00000000 
89.27500000 0.00000000 
89.32500000 0.00000000 
89.37500000 0.00000000 
89.42500000 0.00000000 
89.47500000 0.00000000 
89.52500000 0.00000000 
89.57500000 0.00000000 
89.62500000 0.00000000 
89.67500000 0.00000000 
89.72500000 0.00000000 
89.77500000 0.00000000 
89.82500000 0.00000000 
89.87500000 0.00000000 
89.92500000 0.00000000 
89.97500000 0.00000000 
90.02500000 0.00000000 
90.07500000 0.00000000 
90.12500000 0.00000000 
90.17500000 0.00000000 
90.22500000 0.00000000 
90.27500000 0.00000000 
90.32500000 0.00000000 
90.37500000 0.00000000 
90.42500000 0.00000000 
90.47500000 0.00000000 
90.52500000 0.00000000 
90.57500000 0.00000000 
90.62500000 0.00000000 
90.67500000 0.00000000 
90.72500000 0.00000000 
90.77500000 0.00000000 
90.82500000 0.00000000 
90.87500000 0.00000000 
90.92500000 0.00000000 
90.97500000 0.00000000 
91.02500000 0.00000000 
91.07500000 0.00000000 
91.12500000 0.00000000 
91.17500000 0.00000000 
91.22500000 0.00000000 
91.27500000 0.00000000 
91.32500000 0.00000000 
91.37500000 0.00000000 
91.42500000 0.00000000 
91.47500000 0.00000000 
91.52500000 0.00000000 
91.57500000 0.00000000 
91.62500000 0.00000000 
91.67500000 0.00000000 
91.72500000 0.00000000 
91.77500000 0.00000000 
91.82500000 0.00000000 
91.87500000 0.00000000 
91.92500000 0.00000000 
91.97500000 0.00000000 
92.02500000 0.00000000 
92.07500000 0.00000000 
92.12500000 0.00000000 
92.17500000 0.00000000 
92.22500000 0.00000000 
92.27500000 0.00000000 
92.32500000 0.00000000 
92.37500000 0.00000000 
92.42500000 0.00000000 
92.47500000 0.00000000 
92.52500000 0.00000000 
92.57500000 0.00000000 
92.62500000 0.00000000 
92.67500000 0.00000000 
92.72500000 0.00000000 
92.77500000 0.00000000 
92.82500000 0.00000000 
92.87500000 0.00000000 
92.92500000 0.00000000 
92.97500000 0.00000000 
93.02500000 0.00000000 
93.07500000 0.00000000 
93.12500000 0.00000000 
93.17500000 0.00000000 
93.22500000 0.00000000 
93.27500000 0.00000000 
93.32500000 0.00000000 
93.37500000 0.00000000 
93.42500000 0.00000000 
93.47500000 0.00000000 
93.52500000 0.00000000 
93.57500000 0.00000000 
93.62500000 0.00000000 
93.67500000 0.00000000 
93.72500000 0.00000000 
93.77500000 0.00000000 
93.82500000 0.00000000 
93.87500000 0.00000000 
93.92500000 0.00000000 
93.97500000 0.00000000 
94.02500000 0.00000000 
94.07500000 0.00000000 
94.12500000 0.00000000 
94.17500000 0.00000000 
94.22500000 0.00000000 
94.27500000 0.00000000 
94.32500000 0.00000000 
94.37500000 0.00000000 
94.42500000 0.00000000 
94.47500000 0.00000000 
94.52500000 0.00000000 
94.57500000 0.00000000 
94.62500000 0.00000000 
94.67500000 0.00000000 
94.72500000 0.00000000 
94.77500000 0.00000000 
94.82500000 0.00000000 
94.87500000 0.00000000 
94.92500000 0.00000000 
94.97500000 0.00000000 
95.02500000 0.00000000 
95.07500000 0.00000000 
95.12500000 0.00000000 
95.17500000 0.00000000 
95.22500000 0.00000000 
95.27500000 0.00000000 
95.32500000 0.00000000 
95.37500000 0.00000000 
95.42500000 0.00000000 
95.47500000 0.00000000 
95.52500000 0.00000000 
95.57500000 0.00000000 
95.62500000 0.00000000 
95.67500000 0.00000000 
95.72500000 0.00000000 
95.77500000 0.00000000 
95.82500000 0.00000000 
95.87500000 0.00000000 
95.92500000 0.00000000 
95.97500000 0.00000000 
96.02500000 0.00000000 
96.07500000 0.00000000 
96.12500000 0.00000000 
96.17500000 0.00000000 
96.22500000 0.00000000 
96.27500000 0.00000000 
96.32500000 0.00000000 
96.37500000 0.00000000 
96.42500000 0.00000000 
96.47500000 0.00000000 
96.52500000 0.00000000 
96.57500000 0.00000000 
96.62500000 0.00000000 
96.67500000 0.00000000 
96.72500000 0.00000000 
96.77500000 0.00000000 
96.82500000 0.00000000 
96.87500000 0.00000000 
96.92500000 0.00000000 
96.97500000 0.00000000 
97.02500000 0.00000000 
97.07500000 0.00000000 
97.12500000 0.00000000 
97.17500000 0.00000000 
97.22500000 0.00000000 
97.27500000 0.00000000 
97.32500000 0.00000000 
97.37500000 0.00000000 
97.42500000 0.00000000 
97.47500000 0.00000000 
97.52500000 0.00000000 
97.57500000 0.00000000 
97.62500000 0.00000000 
97.67500000 0.00000000 
97.72500000 0.00000000 
97.77500000 0.00000000 
97.82500000 0.00000000 
97.87500000 0.00000000 
97.92500000 0.00000000 
97.97500000 0.00000000 
98.02500000 0.00000000 
98.07500000 0.00000000 
98.12500000 0.00000000 
98.17500000 0.00000000 
98.22500000 0.00000000 
98.27500000 0.00000000 
98.32500000 0.00000000 
98.37500000 0.00000000 
98.42500000 0.00000000 
98.47500000 0.00000000 
98.52500000 0.00000000 
98.57500000 0.00000000 
98.62500000 0.00000000 
98.67500000 0.00000000 
98.72500000 0.00000000 
98.77500000 0.00000000 
98.82500000 0.00000000 
98.87500000 0.00000000 
98.92500000 0.00000000 
98.97500000 0.00000000 
99.02500000 0.00000000 
99.07500000 0.00000000 
99.12500000 0.00000000 
99.17500000 0.00000000 
99.22500000 0.00000000 
99.27500000 0.00000000 
99.32500000 0.00000000 
99.37500000 0.00000000 
99.42500000 0.00000000 
99.47500000 0.00000000 
99.52500000 0.00000000 
99.57500000 0.00000000 
99.62500000 0.00000000 
99.67500000 0.00000000 
99.72500000 0.00000000 
99.77500000 0.00000000 
99.82500000 0.00000000 
99.87500000 0.00000000 
99.92500000 0.00000000 
99.97500000 0.00000000 
100.02500000 0.00000000 
100.07500000 0.00000000 
100.12500000 0.00000000 
100.17500000 0.00000000 
100.22500000 0.00000000 
100.27500000 0.00000000 
100.32500000 0.00000000 
100.37500000 0.00000000 
100.42500000 0.00000000 
100.47500000 0.00000000 
100.52500000 0.00000000 
100.57500000 0.00000000 
100.62500000 0.00000000 
100.67500000 0.00000000 
100.72500000 0.00000000 
100.77500000 0.00000000 
100.82500000 0.00000000 
100.87500000 0.00000000 
100.92500000 0.00000000 
100.97500000 0.00000000 
101.02500000 0.00000000 
101.07500000 0.00000000 
101.12500000 0.00000000 
101.17500000 0.00000000 
101.22500000 0.00000000 
101.27500000 0.00000000 
101.32500000 0.00000000 
101.37500000 0.00000000 
101.42500000 0.00000000 
101.47500000 0.00000000 
101.52500000 0.00000000 
101.57500000 0.00000000 
101.62500000 0.00000000 
101.67500000 0.00000000 
101.72500000 0.00000000 
101.77500000 0.00000000 
101.82500000 0.00000000 
101.87500000 0.00000000 
101.92500000 0.00000000 
101.97500000 0.00000000 
102.02500000 0.00000000 
102.07500000 0.00000000 
102.12500000 0.00000000 
102.17500000 0.00000000 
102.22500000 0.00000000 
102.27500000 0.00000000 
102.32500000 0.00000000 
102.37500000 0.00000000 
102.42500000 0.00000000 
102.47500000 0.00000000 
102.52500000 0.00000000 
102.57500000 0.00000000 
102.62500000 0.00000000 
102.67500000 0.00000000 
102.72500000 0.00000000 
102.77500000 0.00000000 
102.82500000 0.00000000 
102.87500000 0.00000000 
102.92500000 0.00000000 
102.97500000 0.00000000 
103.02500000 0.00000000 
103.07500000 0.00000000 
103.12500000 0.00000000 
103.17500000 0.00000000 
103.22500000 0.00000000 
103.27500000 0.00000000 
103.32500000 0.00000000 
103.37500000 0.00000000 
103.42500000 0.00000000 
103.47500000 0.00000000 
103.52500000 0.00000000 
103.57500000 0.00000000 
103.62500000 0.00000000 
103.67500000 0.00000000 
103.72500000 0.00000000 
103.77500000 0.00000000 
103.82500000 0.00000000 
103.87500000 0.00000000 
103.92500000 0.00000000 
103.97500000 0.00000000 
104.02500000 0.00000000 
104.07500000 0.00000000 
104.12500000 0.00000000 
104.17500000 0.00000000 
104.22500000 0.00000000 
104.27500000 0.00000000 
104.32500000 0.00000000 
104.37500000 0.00000000 
104.42500000 0.00000000 
104.47500000 0.00000000 
104.52500000 0.00000000 
104.57500000 0.00000000 
104.62500000 0.00000000 
104.67500000 0.00000000 
104.72500000 0.00000000 
104.77500000 0.00000000 
104.82500000 0.00000000 
104.87500000 0.00000000 
104.92500000 0.00000000 
104.97500000 0.00000000 
105.02500000 0.00000000 
105.07500000 0.00000000 
105.12500000 0.00000000 
105.17500000 0.00000000 
105.22500000 0.00000000 
105.27500000 0.00000000 
105.32500000 0.00000000 
105.37500000 0.00000000 
105.42500000 0.00000000 
105.47500000 0.00000000 
105.52500000 0.00000000 
105.57500000 0.00000000 
105.62500000 0.00000000 
105.67500000 0.00000000 
105.72500000 0.00000000 
105.77500000 0.00000000 
105.82500000 0.00000000 
105.87500000 0.00000000 
105.92500000 0.00000000 
105.97500000 0.00000000 
106.02500000 0.00000000 
106.07500000 0.00000000 
106.12500000 0.00000000 
106.17500000 0.00000000 
106.22500000 0.00000000 
106.27500000 0.00000000 
106.32500000 0.00000000 
106.37500000 0.00000000 
106.42500000 0.00000000 
106.47500000 0.00000000 
106.52500000 0.00000000 
106.57500000 0.00000000 
106.62500000 0.00000000 
106.67500000 0.00000000 
106.72500000 0.00000000 
106.77500000 0.00000000 
106.82500000 0.00000000 
106.87500000 0.00000000 
106.92500000 0.00000000 
106.97500000 0.00000000 
107.02500000 0.00000000 
107.07500000 0.00000000 
107.12500000 0.00000000 
107.17500000 0.00000000 
107.22500000 0.00000000 
107.27500000 0.00000000 
107.32500000 0.00000000 
107.37500000 0.00000000 
107.42500000 0.00000000 
107.47500000 0.00000000 
107.52500000 0.00000000 
107.57500000 0.00000000 
107.62500000 0.00000000 
107.67500000 0.00000000 
107.72500000 0.00000000 
107.77500000 0.00000000 
107.82500000 0.00000000 
107.87500000 0.00000000 
107.92500000 0.00000000 
107.97500000 0.00000000 
108.02500000 0.00000000 
108.07500000 0.00000000 
108.12500000 0.00000000 
108.17500000 0.00000000 
108.22500000 0.00000000 
108.27500000 0.00000000 
108.32500000 0.00000000 
108.37500000 0.00000000 
108.42500000 0.00000000 
108.47500000 0.00000000 
108.52500000 0.00000000 
108.57500000 0.00000000 
108.62500000 0.00000000 
108.67500000 0.00000000 
108.72500000 0.00000000 
108.77500000 0.00000000 
108.82500000 0.00000000 
108.87500000 0.00000000 
108.92500000 0.00000000 
108.97500000 0.00000000 
109.02500000 0.00000000 
109.07500000 0.00000000 
109.12500000 0.00000000 
109.17500000 0.00000000 
109.22500000 0.00000000 
109.27500000 0.00000000 
109.32500000 0.00000000 
109.37500000 0.00000000 
109.42500000 0.00000000 
109.47500000 0.00000000 
109.52500000 0.00000000 
109.57500000 0.00000000 
109.62500000 0.00000000 
109.67500000 0.00000000 
109.72500000 0.00000000 
109.77500000 0.00000000 
109.82500000 0.00000000 
109.87500000 0.00000000 
109.92500000 0.00000000 
109.97500000 0.00000000 
110.02500000 0.00000000 
110.07500000 0.00000000 
110.12500000 0.00000000 
110.17500000 0.00000000 
110.22500000 0.00000000 
110.27500000 0.00000000 
110.32500000 0.00000000 
110.37500000 0.00000000 
110.42500000 0.00000000 
110.47500000 0.00000000 
110.52500000 0.00000000 
110.57500000 0.00000000 
110.62500000 0.00000000 
110.67500000 0.00000000 
110.72500000 0.00000000 
110.77500000 0.00000000 
110.82500000 0.00000000 
110.87500000 0.00000000 
110.92500000 0.00000000 
110.97500000 0.00000000 
111.02500000 0.00000000 
111.07500000 0.00000000 
111.12500000 0.00000000 
111.17500000 0.00000000 
111.22500000 0.00000000 
111.27500000 0.00000000 
111.32500000 0.00000000 
111.37500000 0.00000000 
111.42500000 0.00000000 
111.47500000 0.00000000 
111.52500000 0.00000000 
111.57500000 0.00000000 
111.62500000 0.00000000 
111.67500000 0.00000000 
111.72500000 0.00000000 
111.77500000 0.00000000 
111.82500000 0.00000000 
111.87500000 0.00000000 
111.92500000 0.00000000 
111.97500000 0.00000000 
112.02500000 0.00000000 
112.07500000 0.00000000 
112.12500000 0.00000000 
112.17500000 0.00000000 
112.22500000 0.00000000 
112.27500000 0.00000000 
112.32500000 0.00000000 
112.37500000 0.00000000 
112.42500000 0.00000000 
112.47500000 0.00000000 
112.52500000 0.00000000 
112.57500000 0.00000000 
112.62500000 0.00000000 
112.67500000 0.00000000 
112.72500000 0.00000000 
112.77500000 0.00000000 
112.82500000 0.00000000 
112.87500000 0.00000000 
112.92500000 0.00000000 
112.97500000 0.00000000 
113.02500000 0.00000000 
113.07500000 0.00000000 
113.12500000 0.00000000 
113.17500000 0.00000000 
113.22500000 0.00000000 
113.27500000 0.00000000 
113.32500000 0.00000000 
113.37500000 0.00000000 
113.42500000 0.00000000 
113.47500000 0.00000000 
113.52500000 0.00000000 
113.57500000 0.00000000 
113.62500000 0.00000000 
113.67500000 0.00000000 
113.72500000 0.00000000 
113.77500000 0.00000000 
113.82500000 0.00000000 
113.87500000 0.00000000 
113.92500000 0.00000000 
113.97500000 0.00000000 
114.02500000 0.00000000 
114.07500000 0.00000000 
114.12500000 0.00000000 
114.17500000 0.00000000 
114.22500000 0.00000000 
114.27500000 0.00000000 
114.32500000 0.00000000 
114.37500000 0.00000000 
114.42500000 0.00000000 
114.47500000 0.00000000 
114.52500000 0.00000000 
114.57500000 0.00000000 
114.62500000 0.00000000 
114.67500000 0.00000000 
114.72500000 0.00000000 
114.77500000 0.00000000 
114.82500000 0.00000000 
114.87500000 0.00000000 
114.92500000 0.00000000 
114.97500000 0.00000000 
115.02500000 0.00000000 
115.07500000 0.00000000 
115.12500000 0.00000000 
115.17500000 0.00000000 
115.22500000 0.00000000 
115.27500000 0.00000000 
115.32500000 0.00000000 
115.37500000 0.00000000 
115.42500000 0.00000000 
115.47500000 0.00000000 
115.52500000 0.00000000 
115.57500000 0.00000000 
115.62500000 0.00000000 
115.67500000 0.00000000 
115.72500000 0.00000000 
115.77500000 0.00000000 
115.82500000 0.00000000 
115.87500000 0.00000000 
115.92500000 0.00000000 
115.97500000 0.00000000 
116.02500000 0.00000000 
116.07500000 0.00000000 
116.12500000 0.00000000 
116.17500000 0.00000000 
116.22500000 0.00000000 
116.27500000 0.00000000 
116.32500000 0.00000000 
116.37500000 0.00000000 
116.42500000 0.00000000 
116.47500000 0.00000000 
116.52500000 0.00000000 
116.57500000 0.00000000 
116.62500000 0.00000000 
116.67500000 0.00000000 
116.72500000 0.00000000 
116.77500000 0.00000000 
116.82500000 0.00000000 
116.87500000 0.00000000 
116.92500000 0.00000000 
116.97500000 0.00000000 
117.02500000 0.00000000 
117.07500000 0.00000000 
117.12500000 0.00000000 
117.17500000 0.00000000 
117.22500000 0.00000000 
117.27500000 0.00000000 
117.32500000 0.00000000 
117.37500000 0.00000000 
117.42500000 0.00000000 
117.47500000 0.00000000 
117.52500000 0.00000000 
117.57500000 0.00000000 
117.62500000 0.00000000 
117.67500000 0.00000000 
117.72500000 0.00000000 
117.77500000 0.00000000 
117.82500000 0.00000000 
117.87500000 0.00000000 
117.92500000 0.00000000 
117.97500000 0.00000000 
118.02500000 0.00000000 
118.07500000 0.00000000 
118.12500000 0.00000000 
118.17500000 0.00000000 
118.22500000 0.00000000 
118.27500000 0.00000000 
118.32500000 0.00000000 
118.37500000 0.00000000 
118.42500000 0.00000000 
118.47500000 0.00000000 
118.52500000 0.00000000 
118.57500000 0.00000000 
118.62500000 0.00000000 
118.67500000 0.00000000 
118.72500000 0.00000000 
118.77500000 0.00000000 
118.82500000 0.00000000 
118.87500000 0.00000000 
118.92500000 0.00000000 
118.97500000 0.00000000 
119.02500000 0.00000000 
119.07500000 0.00000000 
119.12500000 0.00000000 
119.17500000 0.00000000 
119.22500000 0.00000000 
119.27500000 0.00000000 
119.32500000 0.00000000 
119.37500000 0.00000000 
119.42500000 0.00000000 
119.47500000 0.00000000 
119.52500000 0.00000000 
119.57500000 0.00000000 
119.62500000 0.00000000 
119.67500000 0.00000000 
119.72500000 0.00000000 
119.77500000 0.00000000 
119.82500000 0.00000000 
119.87500000 0.00000000 
119.92500000 0.00000000 
119.97500000 0.00000000 
120.02500000 0.00000000 
120.07500000 0.00000000 
120.12500000 0.00000000 
120.17500000 0.00000000 
120.22500000 0.00000000 
120.27500000 0.00000000 
120.32500000 0.00000000 
120.37500000 0.00000000 
120.42500000 0.00000000 
120.47500000 0.00000000 
120.52500000 0.00000000 
120.57500000 0.00000000 
120.62500000 0.00000000 
120.67500000 0.00000000 
120.72500000 0.00000000 
120.77500000 0.00000000 
120.82500000 0.00000000 
120.87500000 0.00000000 
120.92500000 0.00000000 
120.97500000 0.00000000 
121.02500000 0.00000000 
121.07500000 0.00000000 
121.12500000 0.00000000 
121.17500000 0.00000000 
121.22500000 0.00000000 
121.27500000 0.00000000 
121.32500000 0.00000000 
121.37500000 0.00000000 
121.42500000 0.00000000 
121.47500000 0.00000000 
121.52500000 0.00000000 
121.57500000 0.00000000 
121.62500000 0.00000000 
121.67500000 0.00000000 
121.72500000 0.00000000 
121.77500000 0.00000000 
121.82500000 0.00000000 
121.87500000 0.00000000 
121.92500000 0.00000000 
121.97500000 0.00000000 
122.02500000 0.00000000 
122.07500000 0.00000000 
122.12500000 0.00000000 
122.17500000 0.00000000 
122.22500000 0.00000000 
122.27500000 0.00000000 
122.32500000 0.00000000 
122.37500000 0.00000000 
122.42500000 0.00000000 
122.47500000 0.00000000 
122.52500000 0.00000000 
122.57500000 0.00000000 
122.62500000 0.00000000 
122.67500000 0.00000000 
122.72500000 0.00000000 
122.77500000 0.00000000 
122.82500000 0.00000000 
122.87500000 0.00000000 
122.92500000 0.00000000 
122.97500000 0.00000000 
123.02500000 0.00000000 
123.07500000 0.00000000 
123.12500000 0.00000000 
123.17500000 0.00000000 
123.22500000 0.00000000 
123.27500000 0.00000000 
123.32500000 0.00000000 
123.37500000 0.00000000 
123.42500000 0.00000000 
123.47500000 0.00000000 
123.52500000 0.00000000 
123.57500000 0.00000000 
123.62500000 0.00000000 
123.67500000 0.00000000 
123.72500000 0.00000000 
123.77500000 0.00000000 
123.82500000 0.00000000 
123.87500000 0.00000000 
123.92500000 0.00000000 
123.97500000 0.00000000 
124.02500000 0.00000000 
124.07500000 0.00000000 
124.12500000 0.00000000 
124.17500000 0.00000000 
124.22500000 0.00000000 
124.27500000 0.00000000 
124.32500000 0.00000000 
124.37500000 0.00000000 
124.42500000 0.00000000 
124.47500000 0.00000000 
124.52500000 0.00000000 
124.57500000 0.00000000 
124.62500000 0.00000000 
124.67500000 0.00000000 
124.72500000 0.00000000 
124.77500000 0.00000000 
124.82500000 0.00000000 
124.87500000 0.00000000 
124.92500000 0.00000000 
124.97500000 0.00000000 
125.02500000 0.00000000 
125.07500000 0.00000000 
125.12500000 0.00000000 
125.17500000 0.00000000 
125.22500000 0.00000000 
125.27500000 0.00000000 
125.32500000 0.00000000 
125.37500000 0.00000000 
125.42500000 0.00000000 
125.47500000 0.00000000 
125.52500000 0.00000000 
125.57500000 0.00000000 
125.62500000 0.00000000 
125.67500000 0.00000000 
125.72500000 0.00000000 
125.77500000 0.00000000 
125.82500000 0.00000000 
125.87500000 0.00000000 
125.92500000 0.00000000 
125.97500000 0.00000000 
126.02500000 0.00000000 
126.07500000 0.00000000 
126.12500000 0.00000000 
126.17500000 0.00000000 
126.22500000 0.00000000 
126.27500000 0.00000000 
126.32500000 0.00000000 
126.37500000 0.00000000 
126.42500000 0.00000000 
126.47500000 0.00000000 
126.52500000 0.00000000 
126.57500000 0.00000000 
126.62500000 0.00000000 
126.67500000 0.00000000 
126.72500000 0.00000000 
126.77500000 0.00000000 
126.82500000 0.00000000 
126.87500000 0.00000000 
126.92500000 0.00000000 
126.97500000 0.00000000 
127.02500000 0.00000000 
127.07500000 0.00000000 
127.12500000 0.00000000 
127.17500000 0.00000000 
127.22500000 0.00000000 
127.27500000 0.00000000 
127.32500000 0.00000000 
127.37500000 0.00000000 
127.42500000 0.00000000 
127.47500000 0.00000000 
127.52500000 0.00000000 
127.57500000 0.00000000 
127.62500000 0.00000000 
127.67500000 0.00000000 
127.72500000 0.00000000 
127.77500000 0.00000000 
127.82500000 0.00000000 
127.87500000 0.00000000 
127.92500000 0.00000000 
127.97500000 0.00000000 
128.02500000 0.00000000 
128.07500000 0.00000000 
128.12500000 0.00000000 
128.17500000 0.00000000 
128.22500000 0.00000000 
128.27500000 0.00000000 
128.32500000 0.00000000 
128.37500000 0.00000000 
128.42500000 0.00000000 
128.47500000 0.00000000 
128.52500000 0.00000000 
128.57500000 0.00000000 
128.62500000 0.00000000 
128.67500000 0.00000000 
128.72500000 0.00000000 
128.77500000 0.00000000 
128.82500000 0.00000000 
128.87500000 0.00000000 
128.92500000 0.00000000 
128.97500000 0.00000000 
129.02500000 0.00000000 
129.07500000 0.00000000 
129.12500000 0.00000000 
129.17500000 0.00000000 
129.22500000 0.00000000 
129.27500000 0.00000000 
129.32500000 0.00000000 
129.37500000 0.00000000 
129.42500000 0.00000000 
129.47500000 0.00000000 
129.52500000 0.00000000 
129.57500000 0.00000000 
129.62500000 0.00000000 
129.67500000 0.00000000 
129.72500000 0.00000000 
129.77500000 0.00000000 
129.82500000 0.00000000 
129.87500000 0.00000000 
129.92500000 0.00000000 
129.97500000 0.00000000 
130.02500000 0.00000000 
130.07500000 0.00000000 
130.12500000 0.00000000 
130.17500000 0.00000000 
130.22500000 0.00000000 
130.27500000 0.00000000 
130.32500000 0.00000000 
130.37500000 0.00000000 
130.42500000 0.00000000 
130.47500000 0.00000000 
130.52500000 0.00000000 
130.57500000 0.00000000 
130.62500000 0.00000000 
130.67500000 0.00000000 
130.72500000 0.00000000 
130.77500000 0.00000000 
130.82500000 0.00000000 
130.87500000 0.00000000 
130.92500000 0.00000000 
130.97500000 0.00000000 
131.02500000 0.00000000 
131.07500000 0.00000000 
131.12500000 0.00000000 
131.17500000 0.00000000 
131.22500000 0.00000000 
131.27500000 0.00000000 
131.32500000 0.00000000 
131.37500000 0.00000000 
131.42500000 0.00000000 
131.47500000 0.00000000 
131.52500000 0.00000000 
131.57500000 0.00000000 
131.62500000 0.00000000 
131.67500000 0.00000000 
131.72500000 0.00000000 
131.77500000 0.00000000 
131.82500000 0.00000000 
131.87500000 0.00000000 
131.92500000 0.00000000 
131.97500000 0.00000000 
132.02500000 0.00000000 
132.07500000 0.00000000 
132.12500000 0.00000000 
132.17500000 0.00000000 
132.22500000 0.00000000 
132.27500000 0.00000000 
132.32500000 0.00000000 
132.37500000 0.00000000 
132.42500000 0.00000000 
132.47500000 0.00000000 
132.52500000 0.00000000 
132.57500000 0.00000000 
132.62500000 0.00000000 
132.67500000 0.00000000 
132.72500000 0.00000000 
132.77500000 0.00000000 
132.82500000 0.00000000 
132.87500000 0.00000000 
132.92500000 0.00000000 
132.97500000 0.00000000 
133.02500000 0.00000000 
133.07500000 0.00000000 
133.12500000 0.00000000 
133.17500000 0.00000000 
133.22500000 0.00000000 
133.27500000 0.00000000 
133.32500000 0.00000000 
133.37500000 0.00000000 
133.42500000 0.00000000 
133.47500000 0.00000000 
133.52500000 0.00000000 
133.57500000 0.00000000 
133.62500000 0.00000000 
133.67500000 0.00000000 
133.72500000 0.00000000 
133.77500000 0.00000000 
133.82500000 0.00000000 
133.87500000 0.00000000 
133.92500000 0.00000000 
133.97500000 0.00000000 
134.02500000 0.00000000 
134.07500000 0.00000000 
134.12500000 0.00000000 
134.17500000 0.00000000 
134.22500000 0.00000000 
134.27500000 0.00000000 
134.32500000 0.00000000 
134.37500000 0.00000000 
134.42500000 0.00000000 
134.47500000 0.00000000 
134.52500000 0.00000000 
134.57500000 0.00000000 
134.62500000 0.00000000 
134.67500000 0.00000000 
134.72500000 0.00000000 
134.77500000 0.00000000 
134.82500000 0.00000000 
134.87500000 0.00000000 
134.92500000 0.00000000 
134.97500000 0.00000000 
135.02500000 0.00000000 
135.07500000 0.00000000 
135.12500000 0.00000000 
135.17500000 0.00000000 
135.22500000 0.00000000 
135.27500000 0.00000000 
135.32500000 0.00000000 
135.37500000 0.00000000 
135.42500000 0.00000000 
135.47500000 0.00000000 
135.52500000 0.00000000 
135.57500000 0.00000000 
135.62500000 0.00000000 
135.67500000 0.00000000 
135.72500000 0.00000000 
135.77500000 0.00000000 
135.82500000 0.00000000 
135.87500000 0.00000000 
135.92500000 0.00000000 
135.97500000 0.00000000 
136.02500000 0.00000000 
136.07500000 0.00000000 
136.12500000 0.00000000 
136.17500000 0.00000000 
136.22500000 0.00000000 
136.27500000 0.00000000 
136.32500000 0.00000000 
136.37500000 0.00000000 
136.42500000 0.00000000 
136.47500000 0.00000000 
136.52500000 0.00000000 
136.57500000 0.00000000 
136.62500000 0.00000000 
136.67500000 0.00000000 
136.72500000 0.00000000 
136.77500000 0.00000000 
136.82500000 0.00000000 
136.87500000 0.00000000 
136.92500000 0.00000000 
136.97500000 0.00000000 
137.02500000 0.00000000 
137.07500000 0.00000000 
137.12500000 0.00000000 
137.17500000 0.00000000 
137.22500000 0.00000000 
137.27500000 0.00000000 
137.32500000 0.00000000 
137.37500000 0.00000000 
137.42500000 0.00000000 
137.47500000 0.00000000 
137.52500000 0.00000000 
137.57500000 0.00000000 
137.62500000 0.00000000 
137.67500000 0.00000000 
137.72500000 0.00000000 
137.77500000 0.00000000 
137.82500000 0.00000000 
137.87500000 0.00000000 
137.92500000 0.00000000 
137.97500000 0.00000000 
138.02500000 0.00000000 
138.07500000 0.00000000 
138.12500000 0.00000000 
138.17500000 0.00000000 
138.22500000 0.00000000 
138.27500000 0.00000000 
138.32500000 0.00000000 
138.37500000 0.00000000 
138.42500000 0.00000000 
138.47500000 0.00000000 
138.52500000 0.00000000 
138.57500000 0.00000000 
138.62500000 0.00000000 
138.67500000 0.00000000 
138.72500000 0.00000000 
138.77500000 0.00000000 
138.82500000 0.00000000 
138.87500000 0.00000000 
138.92500000 0.00000000 
138.97500000 0.00000000 
139.02500000 0.00000000 
139.07500000 0.00000000 
139.12500000 0.00000000 
139.17500000 0.00000000 
139.22500000 0.00000000 
139.27500000 0.00000000 
139.32500000 0.00000000 
139.37500000 0.00000000 
139.42500000 0.00000000 
139.47500000 0.00000000 
139.52500000 0.00000000 
139.57500000 0.00000000 
139.62500000 0.00000000 
139.67500000 0.00000000 
139.72500000 0.00000000 
139.77500000 0.00000000 
139.82500000 0.00000000 
139.87500000 0.00000000 
139.92500000 0.00000000 
139.97500000 0.00000000 
140.02500000 0.00000000 
140.07500000 0.00000000 
140.12500000 0.00000000 
140.17500000 0.00000000 
140.22500000 0.00000000 
140.27500000 0.00000000 
140.32500000 0.00000000 
140.37500000 0.00000000 
140.42500000 0.00000000 
140.47500000 0.00000000 
140.52500000 0.00000000 
140.57500000 0.00000000 
140.62500000 0.00000000 
140.67500000 0.00000000 
140.72500000 0.00000000 
140.77500000 0.00000000 
140.82500000 0.00000000 
140.87500000 0.00000000 
140.92500000 0.00000000 
140.97500000 0.00000000 
141.02500000 0.00000000 
141.07500000 0.00000000 
141.12500000 0.00000000 
141.17500000 0.00000000 
141.22500000 0.00000000 
141.27500000 0.00000000 
141.32500000 0.00000000 
141.37500000 0.00000000 
141.42500000 0.00000000 
141.47500000 0.00000000 
141.52500000 0.00000000 
141.57500000 0.00000000 
141.62500000 0.00000000 
141.67500000 0.00000000 
141.72500000 0.00000000 
141.77500000 0.00000000 
141.82500000 0.00000000 
141.87500000 0.00000000 
141.92500000 0.00000000 
141.97500000 0.00000000 
142.02500000 0.00000000 
142.07500000 0.00000000 
142.12500000 0.00000000 
142.17500000 0.00000000 
142.22500000 0.00000000 
142.27500000 0.00000000 
142.32500000 0.00000000 
142.37500000 0.00000000 
142.42500000 0.00000000 
142.47500000 0.00000000 
142.52500000 0.00000000 
142.57500000 0.00000000 
142.62500000 0.00000000 
142.67500000 0.00000000 
142.72500000 0.00000000 
142.77500000 0.00000000 
142.82500000 0.00000000 
142.87500000 0.00000000 
142.92500000 0.00000000 
142.97500000 0.00000000 
143.02500000 0.00000000 
143.07500000 0.00000000 
143.12500000 0.00000000 
143.17500000 0.00000000 
143.22500000 0.00000000 
143.27500000 0.00000000 
143.32500000 0.00000000 
143.37500000 0.00000000 
143.42500000 0.00000000 
143.47500000 0.00000000 
143.52500000 0.00000000 
143.57500000 0.00000000 
143.62500000 0.00000000 
143.67500000 0.00000000 
143.72500000 0.00000000 
143.77500000 0.00000000 
143.82500000 0.00000000 
143.87500000 0.00000000 
143.92500000 0.00000000 
143.97500000 0.00000000 
144.02500000 0.00000000 
144.07500000 0.00000000 
144.12500000 0.00000000 
144.17500000 0.00000000 
144.22500000 0.00000000 
144.27500000 0.00000000 
144.32500000 0.00000000 
144.37500000 0.00000000 
144.42500000 0.00000000 
144.47500000 0.00000000 
144.52500000 0.00000000 
144.57500000 0.00000000 
144.62500000 0.00000000 
144.67500000 0.00000000 
144.72500000 0.00000000 
144.77500000 0.00000000 
144.82500000 0.00000000 
144.87500000 0.00000000 
144.92500000 0.00000000 
144.97500000 0.00000000 
145.02500000 0.00000000 
145.07500000 0.00000000 
145.12500000 0.00000000 
145.17500000 0.00000000 
145.22500000 0.00000000 
145.27500000 0.00000000 
145.32500000 0.00000000 
145.37500000 0.00000000 
145.42500000 0.00000000 
145.47500000 0.00000000 
145.52500000 0.00000000 
145.57500000 0.00000000 
145.62500000 0.00000000 
145.67500000 0.00000000 
145.72500000 0.00000000 
145.77500000 0.00000000 
145.82500000 0.00000000 
145.87500000 0.00000000 
145.92500000 0.00000000 
145.97500000 0.00000000 
146.02500000 0.00000000 
146.07500000 0.00000000 
146.12500000 0.00000000 
146.17500000 0.00000000 
146.22500000 0.00000000 
146.27500000 0.00000000 
146.32500000 0.00000000 
146.37500000 0.00000000 
146.42500000 0.00000000 
146.47500000 0.00000000 
146.52500000 0.00000000 
146.57500000 0.00000000 
146.62500000 0.00000000 
146.67500000 0.00000000 
146.72500000 0.00000000 
146.77500000 0.00000000 
146.82500000 0.00000000 
146.87500000 0.00000000 
146.92500000 0.00000000 
146.97500000 0.00000000 
147.02500000 0.00000000 
147.07500000 0.00000000 
147.12500000 0.00000000 
147.17500000 0.00000000 
147.22500000 0.00000000 
147.27500000 0.00000000 
147.32500000 0.00000000 
147.37500000 0.00000000 
147.42500000 0.00000000 
147.47500000 0.00000000 
147.52500000 0.00000000 
147.57500000 0.00000000 
147.62500000 0.00000000 
147.67500000 0.00000000 
147.72500000 0.00000000 
147.77500000 0.00000000 
147.82500000 0.00000000 
147.87500000 0.00000000 
147.92500000 0.00000000 
147.97500000 0.00000000 
148.02500000 0.00000000 
148.07500000 0.00000000 
148.12500000 0.00000000 
148.17500000 0.00000000 
148.22500000 0.00000000 
148.27500000 0.00000000 
148.32500000 0.00000000 
148.37500000 0.00000000 
148.42500000 0.00000000 
148.47500000 0.00000000 
148.52500000 0.00000000 
148.57500000 0.00000000 
148.62500000 0.00000000 
148.67500000 0.00000000 
148.72500000 0.00000000 
148.77500000 0.00000000 
148.82500000 0.00000000 
148.87500000 0.00000000 
148.92500000 0.00000000 
148.97500000 0.00000000 
149.02500000 0.00000000 
149.07500000 0.00000000 
149.12500000 0.00000000 
149.17500000 0.00000000 
149.22500000 0.00000000 
149.27500000 0.00000000 
149.32500000 0.00000000 
149.37500000 0.00000000 
149.42500000 0.00000000 
149.47500000 0.00000000 
149.52500000 0.00000000 
149.57500000 0.00000000 
149.62500000 0.00000000 
149.67500000 0.00000000 
149.72500000 0.00000000 
149.77500000 0.00000000 
149.82500000 0.00000000 
149.87500000 0.00000000 
149.92500000 0.00000000 
149.97500000 0.00000000 
150.02500000 0.00000000 
150.07500000 0.00000000 
150.12500000 0.00000000 
150.17500000 0.00000000 
150.22500000 0.00000000 
150.27500000 0.00000000 
150.32500000 0.00000000 
150.37500000 0.00000000 
150.42500000 0.00000000 
150.47500000 0.00000000 
150.52500000 0.00000000 
150.57500000 0.00000000 
150.62500000 0.00000000 
150.67500000 0.00000000 
150.72500000 0.00000000 
150.77500000 0.00000000 
150.82500000 0.00000000 
150.87500000 0.00000000 
150.92500000 0.00000000 
150.97500000 0.00000000 
151.02500000 0.00000000 
151.07500000 0.00000000 
151.12500000 0.00000000 
151.17500000 0.00000000 
151.22500000 0.00000000 
151.27500000 0.00000000 
151.32500000 0.00000000 
151.37500000 0.00000000 
151.42500000 0.00000000 
151.47500000 0.00000000 
151.52500000 0.00000000 
151.57500000 0.00000000 
151.62500000 0.00000000 
151.67500000 0.00000000 
151.72500000 0.00000000 
151.77500000 0.00000000 
151.82500000 0.00000000 
151.87500000 0.00000000 
151.92500000 0.00000000 
151.97500000 0.00000000 
152.02500000 0.00000000 
152.07500000 0.00000000 
152.12500000 0.00000000 
152.17500000 0.00000000 
152.22500000 0.00000000 
152.27500000 0.00000000 
152.32500000 0.00000000 
152.37500000 0.00000000 
152.42500000 0.00000000 
152.47500000 0.00000000 
152.52500000 0.00000000 
152.57500000 0.00000000 
152.62500000 0.00000000 
152.67500000 0.00000000 
152.72500000 0.00000000 
152.77500000 0.00000000 
152.82500000 0.00000000 
152.87500000 0.00000000 
152.92500000 0.00000000 
152.97500000 0.00000000 
153.02500000 0.00000000 
153.07500000 0.00000000 
153.12500000 0.00000000 
153.17500000 0.00000000 
153.22500000 0.00000000 
153.27500000 0.00000000 
153.32500000 0.00000000 
153.37500000 0.00000000 
153.42500000 0.00000000 
153.47500000 0.00000000 
153.52500000 0.00000000 
153.57500000 0.00000000 
153.62500000 0.00000000 
153.67500000 0.00000000 
153.72500000 0.00000000 
153.77500000 0.00000000 
153.82500000 0.00000000 
153.87500000 0.00000000 
153.92500000 0.00000000 
153.97500000 0.00000000 
154.02500000 0.00000000 
154.07500000 0.00000000 
154.12500000 0.00000000 
154.17500000 0.00000000 
154.22500000 0.00000000 
154.27500000 0.00000000 
154.32500000 0.00000000 
154.37500000 0.00000000 
154.42500000 0.00000000 
154.47500000 0.00000000 
154.52500000 0.00000000 
154.57500000 0.00000000 
154.62500000 0.00000000 
154.67500000 0.00000000 
154.72500000 0.00000000 
154.77500000 0.00000000 
154.82500000 0.00000000 
154.87500000 0.00000000 
154.92500000 0.00000000 
154.97500000 0.00000000 
155.02500000 0.00000000 
155.07500000 0.00000000 
155.12500000 0.00000000 
155.17500000 0.00000000 
155.22500000 0.00000000 
155.27500000 0.00000000 
155.32500000 0.00000000 
155.37500000 0.00000000 
155.42500000 0.00000000 
155.47500000 0.00000000 
155.52500000 0.00000000 
155.57500000 0.00000000 
155.62500000 0.00000000 
155.67500000 0.00000000 
155.72500000 0.00000000 
155.77500000 0.00000000 
155.82500000 0.00000000 
155.87500000 0.00000000 
155.92500000 0.00000000 
155.97500000 0.00000000 
156.02500000 0.00000000 
156.07500000 0.00000000 
156.12500000 0.00000000 
156.17500000 0.00000000 
156.22500000 0.00000000 
156.27500000 0.00000000 
156.32500000 0.00000000 
156.37500000 0.00000000 
156.42500000 0.00000000 
156.47500000 0.00000000 
156.52500000 0.00000000 
156.57500000 0.00000000 
156.62500000 0.00000000 
156.67500000 0.00000000 
156.72500000 0.00000000 
156.77500000 0.00000000 
156.82500000 0.00000000 
156.87500000 0.00000000 
156.92500000 0.00000000 
156.97500000 0.00000000 
157.02500000 0.00000000 
157.07500000 0.00000000 
157.12500000 0.00000000 
157.17500000 0.00000000 
157.22500000 0.00000000 
157.27500000 0.00000000 
157.32500000 0.00000000 
157.37500000 0.00000000 
157.42500000 0.00000000 
157.47500000 0.00000000 
157.52500000 0.00000000 
157.57500000 0.00000000 
157.62500000 0.00000000 
157.67500000 0.00000000 
157.72500000 0.00000000 
157.77500000 0.00000000 
157.82500000 0.00000000 
157.87500000 0.00000000 
157.92500000 0.00000000 
157.97500000 0.00000000 
158.02500000 0.00000000 
158.07500000 0.00000000 
158.12500000 0.00000000 
158.17500000 0.00000000 
158.22500000 0.00000000 
158.27500000 0.00000000 
158.32500000 0.00000000 
158.37500000 0.00000000 
158.42500000 0.00000000 
158.47500000 0.00000000 
158.52500000 0.00000000 
158.57500000 0.00000000 
158.62500000 0.00000000 
158.67500000 0.00000000 
158.72500000 0.00000000 
158.77500000 0.00000000 
158.82500000 0.00000000 
158.87500000 0.00000000 
158.92500000 0.00000000 
158.97500000 0.00000000 
159.02500000 0.00000000 
159.07500000 0.00000000 
159.12500000 0.00000000 
159.17500000 0.00000000 
159.22500000 0.00000000 
159.27500000 0.00000000 
159.32500000 0.00000000 
159.37500000 0.00000000 
159.42500000 0.00000000 
159.47500000 0.00000000 
159.52500000 0.00000000 
159.57500000 0.00000000 
159.62500000 0.00000000 
159.67500000 0.00000000 
159.72500000 0.00000000 
159.77500000 0.00000000 
159.82500000 0.00000000 
159.87500000 0.00000000 
159.92500000 0.00000000 
159.97500000 0.00000000 
160.02500000 0.00000000 
160.07500000 0.00000000 
160.12500000 0.00000000 
160.17500000 0.00000000 
160.22500000 0.00000000 
160.27500000 0.00000000 
160.32500000 0.00000000 
160.37500000 0.00000000 
160.42500000 0.00000000 
160.47500000 0.00000000 
160.52500000 0.00000000 
160.57500000 0.00000000 
160.62500000 0.00000000 
160.67500000 0.00000000 
160.72500000 0.00000000 
160.77500000 0.00000000 
160.82500000 0.00000000 
160.87500000 0.00000000 
160.92500000 0.00000000 
160.97500000 0.00000000 
161.02500000 0.00000000 
161.07500000 0.00000000 
161.12500000 0.00000000 
161.17500000 0.00000000 
161.22500000 0.00000000 
161.27500000 0.00000000 
161.32500000 0.00000000 
161.37500000 0.00000000 
161.42500000 0.00000000 
161.47500000 0.00000000 
161.52500000 0.00000000 
161.57500000 0.00000000 
161.62500000 0.00000000 
161.67500000 0.00000000 
161.72500000 0.00000000 
161.77500000 0.00000000 
161.82500000 0.00000000 
161.87500000 0.00000000 
161.92500000 0.00000000 
161.97500000 0.00000000 
162.02500000 0.00000000 
162.07500000 0.00000000 
162.12500000 0.00000000 
162.17500000 0.00000000 
162.22500000 0.00000000 
162.27500000 0.00000000 
162.32500000 0.00000000 
162.37500000 0.00000000 
162.42500000 0.00000000 
162.47500000 0.00000000 
162.52500000 0.00000000 
162.57500000 0.00000000 
162.62500000 0.00000000 
162.67500000 0.00000000 
162.72500000 0.00000000 
162.77500000 0.00000000 
162.82500000 0.00000000 
162.87500000 0.00000000 
162.92500000 0.00000000 
162.97500000 0.00000000 
163.02500000 0.00000000 
163.07500000 0.00000000 
163.12500000 0.00000000 
163.17500000 0.00000000 
163.22500000 0.00000000 
163.27500000 0.00000000 
163.32500000 0.00000000 
163.37500000 0.00000000 
163.42500000 0.00000000 
163.47500000 0.00000000 
163.52500000 0.00000000 
163.57500000 0.00000000 
163.62500000 0.00000000 
163.67500000 0.00000000 
163.72500000 0.00000000 
163.77500000 0.00000000 
163.82500000 0.00000000 
163.87500000 0.00000000 
163.92500000 0.00000000 
163.97500000 0.00000000 
164.02500000 0.00000000 
164.07500000 0.00000000 
164.12500000 0.00000000 
164.17500000 0.00000000 
164.22500000 0.00000000 
164.27500000 0.00000000 
164.32500000 0.00000000 
164.37500000 0.00000000 
164.42500000 0.00000000 
164.47500000 0.00000000 
164.52500000 0.00000000 
164.57500000 0.00000000 
164.62500000 0.00000000 
164.67500000 0.00000000 
164.72500000 0.00000000 
164.77500000 0.00000000 
164.82500000 0.00000000 
164.87500000 0.00000000 
164.92500000 0.00000000 
164.97500000 0.00000000 
165.02500000 0.00000000 
165.07500000 0.00000000 
165.12500000 0.00000000 
165.17500000 0.00000000 
165.22500000 0.00000000 
165.27500000 0.00000000 
165.32500000 0.00000000 
165.37500000 0.00000000 
165.42500000 0.00000000 
165.47500000 0.00000000 
165.52500000 0.00000000 
165.57500000 0.00000000 
165.62500000 0.00000000 
165.67500000 0.00000000 
165.72500000 0.00000000 
165.77500000 0.00000000 
165.82500000 0.00000000 
165.87500000 0.00000000 
165.92500000 0.00000000 
165.97500000 0.00000000 
166.02500000 0.00000000 
166.07500000 0.00000000 
166.12500000 0.00000000 
166.17500000 0.00000000 
166.22500000 0.00000000 
166.27500000 0.00000000 
166.32500000 0.00000000 
166.37500000 0.00000000 
166.42500000 0.00000000 
166.47500000 0.00000000 
166.52500000 0.00000000 
166.57500000 0.00000000 
166.62500000 0.00000000 
166.67500000 0.00000000 
166.72500000 0.00000000 
166.77500000 0.00000000 
166.82500000 0.00000000 
166.87500000 0.00000000 
166.92500000 0.00000000 
166.97500000 0.00000000 
167.02500000 0.00000000 
167.07500000 0.00000000 
167.12500000 0.00000000 
167.17500000 0.00000000 
167.22500000 0.00000000 
167.27500000 0.00000000 
167.32500000 0.00000000 
167.37500000 0.00000000 
167.42500000 0.00000000 
167.47500000 0.00000000 
167.52500000 0.00000000 
167.57500000 0.00000000 
167.62500000 0.00000000 
167.67500000 0.00000000 
167.72500000 0.00000000 
167.77500000 0.00000000 
167.82500000 0.00000000 
167.87500000 0.00000000 
167.92500000 0.00000000 
167.97500000 0.00000000 
168.02500000 0.00000000 
168.07500000 0.00000000 
168.12500000 0.00000000 
168.17500000 0.00000000 
168.22500000 0.00000000 
168.27500000 0.00000000 
168.32500000 0.00000000 
168.37500000 0.00000000 
168.42500000 0.00000000 
168.47500000 0.00000000 
168.52500000 0.00000000 
168.57500000 0.00000000 
168.62500000 0.00000000 
168.67500000 0.00000000 
168.72500000 0.00000000 
168.77500000 0.00000000 
168.82500000 0.00000000 
168.87500000 0.00000000 
168.92500000 0.00000000 
168.97500000 0.00000000 
169.02500000 0.00000000 
169.07500000 0.00000000 
169.12500000 0.00000000 
169.17500000 0.00000000 
169.22500000 0.00000000 
169.27500000 0.00000000 
169.32500000 0.00000000 
169.37500000 0.00000000 
169.42500000 0.00000000 
169.47500000 0.00000000 
169.52500000 0.00000000 
169.57500000 0.00000000 
169.62500000 0.00000000 
169.67500000 0.00000000 
169.72500000 0.00000000 
169.77500000 0.00000000 
169.82500000 0.00000000 
169.87500000 0.00000000 
169.92500000 0.00000000 
169.97500000 0.00000000 
170.02500000 0.00000000 
170.07500000 0.00000000 
170.12500000 0.00000000 
170.17500000 0.00000000 
170.22500000 0.00000000 
170.27500000 0.00000000 
170.32500000 0.00000000 
170.37500000 0.00000000 
170.42500000 0.00000000 
170.47500000 0.00000000 
170.52500000 0.00000000 
170.57500000 0.00000000 
170.62500000 0.00000000 
170.67500000 0.00000000 
170.72500000 0.00000000 
170.77500000 0.00000000 
170.82500000 0.00000000 
170.87500000 0.00000000 
170.92500000 0.00000000 
170.97500000 0.00000000 
171.02500000 0.00000000 
171.07500000 0.00000000 
171.12500000 0.00000000 
171.17500000 0.00000000 
171.22500000 0.00000000 
171.27500000 0.00000000 
171.32500000 0.00000000 
171.37500000 0.00000000 
171.42500000 0.00000000 
171.47500000 0.00000000 
171.52500000 0.00000000 
171.57500000 0.00000000 
171.62500000 0.00000000 
171.67500000 0.00000000 
171.72500000 0.00000000 
171.77500000 0.00000000 
171.82500000 0.00000000 
171.87500000 0.00000000 
171.92500000 0.00000000 
171.97500000 0.00000000 
172.02500000 0.00000000 
172.07500000 0.00000000 
172.12500000 0.00000000 
172.17500000 0.00000000 
172.22500000 0.00000000 
172.27500000 0.00000000 
172.32500000 0.00000000 
172.37500000 0.00000000 
172.42500000 0.00000000 
172.47500000 0.00000000 
172.52500000 0.00000000 
172.57500000 0.00000000 
172.62500000 0.00000000 
172.67500000 0.00000000 
172.72500000 0.00000000 
172.77500000 0.00000000 
172.82500000 0.00000000 
172.87500000 0.00000000 
172.92500000 0.00000000 
172.97500000 0.00000000 
173.02500000 0.00000000 
173.07500000 0.00000000 
173.12500000 0.00000000 
173.17500000 0.00000000 
173.22500000 0.00000000 
173.27500000 0.00000000 
173.32500000 0.00000000 
173.37500000 0.00000000 
173.42500000 0.00000000 
173.47500000 0.00000000 
173.52500000 0.00000000 
173.57500000 0.00000000 
173.62500000 0.00000000 
173.67500000 0.00000000 
173.72500000 0.00000000 
173.77500000 0.00000000 
173.82500000 0.00000000 
173.87500000 0.00000000 
173.92500000 0.00000000 
173.97500000 0.00000000 
174.02500000 0.00000000 
174.07500000 0.00000000 
174.12500000 0.00000000 
174.17500000 0.00000000 
174.22500000 0.00000000 
174.27500000 0.00000000 
174.32500000 0.00000000 
174.37500000 0.00000000 
174.42500000 0.00000000 
174.47500000 0.00000000 
174.52500000 0.00000000 
174.57500000 0.00000000 
174.62500000 0.00000000 
174.67500000 0.00000000 
174.72500000 0.00000000 
174.77500000 0.00000000 
174.82500000 0.00000000 
174.87500000 0.00000000 
174.92500000 0.00000000 
174.97500000 0.00000000 
175.02500000 0.00000000 
175.07500000 0.00000000 
175.12500000 0.00000000 
175.17500000 0.00000000 
175.22500000 0.00000000 
175.27500000 0.00000000 
175.32500000 0.00000000 
175.37500000 0.00000000 
175.42500000 0.00000000 
175.47500000 0.00000000 
175.52500000 0.00000000 
175.57500000 0.00000000 
175.62500000 0.00000000 
175.67500000 0.00000000 
175.72500000 0.00000000 
175.77500000 0.00000000 
175.82500000 0.00000000 
175.87500000 0.00000000 
175.92500000 0.00000000 
175.97500000 0.00000000 
176.02500000 0.00000000 
176.07500000 0.00000000 
176.12500000 0.00000000 
176.17500000 0.00000000 
176.22500000 0.00000000 
176.27500000 0.00000000 
176.32500000 0.00000000 
176.37500000 0.00000000 
176.42500000 0.00000000 
176.47500000 0.00000000 
176.52500000 0.00000000 
176.57500000 0.00000000 
176.62500000 0.00000000 
176.67500000 0.00000000 
176.72500000 0.00000000 
176.77500000 0.00000000 
176.82500000 0.00000000 
176.87500000 0.00000000 
176.92500000 0.00000000 
176.97500000 0.00000000 
177.02500000 0.00000000 
177.07500000 0.00000000 
177.12500000 0.00000000 
177.17500000 0.00000000 
177.22500000 0.00000000 
177.27500000 0.00000000 
177.32500000 0.00000000 
177.37500000 0.00000000 
177.42500000 0.00000000 
177.47500000 0.00000000 
177.52500000 0.00000000 
177.57500000 0.00000000 
177.62500000 0.00000000 
177.67500000 0.00000000 
177.72500000 0.00000000 
177.77500000 0.00000000 
177.82500000 0.00000000 
177.87500000 0.00000000 
177.92500000 0.00000000 
177.97500000 0.00000000 
178.02500000 0.00000000 
178.07500000 0.00000000 
178.12500000 0.00000000 
178.17500000 0.00000000 
178.22500000 0.00000000 
178.27500000 0.00000000 
178.32500000 0.00000000 
178.37500000 0.00000000 
178.42500000 0.00000000 
178.47500000 0.00000000 
178.52500000 0.00000000 
178.57500000 0.00000000 
178.62500000 0.00000000 
178.67500000 0.00000000 
178.72500000 0.00000000 
178.77500000 0.00000000 
178.82500000 0.00000000 
178.87500000 0.00000000 
178.92500000 0.00000000 
178.97500000 0.00000000 
179.02500000 0.00000000 
179.07500000 0.00000000 
179.12500000 0.00000000 
179.17500000 0.00000000 
179.22500000 0.00000000 
179.27500000 0.00000000 
179.32500000 0.00000000 
179.37500000 0.00000000 
179.42500000 0.00000000 
179.47500000 0.00000000 
179.52500000 0.00000000 
179.57500000 0.00000000 
179.62500000 0.00000000 
179.67500000 0.00000000 
179.72500000 0.00000000 
179.77500000 0.00000000 
179.82500000 0.00000000 
179.87500000 0.00000000 
179.92500000 0.00000000 
179.97500000 0.00000000 
180.02500000 0.00000000 
180.07500000 0.00000000 
180.12500000 0.00000000 
180.17500000 0.00000000 
180.22500000 0.00000000 
180.27500000 0.00000000 
180.32500000 0.00000000 
180.37500000 0.00000000 
180.42500000 0.00000000 
180.47500000 0.00000000 
180.52500000 0.00000000 
180.57500000 0.00000000 
180.62500000 0.00000000 
180.67500000 0.00000000 
180.72500000 0.00000000 
180.77500000 0.00000000 
180.82500000 0.00000000 
180.87500000 0.00000000 
180.92500000 0.00000000 
180.97500000 0.00000000 
181.02500000 0.00000000 
181.07500000 0.00000000 
181.12500000 0.00000000 
181.17500000 0.00000000 
181.22500000 0.00000000 
181.27500000 0.00000000 
181.32500000 0.00000000 
181.37500000 0.00000000 
181.42500000 0.00000000 
181.47500000 0.00000000 
181.52500000 0.00000000 
181.57500000 0.00000000 
181.62500000 0.00000000 
181.67500000 0.00000000 
181.72500000 0.00000000 
181.77500000 0.00000000 
181.82500000 0.00000000 
181.87500000 0.00000000 
181.92500000 0.00000000 
181.97500000 0.00000000 
182.02500000 0.00000000 
182.07500000 0.00000000 
182.12500000 0.00000000 
182.17500000 0.00000000 
182.22500000 0.00000000 
182.27500000 0.00000000 
182.32500000 0.00000000 
182.37500000 0.00000000 
182.42500000 0.00000000 
182.47500000 0.00000000 
182.52500000 0.00000000 
182.57500000 0.00000000 
182.62500000 0.00000000 
182.67500000 0.00000000 
182.72500000 0.00000000 
182.77500000 0.00000000 
182.82500000 0.00000000 
182.87500000 0.00000000 
182.92500000 0.00000000 
182.97500000 0.00000000 
183.02500000 0.00000000 
183.07500000 0.00000000 
183.12500000 0.00000000 
183.17500000 0.00000000 
183.22500000 0.00000000 
183.27500000 0.00000000 
183.32500000 0.00000000 
183.37500000 0.00000000 
183.42500000 0.00000000 
183.47500000 0.00000000 
183.52500000 0.00000000 
183.57500000 0.00000000 
183.62500000 0.00000000 
183.67500000 0.00000000 
183.72500000 0.00000000 
183.77500000 0.00000000 
183.82500000 0.00000000 
183.87500000 0.00000000 
183.92500000 0.00000000 
183.97500000 0.00000000 
184.02500000 0.00000000 
184.07500000 0.00000000 
184.12500000 0.00000000 
184.17500000 0.00000000 
184.22500000 0.00000000 
184.27500000 0.00000000 
184.32500000 0.00000000 
184.37500000 0.00000000 
184.42500000 0.00000000 
184.47500000 0.00000000 
184.52500000 0.00000000 
184.57500000 0.00000000 
184.62500000 0.00000000 
184.67500000 0.00000000 
184.72500000 0.00000000 
184.77500000 0.00000000 
184.82500000 0.00000000 
184.87500000 0.00000000 
184.92500000 0.00000000 
184.97500000 0.00000000 
185.02500000 0.00000000 
185.07500000 0.00000000 
185.12500000 0.00000000 
185.17500000 0.00000000 
185.22500000 0.00000000 
185.27500000 0.00000000 
185.32500000 0.00000000 
185.37500000 0.00000000 
185.42500000 0.00000000 
185.47500000 0.00000000 
185.52500000 0.00000000 
185.57500000 0.00000000 
185.62500000 0.00000000 
185.67500000 0.00000000 
185.72500000 0.00000000 
185.77500000 0.00000000 
185.82500000 0.00000000 
185.87500000 0.00000000 
185.92500000 0.00000000 
185.97500000 0.00000000 
186.02500000 0.00000000 
186.07500000 0.00000000 
186.12500000 0.00000000 
186.17500000 0.00000000 
186.22500000 0.00000000 
186.27500000 0.00000000 
186.32500000 0.00000000 
186.37500000 0.00000000 
186.42500000 0.00000000 
186.47500000 0.00000000 
186.52500000 0.00000000 
186.57500000 0.00000000 
186.62500000 0.00000000 
186.67500000 0.00000000 
186.72500000 0.00000000 
186.77500000 0.00000000 
186.82500000 0.00000000 
186.87500000 0.00000000 
186.92500000 0.00000000 
186.97500000 0.00000000 
187.02500000 0.00000000 
187.07500000 0.00000000 
187.12500000 0.00000000 
187.17500000 0.00000000 
187.22500000 0.00000000 
187.27500000 0.00000000 
187.32500000 0.00000000 
187.37500000 0.00000000 
187.42500000 0.00000000 
187.47500000 0.00000000 
187.52500000 0.00000000 
187.57500000 0.00000000 
187.62500000 0.00000000 
187.67500000 0.00000000 
187.72500000 0.00000000 
187.77500000 0.00000000 
187.82500000 0.00000000 
187.87500000 0.00000000 
187.92500000 0.00000000 
187.97500000 0.00000000 
188.02500000 0.00000000 
188.07500000 0.00000000 
188.12500000 0.00000000 
188.17500000 0.00000000 
188.22500000 0.00000000 
188.27500000 0.00000000 
188.32500000 0.00000000 
188.37500000 0.00000000 
188.42500000 0.00000000 
188.47500000 0.00000000 
188.52500000 0.00000000 
188.57500000 0.00000000 
188.62500000 0.00000000 
188.67500000 0.00000000 
188.72500000 0.00000000 
188.77500000 0.00000000 
188.82500000 0.00000000 
188.87500000 0.00000000 
188.92500000 0.00000000 
188.97500000 0.00000000 
189.02500000 0.00000000 
189.07500000 0.00000000 
189.12500000 0.00000000 
189.17500000 0.00000000 
189.22500000 0.00000000 
189.27500000 0.00000000 
189.32500000 0.00000000 
189.37500000 0.00000000 
189.42500000 0.00000000 
189.47500000 0.00000000 
189.52500000 0.00000000 
189.57500000 0.00000000 
189.62500000 0.00000000 
189.67500000 0.00000000 
189.72500000 0.00000000 
189.77500000 0.00000000 
189.82500000 0.00000000 
189.87500000 0.00000000 
189.92500000 0.00000000 
189.97500000 0.00000000 
190.02500000 0.00000000 
190.07500000 0.00000000 
190.12500000 0.00000000 
190.17500000 0.00000000 
190.22500000 0.00000000 
190.27500000 0.00000000 
190.32500000 0.00000000 
190.37500000 0.00000000 
190.42500000 0.00000000 
190.47500000 0.00000000 
190.52500000 0.00000000 
190.57500000 0.00000000 
190.62500000 0.00000000 
190.67500000 0.00000000 
190.72500000 0.00000000 
190.77500000 0.00000000 
190.82500000 0.00000000 
190.87500000 0.00000000 
190.92500000 0.00000000 
190.97500000 0.00000000 
191.02500000 0.00000000 
191.07500000 0.00000000 
191.12500000 0.00000000 
191.17500000 0.00000000 
191.22500000 0.00000000 
191.27500000 0.00000000 
191.32500000 0.00000000 
191.37500000 0.00000000 
191.42500000 0.00000000 
191.47500000 0.00000000 
191.52500000 0.00000000 
191.57500000 0.00000000 
191.62500000 0.00000000 
191.67500000 0.00000000 
191.72500000 0.00000000 
191.77500000 0.00000000 
191.82500000 0.00000000 
191.87500000 0.00000000 
191.92500000 0.00000000 
191.97500000 0.00000000 
192.02500000 0.00000000 
192.07500000 0.00000000 
192.12500000 0.00000000 
192.17500000 0.00000000 
192.22500000 0.00000000 
192.27500000 0.00000000 
192.32500000 0.00000000 
192.37500000 0.00000000 
192.42500000 0.00000000 
192.47500000 0.00000000 
192.52500000 0.00000000 
192.57500000 0.00000000 
192.62500000 0.00000000 
192.67500000 0.00000000 
192.72500000 0.00000000 
192.77500000 0.00000000 
192.82500000 0.00000000 
192.87500000 0.00000000 
192.92500000 0.00000000 
192.97500000 0.00000000 
193.02500000 0.00000000 
193.07500000 0.00000000 
193.12500000 0.00000000 
193.17500000 0.00000000 
193.22500000 0.00000000 
193.27500000 0.00000000 
193.32500000 0.00000000 
193.37500000 0.00000000 
193.42500000 0.00000000 
193.47500000 0.00000000 
193.52500000 0.00000000 
193.57500000 0.00000000 
193.62500000 0.00000000 
193.67500000 0.00000000 
193.72500000 0.00000000 
193.77500000 0.00000000 
193.82500000 0.00000000 
193.87500000 0.00000000 
193.92500000 0.00000000 
193.97500000 0.00000000 
194.02500000 0.00000000 
194.07500000 0.00000000 
194.12500000 0.00000000 
194.17500000 0.00000000 
194.22500000 0.00000000 
194.27500000 0.00000000 
194.32500000 0.00000000 
194.37500000 0.00000000 
194.42500000 0.00000000 
194.47500000 0.00000000 
194.52500000 0.00000000 
194.57500000 0.00000000 
194.62500000 0.00000000 
194.67500000 0.00000000 
194.72500000 0.00000000 
194.77500000 0.00000000 
194.82500000 0.00000000 
194.87500000 0.00000000 
194.92500000 0.00000000 
194.97500000 0.00000000 
195.02500000 0.00000000 
195.07500000 0.00000000 
195.12500000 0.00000000 
195.17500000 0.00000000 
195.22500000 0.00000000 
195.27500000 0.00000000 
195.32500000 0.00000000 
195.37500000 0.00000000 
195.42500000 0.00000000 
195.47500000 0.00000000 
195.52500000 0.00000000 
195.57500000 0.00000000 
195.62500000 0.00000000 
195.67500000 0.00000000 
195.72500000 0.00000000 
195.77500000 0.00000000 
195.82500000 0.00000000 
195.87500000 0.00000000 
195.92500000 0.00000000 
195.97500000 0.00000000 
196.02500000 0.00000000 
196.07500000 0.00000000 
196.12500000 0.00000000 
196.17500000 0.00000000 
196.22500000 0.00000000 
196.27500000 0.00000000 
196.32500000 0.00000000 
196.37500000 0.00000000 
196.42500000 0.00000000 
196.47500000 0.00000000 
196.52500000 0.00000000 
196.57500000 0.00000000 
196.62500000 0.00000000 
196.67500000 0.00000000 
196.72500000 0.00000000 
196.77500000 0.00000000 
196.82500000 0.00000000 
196.87500000 0.00000000 
196.92500000 0.00000000 
196.97500000 0.00000000 
197.02500000 0.00000000 
197.07500000 0.00000000 
197.12500000 0.00000000 
197.17500000 0.00000000 
197.22500000 0.00000000 
197.27500000 0.00000000 
197.32500000 0.00000000 
197.37500000 0.00000000 
197.42500000 0.00000000 
197.47500000 0.00000000 
197.52500000 0.00000000 
197.57500000 0.00000000 
197.62500000 0.00000000 
197.67500000 0.00000000 
197.72500000 0.00000000 
197.77500000 0.00000000 
197.82500000 0.00000000 
197.87500000 0.00000000 
197.92500000 0.00000000 
197.97500000 0.00000000 
198.02500000 0.00000000 
198.07500000 0.00000000 
198.12500000 0.00000000 
198.17500000 0.00000000 
198.22500000 0.00000000 
198.27500000 0.00000000 
198.32500000 0.00000000 
198.37500000 0.00000000 
198.42500000 0.00000000 
198.47500000 0.00000000 
198.52500000 0.00000000 
198.57500000 0.00000000 
198.62500000 0.00000000 
198.67500000 0.00000000 
198.72500000 0.00000000 
198.77500000 0.00000000 
198.82500000 0.00000000 
198.87500000 0.00000000 
198.92500000 0.00000000 
198.97500000 0.00000000 
199.02500000 0.00000000 
199.07500000 0.00000000 
199.12500000 0.00000000 
199.17500000 0.00000000 
199.22500000 0.00000000 
199.27500000 0.00000000 
199.32500000 0.00000000 
199.37500000 0.00000000 
199.42500000 0.00000000 
199.47500000 0.00000000 
199.52500000 0.00000000 
199.57500000 0.00000000 
199.62500000 0.00000000 
199.67500000 0.00000000 
199.72500000 0.00000000 
199.77500000 0.00000000 
199.82500000 0.00000000 
199.87500000 0.00000000 
199.92500000 0.00000000 
199.97500000 0.00000000 
