0.02500000 1.00000000 
0.07500000 1.00000000 
0.12500000 1.00000000 
0.17500000 1.00000000 
0.22500000 1.00000000 
0.27500000 1.00000000 
0.32500000 1.00000000 
0.37500000 1.00000000 
0.42500000 1.00000000 
0.47500000 1.00000000 
0.52500000 1.00000000 
0.57500000 1.00000000 
0.62500000 1.00000000 
0.67500000 1.00000000 
0.72500000 1.00000000 
0.77500000 1.00000000 
0.82500000 1.00000000 
0.87500000 1.00000000 
0.92500000 1.00000000 
0.97500000 1.00000000 
1.02500000 1.00000000 
1.07500000 1.00000000 
1.12500000 1.00000000 
1.17500000 1.00000000 
1.22500000 1.00000000 
1.27500000 1.00000000 
1.32500000 1.00000000 
1.37500000 1.00000000 
1.42500000 1.00000000 
1.47500000 1.00000000 
1.52500000 1.00000000 
1.57500000 1.00000000 
1.62500000 1.00000000 
1.67500000 1.00000000 
1.72500000 1.00000000 
1.77500000 1.00000000 
1.82500000 1.00000000 
1.87500000 1.00000000 
1.92500000 1.00000000 
1.97500000 1.00000000 
2.02500000 1.00000000 
2.07500000 1.00000000 
2.12500000 1.00000000 
2.17500000 1.00000000 
2.22500000 1.00000000 
2.27500000 1.00000000 
2.32500000 1.00000000 
2.37500000 1.00000000 
2.42500000 1.00000000 
2.47500000 1.00000000 
2.52500000 1.00000000 
2.57500000 1.00000000 
2.62500000 1.00000000 
2.67500000 1.00000000 
2.72500000 1.00000000 
2.77500000 1.00000000 
2.82500000 1.00000000 
2.87500000 1.00000000 
2.92500000 1.00000000 
2.97500000 1.00000000 
3.02500000 1.00000000 
3.07500000 1.00000000 
3.12500000 1.00000000 
3.17500000 1.00000000 
3.22500000 1.00000000 
3.27500000 1.00000000 
3.32500000 1.00000000 
3.37500000 1.00000000 
3.42500000 1.00000000 
3.47500000 1.00000000 
3.52500000 1.00000000 
3.57500000 1.00000000 
3.62500000 1.00000000 
3.67500000 1.00000000 
3.72500000 1.00000000 
3.77500000 1.00000000 
3.82500000 1.00000000 
3.87500000 1.00000000 
3.92500000 1.00000000 
3.97500000 1.00000000 
4.02500000 1.00000000 
4.07500000 1.00000000 
4.12500000 1.00000000 
4.17500000 1.00000000 
4.22500000 1.00000000 
4.27500000 1.00000000 
4.32500000 1.00000000 
4.37500000 1.00000000 
4.42500000 1.00000000 
4.47500000 1.00000000 
4.52500000 1.00000000 
4.57500000 1.00000000 
4.62500000 1.00000000 
4.67500000 1.00000000 
4.72500000 1.00000000 
4.77500000 1.00000000 
4.82500000 1.00000000 
4.87500000 1.00000000 
4.92500000 1.00000000 
4.97500000 1.00000000 
5.02500000 1.00000000 
5.07500000 1.00000000 
5.12500000 1.00000000 
5.17500000 1.00000000 
5.22500000 1.00000000 
5.27500000 1.00000000 
5.32500000 1.00000000 
5.37500000 1.00000000 
5.42500000 1.00000000 
5.47500000 1.00000000 
5.52500000 1.00000000 
5.57500000 1.00000000 
5.62500000 1.00000000 
5.67500000 1.00000000 
5.72500000 1.00000000 
5.77500000 1.00000000 
5.82500000 1.00000000 
5.87500000 1.00000000 
5.92500000 1.00000000 
5.97500000 1.00000000 
6.02500000 1.00000000 
6.07500000 1.00000000 
6.12500000 1.00000000 
6.17500000 1.00000000 
6.22500000 1.00000000 
6.27500000 1.00000000 
6.32500000 1.00000000 
6.37500000 1.00000000 
6.42500000 1.00000000 
6.47500000 1.00000000 
6.52500000 1.00000000 
6.57500000 1.00000000 
6.62500000 1.00000000 
6.67500000 1.00000000 
6.72500000 1.00000000 
6.77500000 1.00000000 
6.82500000 1.00000000 
6.87500000 1.00000000 
6.92500000 1.00000000 
6.97500000 1.00000000 
7.02500000 1.00000000 
7.07500000 1.00000000 
7.12500000 1.00000000 
7.17500000 1.00000000 
7.22500000 1.00000000 
7.27500000 1.00000000 
7.32500000 1.00000000 
7.37500000 1.00000000 
7.42500000 1.00000000 
7.47500000 1.00000000 
7.52500000 1.00000000 
7.57500000 1.00000000 
7.62500000 1.00000000 
7.67500000 1.00000000 
7.72500000 1.00000000 
7.77500000 1.00000000 
7.82500000 1.00000000 
7.87500000 1.00000000 
7.92500000 1.00000000 
7.97500000 1.00000000 
8.02500000 1.00000000 
8.07500000 1.00000000 
8.12500000 1.00000000 
8.17500000 1.00000000 
8.22500000 1.00000000 
8.27500000 1.00000000 
8.32500000 1.00000000 
8.37500000 1.00000000 
8.42500000 1.00000000 
8.47500000 1.00000000 
8.52500000 1.00000000 
8.57500000 1.00000000 
8.62500000 1.00000000 
8.67500000 1.00000000 
8.72500000 1.00000000 
8.77500000 1.00000000 
8.82500000 1.00000000 
8.87500000 1.00000000 
8.92500000 1.00000000 
8.97500000 1.00000000 
9.02500000 1.00000000 
9.07500000 1.00000000 
9.12500000 1.00000000 
9.17500000 1.00000000 
9.22500000 1.00000000 
9.27500000 1.00000000 
9.32500000 1.00000000 
9.37500000 1.00000000 
9.42500000 1.00000000 
9.47500000 1.00000000 
9.52500000 1.00000000 
9.57500000 1.00000000 
9.62500000 1.00000000 
9.67500000 1.00000000 
9.72500000 1.00000000 
9.77500000 1.00000000 
9.82500000 1.00000000 
9.87500000 1.00000000 
9.92500000 1.00000000 
9.97500000 1.00000000 
10.02500000 1.00000000 
10.07500000 1.00000000 
10.12500000 1.00000000 
10.17500000 1.00000000 
10.22500000 1.00000000 
10.27500000 1.00000000 
10.32500000 1.00000000 
10.37500000 1.00000000 
10.42500000 1.00000000 
10.47500000 1.00000000 
10.52500000 1.00000000 
10.57500000 1.00000000 
10.62500000 1.00000000 
10.67500000 1.00000000 
10.72500000 1.00000000 
10.77500000 1.00000000 
10.82500000 1.00000000 
10.87500000 1.00000000 
10.92500000 1.00000000 
10.97500000 1.00000000 
11.02500000 1.00000000 
11.07500000 1.00000000 
11.12500000 1.00000000 
11.17500000 1.00000000 
11.22500000 1.00000000 
11.27500000 1.00000000 
11.32500000 1.00000000 
11.37500000 1.00000000 
11.42500000 1.00000000 
11.47500000 1.00000000 
11.52500000 1.00000000 
11.57500000 1.00000000 
11.62500000 1.00000000 
11.67500000 1.00000000 
11.72500000 1.00000000 
11.77500000 1.00000000 
11.82500000 1.00000000 
11.87500000 1.00000000 
11.92500000 1.00000000 
11.97500000 1.00000000 
12.02500000 1.00000000 
12.07500000 1.00000000 
12.12500000 1.00000000 
12.17500000 1.00000000 
12.22500000 1.00000000 
12.27500000 1.00000000 
12.32500000 1.00000000 
12.37500000 1.00000000 
12.42500000 1.00000000 
12.47500000 1.00000000 
12.52500000 1.00000000 
12.57500000 1.00000000 
12.62500000 1.00000000 
12.67500000 1.00000000 
12.72500000 1.00000000 
12.77500000 1.00000000 
12.82500000 1.00000000 
12.87500000 1.00000000 
12.92500000 1.00000000 
12.97500000 1.00000000 
13.02500000 1.00000000 
13.07500000 1.00000000 
13.12500000 1.00000000 
13.17500000 1.00000000 
13.22500000 1.00000000 
13.27500000 1.00000000 
13.32500000 1.00000000 
13.37500000 1.00000000 
13.42500000 1.00000000 
13.47500000 1.00000000 
13.52500000 1.00000000 
13.57500000 1.00000000 
13.62500000 1.00000000 
13.67500000 1.00000000 
13.72500000 1.00000000 
13.77500000 1.00000000 
13.82500000 0.99999999 
13.87500000 0.99999999 
13.92500000 0.99999999 
13.97500000 0.99999999 
14.02500000 0.99999999 
14.07500000 0.99999999 
14.12500000 0.99999999 
14.17500000 0.99999999 
14.22500000 0.99999999 
14.27500000 0.99999999 
14.32500000 0.99999999 
14.37500000 0.99999999 
14.42500000 0.99999999 
14.47500000 0.99999999 
14.52500000 0.99999999 
14.57500000 0.99999999 
14.62500000 0.99999999 
14.67500000 0.99999999 
14.72500000 0.99999999 
14.77500000 0.99999999 
14.82500000 0.99999999 
14.87500000 0.99999999 
14.92500000 0.99999999 
14.97500000 0.99999999 
15.02500000 0.99999999 
15.07500000 0.99999999 
15.12500000 0.99999999 
15.17500000 0.99999999 
15.22500000 0.99999999 
15.27500000 0.99999999 
15.32500000 0.99999999 
15.37500000 0.99999999 
15.42500000 0.99999999 
15.47500000 0.99999999 
15.52500000 0.99999999 
15.57500000 0.99999999 
15.62500000 0.99999999 
15.67500000 0.99999999 
15.72500000 0.99999999 
15.77500000 0.99999999 
15.82500000 0.99999999 
15.87500000 0.99999999 
15.92500000 0.99999999 
15.97500000 0.99999999 
16.02500000 0.99999999 
16.07500000 0.99999999 
16.12500000 0.99999999 
16.17500000 0.99999999 
16.22500000 0.99999999 
16.27500000 0.99999999 
16.32500000 0.99999999 
16.37500000 0.99999999 
16.42500000 0.99999999 
16.47500000 0.99999999 
16.52500000 0.99999999 
16.57500000 0.99999999 
16.62500000 0.99999999 
16.67500000 0.99999999 
16.72500000 0.99999999 
16.77500000 0.99999999 
16.82500000 0.99999999 
16.87500000 0.99999999 
16.92500000 0.99999999 
16.97500000 0.99999999 
17.02500000 0.99999999 
17.07500000 0.99999999 
17.12500000 0.99999999 
17.17500000 0.99999999 
17.22500000 0.99999999 
17.27500000 0.99999999 
17.32500000 0.99999998 
17.37500000 0.99999998 
17.42500000 0.99999998 
17.47500000 0.99999998 
17.52500000 0.99999998 
17.57500000 0.99999998 
17.62500000 0.99999998 
17.67500000 0.99999998 
17.72500000 0.99999998 
17.77500000 0.99999998 
17.82500000 0.99999998 
17.87500000 0.99999998 
17.92500000 0.99999998 
17.97500000 0.99999998 
18.02500000 0.99999998 
18.07500000 0.99999998 
18.12500000 0.99999998 
18.17500000 0.99999998 
18.22500000 0.99999998 
18.27500000 0.99999998 
18.32500000 0.99999998 
18.37500000 0.99999998 
18.42500000 0.99999998 
18.47500000 0.99999998 
18.52500000 0.99999998 
18.57500000 0.99999998 
18.62500000 0.99999998 
18.67500000 0.99999998 
18.72500000 0.99999998 
18.77500000 0.99999998 
18.82500000 0.99999998 
18.87500000 0.99999998 
18.92500000 0.99999997 
18.97500000 0.99999997 
19.02500000 0.99999997 
19.07500000 0.99999997 
19.12500000 0.99999997 
19.17500000 0.99999997 
19.22500000 0.99999997 
19.27500000 0.99999997 
19.32500000 0.99999997 
19.37500000 0.99999997 
19.42500000 0.99999997 
19.47500000 0.99999997 
19.52500000 0.99999997 
19.57500000 0.99999997 
19.62500000 0.99999997 
19.67500000 0.99999997 
19.72500000 0.99999997 
19.77500000 0.99999997 
19.82500000 0.99999997 
19.87500000 0.99999997 
19.92500000 0.99999996 
19.97500000 0.99999996 
20.02500000 0.99999996 
20.07500000 0.99999996 
20.12500000 0.99999996 
20.17500000 0.99999996 
20.22500000 0.99999996 
20.27500000 0.99999996 
20.32500000 0.99999996 
20.37500000 0.99999996 
20.42500000 0.99999996 
20.47500000 0.99999996 
20.52500000 0.99999996 
20.57500000 0.99999996 
20.62500000 0.99999996 
20.67500000 0.99999996 
20.72500000 0.99999995 
20.77500000 0.99999995 
20.82500000 0.99999995 
20.87500000 0.99999995 
20.92500000 0.99999995 
20.97500000 0.99999995 
21.02500000 0.99999995 
21.07500000 0.99999995 
21.12500000 0.99999995 
21.17500000 0.99999995 
21.22500000 0.99999995 
21.27500000 0.99999995 
21.32500000 0.99999994 
21.37500000 0.99999994 
21.42500000 0.99999994 
21.47500000 0.99999994 
21.52500000 0.99999994 
21.57500000 0.99999994 
21.62500000 0.99999994 
21.67500000 0.99999994 
21.72500000 0.99999994 
21.77500000 0.99999994 
21.82500000 0.99999993 
21.87500000 0.99999993 
21.92500000 0.99999993 
21.97500000 0.99999993 
22.02500000 0.99999993 
22.07500000 0.99999993 
22.12500000 0.99999993 
22.17500000 0.99999993 
22.22500000 0.99999993 
22.27500000 0.99999992 
22.32500000 0.99999992 
22.37500000 0.99999992 
22.42500000 0.99999992 
22.47500000 0.99999992 
22.52500000 0.99999992 
22.57500000 0.99999992 
22.62500000 0.99999991 
22.67500000 0.99999991 
22.72500000 0.99999991 
22.77500000 0.99999991 
22.82500000 0.99999991 
22.87500000 0.99999991 
22.92500000 0.99999991 
22.97500000 0.99999990 
23.02500000 0.99999990 
23.07500000 0.99999990 
23.12500000 0.99999990 
23.17500000 0.99999990 
23.22500000 0.99999990 
23.27500000 0.99999989 
23.32500000 0.99999989 
23.37500000 0.99999989 
23.42500000 0.99999989 
23.47500000 0.99999989 
23.52500000 0.99999988 
23.57500000 0.99999988 
23.62500000 0.99999988 
23.67500000 0.99999988 
23.72500000 0.99999988 
23.77500000 0.99999987 
23.82500000 0.99999987 
23.87500000 0.99999987 
23.92500000 0.99999987 
23.97500000 0.99999987 
24.02500000 0.99999986 
24.07500000 0.99999986 
24.12500000 0.99999986 
24.17500000 0.99999986 
24.22500000 0.99999985 
24.27500000 0.99999985 
24.32500000 0.99999985 
24.37500000 0.99999985 
24.42500000 0.99999984 
24.47500000 0.99999984 
24.52500000 0.99999984 
24.57500000 0.99999984 
24.62500000 0.99999983 
24.67500000 0.99999983 
24.72500000 0.99999983 
24.77500000 0.99999982 
24.82500000 0.99999982 
24.87500000 0.99999982 
24.92500000 0.99999982 
24.97500000 0.99999981 
25.02500000 0.99999981 
25.07500000 0.99999981 
25.12500000 0.99999980 
25.17500000 0.99999980 
25.22500000 0.99999980 
25.27500000 0.99999979 
25.32500000 0.99999979 
25.37500000 0.99999979 
25.42500000 0.99999978 
25.47500000 0.99999978 
25.52500000 0.99999977 
25.57500000 0.99999977 
25.62500000 0.99999977 
25.67500000 0.99999976 
25.72500000 0.99999976 
25.77500000 0.99999975 
25.82500000 0.99999975 
25.87500000 0.99999975 
25.92500000 0.99999974 
25.97500000 0.99999974 
26.02500000 0.99999973 
26.07500000 0.99999973 
26.12500000 0.99999972 
26.17500000 0.99999972 
26.22500000 0.99999971 
26.27500000 0.99999971 
26.32500000 0.99999970 
26.37500000 0.99999970 
26.42500000 0.99999969 
26.47500000 0.99999969 
26.52500000 0.99999968 
26.57500000 0.99999968 
26.62500000 0.99999967 
26.67500000 0.99999967 
26.72500000 0.99999966 
26.77500000 0.99999965 
26.82500000 0.99999965 
26.87500000 0.99999964 
26.92500000 0.99999964 
26.97500000 0.99999963 
27.02500000 0.99999962 
27.07500000 0.99999962 
27.12500000 0.99999961 
27.17500000 0.99999960 
27.22500000 0.99999960 
27.27500000 0.99999959 
27.32500000 0.99999958 
27.37500000 0.99999958 
27.42500000 0.99999957 
27.47500000 0.99999956 
27.52500000 0.99999955 
27.57500000 0.99999955 
27.62500000 0.99999954 
27.67500000 0.99999953 
27.72500000 0.99999952 
27.77500000 0.99999952 
27.82500000 0.99999951 
27.87500000 0.99999950 
27.92500000 0.99999949 
27.97500000 0.99999948 
28.02500000 0.99999947 
28.07500000 0.99999946 
28.12500000 0.99999945 
28.17500000 0.99999944 
28.22500000 0.99999944 
28.27500000 0.99999943 
28.32500000 0.99999942 
28.37500000 0.99999941 
28.42500000 0.99999940 
28.47500000 0.99999938 
28.52500000 0.99999937 
28.57500000 0.99999936 
28.62500000 0.99999935 
28.67500000 0.99999934 
28.72500000 0.99999933 
28.77500000 0.99999932 
28.82500000 0.99999931 
28.87500000 0.99999929 
28.92500000 0.99999928 
28.97500000 0.99999927 
29.02500000 0.99999926 
29.07500000 0.99999924 
29.12500000 0.99999923 
29.17500000 0.99999922 
29.22500000 0.99999921 
29.27500000 0.99999919 
29.32500000 0.99999918 
29.37500000 0.99999916 
29.42500000 0.99999915 
29.47500000 0.99999913 
29.52500000 0.99999912 
29.57500000 0.99999910 
29.62500000 0.99999909 
29.67500000 0.99999907 
29.72500000 0.99999906 
29.77500000 0.99999904 
29.82500000 0.99999902 
29.87500000 0.99999901 
29.92500000 0.99999899 
29.97500000 0.99999897 
30.02500000 0.99999895 
30.07500000 0.99999894 
30.12500000 0.99999892 
30.17500000 0.99999890 
30.22500000 0.99999888 
30.27500000 0.99999886 
30.32500000 0.99999884 
30.37500000 0.99999882 
30.42500000 0.99999880 
30.47500000 0.99999878 
30.52500000 0.99999876 
30.57500000 0.99999874 
30.62500000 0.99999872 
30.67500000 0.99999869 
30.72500000 0.99999867 
30.77500000 0.99999865 
30.82500000 0.99999863 
30.87500000 0.99999860 
30.92500000 0.99999858 
30.97500000 0.99999855 
31.02500000 0.99999853 
31.07500000 0.99999850 
31.12500000 0.99999848 
31.17500000 0.99999845 
31.22500000 0.99999842 
31.27500000 0.99999840 
31.32500000 0.99999837 
31.37500000 0.99999834 
31.42500000 0.99999831 
31.47500000 0.99999828 
31.52500000 0.99999825 
31.57500000 0.99999822 
31.62500000 0.99999819 
31.67500000 0.99999816 
31.72500000 0.99999813 
31.77500000 0.99999809 
31.82500000 0.99999806 
31.87500000 0.99999803 
31.92500000 0.99999799 
31.97500000 0.99999796 
32.02500000 0.99999792 
32.07500000 0.99999789 
32.12500000 0.99999785 
32.17500000 0.99999781 
32.22500000 0.99999778 
32.27500000 0.99999774 
32.32500000 0.99999770 
32.37500000 0.99999766 
32.42500000 0.99999762 
32.47500000 0.99999758 
32.52500000 0.99999753 
32.57500000 0.99999749 
32.62500000 0.99999745 
32.67500000 0.99999740 
32.72500000 0.99999736 
32.77500000 0.99999731 
32.82500000 0.99999726 
32.87500000 0.99999722 
32.92500000 0.99999717 
32.97500000 0.99999712 
33.02500000 0.99999707 
33.07500000 0.99999702 
33.12500000 0.99999697 
33.17500000 0.99999691 
33.22500000 0.99999686 
33.27500000 0.99999680 
33.32500000 0.99999675 
33.37500000 0.99999669 
33.42500000 0.99999664 
33.47500000 0.99999658 
33.52500000 0.99999652 
33.57500000 0.99999646 
33.62500000 0.99999639 
33.67500000 0.99999633 
33.72500000 0.99999627 
33.77500000 0.99999620 
33.82500000 0.99999614 
33.87500000 0.99999607 
33.92500000 0.99999600 
33.97500000 0.99999593 
34.02500000 0.99999586 
34.07500000 0.99999579 
34.12500000 0.99999572 
34.17500000 0.99999564 
34.22500000 0.99999556 
34.27500000 0.99999549 
34.32500000 0.99999541 
34.37500000 0.99999533 
34.42500000 0.99999525 
34.47500000 0.99999516 
34.52500000 0.99999508 
34.57500000 0.99999499 
34.62500000 0.99999491 
34.67500000 0.99999482 
34.72500000 0.99999473 
34.77500000 0.99999464 
34.82500000 0.99999454 
34.87500000 0.99999445 
34.92500000 0.99999435 
34.97500000 0.99999425 
35.02500000 0.99999415 
35.07500000 0.99999405 
35.12500000 0.99999395 
35.17500000 0.99999384 
35.22500000 0.99999373 
35.27500000 0.99999362 
35.32500000 0.99999351 
35.37500000 0.99999340 
35.42500000 0.99999328 
35.47500000 0.99999317 
35.52500000 0.99999305 
35.57500000 0.99999293 
35.62500000 0.99999280 
35.67500000 0.99999268 
35.72500000 0.99999255 
35.77500000 0.99999242 
35.82500000 0.99999229 
35.87500000 0.99999215 
35.92500000 0.99999201 
35.97500000 0.99999187 
36.02500000 0.99999173 
36.07500000 0.99999159 
36.12500000 0.99999144 
36.17500000 0.99999129 
36.22500000 0.99999114 
36.27500000 0.99999098 
36.32500000 0.99999083 
36.37500000 0.99999067 
36.42500000 0.99999050 
36.47500000 0.99999034 
36.52500000 0.99999017 
36.57500000 0.99999000 
36.62500000 0.99998982 
36.67500000 0.99998964 
36.72500000 0.99998946 
36.77500000 0.99998928 
36.82500000 0.99998909 
36.87500000 0.99998890 
36.92500000 0.99998870 
36.97500000 0.99998851 
37.02500000 0.99998831 
37.07500000 0.99998810 
37.12500000 0.99998789 
37.17500000 0.99998768 
37.22500000 0.99998747 
37.27500000 0.99998725 
37.32500000 0.99998702 
37.37500000 0.99998680 
37.42500000 0.99998656 
37.47500000 0.99998633 
37.52500000 0.99998609 
37.57500000 0.99998585 
37.62500000 0.99998560 
37.67500000 0.99998535 
37.72500000 0.99998509 
37.77500000 0.99998483 
37.82500000 0.99998456 
37.87500000 0.99998429 
37.92500000 0.99998402 
37.97500000 0.99998374 
38.02500000 0.99998345 
38.07500000 0.99998316 
38.12500000 0.99998287 
38.17500000 0.99998257 
38.22500000 0.99998226 
38.27500000 0.99998195 
38.32500000 0.99998164 
38.37500000 0.99998131 
38.42500000 0.99998099 
38.47500000 0.99998065 
38.52500000 0.99998031 
38.57500000 0.99997997 
38.62500000 0.99997962 
38.67500000 0.99997926 
38.72500000 0.99997890 
38.77500000 0.99997853 
38.82500000 0.99997815 
38.87500000 0.99997777 
38.92500000 0.99997738 
38.97500000 0.99997698 
39.02500000 0.99997658 
39.07500000 0.99997617 
39.12500000 0.99997575 
39.17500000 0.99997533 
39.22500000 0.99997489 
39.27500000 0.99997445 
39.32500000 0.99997400 
39.37500000 0.99997355 
39.42500000 0.99997308 
39.47500000 0.99997261 
39.52500000 0.99997213 
39.57500000 0.99997164 
39.62500000 0.99997115 
39.67500000 0.99997064 
39.72500000 0.99997012 
39.77500000 0.99996960 
39.82500000 0.99996907 
39.87500000 0.99996852 
39.92500000 0.99996797 
39.97500000 0.99996741 
40.02500000 0.99996684 
40.07500000 0.99996625 
40.12500000 0.99996566 
40.17500000 0.99996506 
40.22500000 0.99996445 
40.27500000 0.99996382 
40.32500000 0.99996319 
40.37500000 0.99996254 
40.42500000 0.99996188 
40.47500000 0.99996121 
40.52500000 0.99996053 
40.57500000 0.99995984 
40.62500000 0.99995914 
40.67500000 0.99995842 
40.72500000 0.99995769 
40.77500000 0.99995694 
40.82500000 0.99995619 
40.87500000 0.99995542 
40.92500000 0.99995464 
40.97500000 0.99995384 
41.02500000 0.99995303 
41.07500000 0.99995220 
41.12500000 0.99995136 
41.17500000 0.99995051 
41.22500000 0.99994964 
41.27500000 0.99994876 
41.32500000 0.99994786 
41.37500000 0.99994694 
41.42500000 0.99994601 
41.47500000 0.99994506 
41.52500000 0.99994409 
41.57500000 0.99994311 
41.62500000 0.99994211 
41.67500000 0.99994109 
41.72500000 0.99994006 
41.77500000 0.99993900 
41.82500000 0.99993793 
41.87500000 0.99993684 
41.92500000 0.99993573 
41.97500000 0.99993460 
42.02500000 0.99993345 
42.07500000 0.99993228 
42.12500000 0.99993109 
42.17500000 0.99992988 
42.22500000 0.99992865 
42.27500000 0.99992739 
42.32500000 0.99992612 
42.37500000 0.99992482 
42.42500000 0.99992350 
42.47500000 0.99992215 
42.52500000 0.99992078 
42.57500000 0.99991939 
42.62500000 0.99991797 
42.67500000 0.99991653 
42.72500000 0.99991506 
42.77500000 0.99991357 
42.82500000 0.99991205 
42.87500000 0.99991050 
42.92500000 0.99990893 
42.97500000 0.99990732 
43.02500000 0.99990569 
43.07500000 0.99990404 
43.12500000 0.99990235 
43.17500000 0.99990063 
43.22500000 0.99989888 
43.27500000 0.99989710 
43.32500000 0.99989529 
43.37500000 0.99989345 
43.42500000 0.99989158 
43.47500000 0.99988967 
43.52500000 0.99988773 
43.57500000 0.99988575 
43.62500000 0.99988374 
43.67500000 0.99988169 
43.72500000 0.99987961 
43.77500000 0.99987749 
43.82500000 0.99987534 
43.87500000 0.99987314 
43.92500000 0.99987091 
43.97500000 0.99986864 
44.02500000 0.99986633 
44.07500000 0.99986398 
44.12500000 0.99986158 
44.17500000 0.99985915 
44.22500000 0.99985667 
44.27500000 0.99985414 
44.32500000 0.99985158 
44.37500000 0.99984896 
44.42500000 0.99984630 
44.47500000 0.99984360 
44.52500000 0.99984084 
44.57500000 0.99983804 
44.62500000 0.99983519 
44.67500000 0.99983229 
44.72500000 0.99982934 
44.77500000 0.99982633 
44.82500000 0.99982327 
44.87500000 0.99982016 
44.92500000 0.99981700 
44.97500000 0.99981377 
45.02500000 0.99981049 
45.07500000 0.99980716 
45.12500000 0.99980376 
45.17500000 0.99980031 
45.22500000 0.99979679 
45.27500000 0.99979321 
45.32500000 0.99978957 
45.37500000 0.99978586 
45.42500000 0.99978209 
45.47500000 0.99977825 
45.52500000 0.99977435 
45.57500000 0.99977037 
45.62500000 0.99976633 
45.67500000 0.99976221 
45.72500000 0.99975802 
45.77500000 0.99975376 
45.82500000 0.99974942 
45.87500000 0.99974501 
45.92500000 0.99974052 
45.97500000 0.99973594 
46.02500000 0.99973129 
46.07500000 0.99972656 
46.12500000 0.99972174 
46.17500000 0.99971684 
46.22500000 0.99971185 
46.27500000 0.99970677 
46.32500000 0.99970161 
46.37500000 0.99969635 
46.42500000 0.99969100 
46.47500000 0.99968555 
46.52500000 0.99968001 
46.57500000 0.99967437 
46.62500000 0.99966864 
46.67500000 0.99966280 
46.72500000 0.99965686 
46.77500000 0.99965081 
46.82500000 0.99964466 
46.87500000 0.99963839 
46.92500000 0.99963202 
46.97500000 0.99962554 
47.02500000 0.99961894 
47.07500000 0.99961222 
47.12500000 0.99960539 
47.17500000 0.99959843 
47.22500000 0.99959135 
47.27500000 0.99958415 
47.32500000 0.99957682 
47.37500000 0.99956936 
47.42500000 0.99956177 
47.47500000 0.99955405 
47.52500000 0.99954619 
47.57500000 0.99953819 
47.62500000 0.99953005 
47.67500000 0.99952176 
47.72500000 0.99951333 
47.77500000 0.99950475 
47.82500000 0.99949602 
47.87500000 0.99948714 
47.92500000 0.99947810 
47.97500000 0.99946890 
48.02500000 0.99945954 
48.07500000 0.99945001 
48.12500000 0.99944031 
48.17500000 0.99943044 
48.22500000 0.99942040 
48.27500000 0.99941019 
48.32500000 0.99939979 
48.37500000 0.99938921 
48.42500000 0.99937844 
48.47500000 0.99936748 
48.52500000 0.99935633 
48.57500000 0.99934498 
48.62500000 0.99933343 
48.67500000 0.99932168 
48.72500000 0.99930972 
48.77500000 0.99929754 
48.82500000 0.99928516 
48.87500000 0.99927256 
48.92500000 0.99925973 
48.97500000 0.99924668 
49.02500000 0.99923339 
49.07500000 0.99921988 
49.12500000 0.99920612 
49.17500000 0.99919212 
49.22500000 0.99917788 
49.27500000 0.99916338 
49.32500000 0.99914863 
49.37500000 0.99913362 
49.42500000 0.99911834 
49.47500000 0.99910279 
49.52500000 0.99908697 
49.57500000 0.99907087 
49.62500000 0.99905449 
49.67500000 0.99903781 
49.72500000 0.99902085 
49.77500000 0.99900358 
49.82500000 0.99898601 
49.87500000 0.99896813 
49.92500000 0.99894993 
49.97500000 0.99893142 
50.02500000 0.99891257 
50.07500000 0.99889340 
50.12500000 0.99887388 
50.17500000 0.99885403 
50.22500000 0.99883382 
50.27500000 0.99881325 
50.32500000 0.99879233 
50.37500000 0.99877103 
50.42500000 0.99874936 
50.47500000 0.99872731 
50.52500000 0.99870486 
50.57500000 0.99868202 
50.62500000 0.99865878 
50.67500000 0.99863513 
50.72500000 0.99861107 
50.77500000 0.99858657 
50.82500000 0.99856165 
50.87500000 0.99853629 
50.92500000 0.99851048 
50.97500000 0.99848421 
51.02500000 0.99845748 
51.07500000 0.99843029 
51.12500000 0.99840261 
51.17500000 0.99837444 
51.22500000 0.99834578 
51.27500000 0.99831661 
51.32500000 0.99828693 
51.37500000 0.99825672 
51.42500000 0.99822599 
51.47500000 0.99819471 
51.52500000 0.99816288 
51.57500000 0.99813049 
51.62500000 0.99809753 
51.67500000 0.99806398 
51.72500000 0.99802985 
51.77500000 0.99799512 
51.82500000 0.99795977 
51.87500000 0.99792380 
51.92500000 0.99788720 
51.97500000 0.99784995 
52.02500000 0.99781205 
52.07500000 0.99777348 
52.12500000 0.99773423 
52.17500000 0.99769429 
52.22500000 0.99765364 
52.27500000 0.99761229 
52.32500000 0.99757020 
52.37500000 0.99752737 
52.42500000 0.99748379 
52.47500000 0.99743944 
52.52500000 0.99739430 
52.57500000 0.99734838 
52.62500000 0.99730165 
52.67500000 0.99725409 
52.72500000 0.99720570 
52.77500000 0.99715645 
52.82500000 0.99710634 
52.87500000 0.99705535 
52.92500000 0.99700346 
52.97500000 0.99695066 
53.02500000 0.99689693 
53.07500000 0.99684225 
53.12500000 0.99678662 
53.17500000 0.99673000 
53.22500000 0.99667239 
53.27500000 0.99661377 
53.32500000 0.99655411 
53.37500000 0.99649341 
53.42500000 0.99643164 
53.47500000 0.99636878 
53.52500000 0.99630482 
53.57500000 0.99623974 
53.62500000 0.99617351 
53.67500000 0.99610612 
53.72500000 0.99603754 
53.77500000 0.99596776 
53.82500000 0.99589675 
53.87500000 0.99582450 
53.92500000 0.99575098 
53.97500000 0.99567617 
54.02500000 0.99560004 
54.07500000 0.99552258 
54.12500000 0.99544376 
54.17500000 0.99536355 
54.22500000 0.99528194 
54.27500000 0.99519890 
54.32500000 0.99511439 
54.37500000 0.99502841 
54.42500000 0.99494092 
54.47500000 0.99485189 
54.52500000 0.99476131 
54.57500000 0.99466913 
54.62500000 0.99457534 
54.67500000 0.99447991 
54.72500000 0.99438280 
54.77500000 0.99428399 
54.82500000 0.99418346 
54.87500000 0.99408116 
54.92500000 0.99397706 
54.97500000 0.99387115 
55.02500000 0.99376338 
55.07500000 0.99365373 
55.12500000 0.99354215 
55.17500000 0.99342863 
55.22500000 0.99331312 
55.27500000 0.99319558 
55.32500000 0.99307600 
55.37500000 0.99295432 
55.42500000 0.99283051 
55.47500000 0.99270454 
55.52500000 0.99257637 
55.57500000 0.99244596 
55.62500000 0.99231327 
55.67500000 0.99217827 
55.72500000 0.99204091 
55.77500000 0.99190115 
55.82500000 0.99175895 
55.87500000 0.99161427 
55.92500000 0.99146706 
55.97500000 0.99131729 
56.02500000 0.99116491 
56.07500000 0.99100987 
56.12500000 0.99085213 
56.17500000 0.99069164 
56.22500000 0.99052836 
56.27500000 0.99036223 
56.32500000 0.99019321 
56.37500000 0.99002125 
56.42500000 0.98984629 
56.47500000 0.98966830 
56.52500000 0.98948720 
56.57500000 0.98930296 
56.62500000 0.98911552 
56.67500000 0.98892482 
56.72500000 0.98873081 
56.77500000 0.98853343 
56.82500000 0.98833263 
56.87500000 0.98812834 
56.92500000 0.98792050 
56.97500000 0.98770906 
57.02500000 0.98749396 
57.07500000 0.98727513 
57.12500000 0.98705251 
57.17500000 0.98682604 
57.22500000 0.98659564 
57.27500000 0.98636126 
57.32500000 0.98612282 
57.37500000 0.98588027 
57.42500000 0.98563352 
57.47500000 0.98538250 
57.52500000 0.98512716 
57.57500000 0.98486740 
57.62500000 0.98460317 
57.67500000 0.98433437 
57.72500000 0.98406095 
57.77500000 0.98378281 
57.82500000 0.98349988 
57.87500000 0.98321208 
57.92500000 0.98291933 
57.97500000 0.98262155 
58.02500000 0.98231864 
58.07500000 0.98201053 
58.12500000 0.98169713 
58.17500000 0.98137836 
58.22500000 0.98105411 
58.27500000 0.98072430 
58.32500000 0.98038885 
58.37500000 0.98004765 
58.42500000 0.97970060 
58.47500000 0.97934763 
58.52500000 0.97898861 
58.57500000 0.97862347 
58.62500000 0.97825209 
58.67500000 0.97787437 
58.72500000 0.97749021 
58.77500000 0.97709950 
58.82500000 0.97670214 
58.87500000 0.97629801 
58.92500000 0.97588702 
58.97500000 0.97546903 
59.02500000 0.97504395 
59.07500000 0.97461165 
59.12500000 0.97417202 
59.17500000 0.97372494 
59.22500000 0.97327029 
59.27500000 0.97280795 
59.32500000 0.97233779 
59.37500000 0.97185968 
59.42500000 0.97137351 
59.47500000 0.97087913 
59.52500000 0.97037642 
59.57500000 0.96986525 
59.62500000 0.96934548 
59.67500000 0.96881698 
59.72500000 0.96827959 
59.77500000 0.96773320 
59.82500000 0.96717764 
59.87500000 0.96661278 
59.92500000 0.96603847 
59.97500000 0.96545456 
60.02500000 0.96486091 
60.07500000 0.96425735 
60.12500000 0.96364374 
60.17500000 0.96301991 
60.22500000 0.96238571 
60.27500000 0.96174098 
60.32500000 0.96108556 
60.37500000 0.96041928 
60.42500000 0.95974197 
60.47500000 0.95905346 
60.52500000 0.95835359 
60.57500000 0.95764217 
60.62500000 0.95691904 
60.67500000 0.95618402 
60.72500000 0.95543692 
60.77500000 0.95467756 
60.82500000 0.95390577 
60.87500000 0.95312135 
60.92500000 0.95232411 
60.97500000 0.95151386 
61.02500000 0.95069042 
61.07500000 0.94985358 
61.12500000 0.94900315 
61.17500000 0.94813893 
61.22500000 0.94726071 
61.27500000 0.94636830 
61.32500000 0.94546148 
61.37500000 0.94454005 
61.42500000 0.94360380 
61.47500000 0.94265251 
61.52500000 0.94168597 
61.57500000 0.94070397 
61.62500000 0.93970627 
61.67500000 0.93869267 
61.72500000 0.93766293 
61.77500000 0.93661684 
61.82500000 0.93555416 
61.87500000 0.93447467 
61.92500000 0.93337813 
61.97500000 0.93226430 
62.02500000 0.93113296 
62.07500000 0.92998387 
62.12500000 0.92881678 
62.17500000 0.92763146 
62.22500000 0.92642766 
62.27500000 0.92520513 
62.32500000 0.92396363 
62.37500000 0.92270291 
62.42500000 0.92142271 
62.47500000 0.92012280 
62.52500000 0.91880290 
62.57500000 0.91746277 
62.62500000 0.91610216 
62.67500000 0.91472079 
62.72500000 0.91331842 
62.77500000 0.91189477 
62.82500000 0.91044960 
62.87500000 0.90898263 
62.92500000 0.90749360 
62.97500000 0.90598224 
63.02500000 0.90444829 
63.07500000 0.90289148 
63.12500000 0.90131154 
63.17500000 0.89970820 
63.22500000 0.89808120 
63.27500000 0.89643026 
63.32500000 0.89475511 
63.37500000 0.89305548 
63.42500000 0.89133110 
63.47500000 0.88958170 
63.52500000 0.88780701 
63.57500000 0.88600675 
63.62500000 0.88418065 
63.67500000 0.88232845 
63.72500000 0.88044988 
63.77500000 0.87854466 
63.82500000 0.87661253 
63.87500000 0.87465322 
63.92500000 0.87266646 
63.97500000 0.87065199 
64.02500000 0.86860954 
64.07500000 0.86653885 
64.12500000 0.86443967 
64.17500000 0.86231173 
64.22500000 0.86015478 
64.27500000 0.85796856 
64.32500000 0.85575282 
64.37500000 0.85350731 
64.42500000 0.85123179 
64.47500000 0.84892601 
64.52500000 0.84658974 
64.57500000 0.84422273 
64.62500000 0.84182476 
64.67500000 0.83939560 
64.72500000 0.83693501 
64.77500000 0.83444279 
64.82500000 0.83191871 
64.87500000 0.82936257 
64.92500000 0.82677416 
64.97500000 0.82415327 
65.02500000 0.82149973 
65.07500000 0.81881332 
65.12500000 0.81609388 
65.17500000 0.81334122 
65.22500000 0.81055518 
65.27500000 0.80773559 
65.32500000 0.80488230 
65.37500000 0.80199516 
65.42500000 0.79907402 
65.47500000 0.79611876 
65.52500000 0.79312925 
65.57500000 0.79010537 
65.62500000 0.78704702 
65.67500000 0.78395409 
65.72500000 0.78082651 
65.77500000 0.77766418 
65.82500000 0.77446704 
65.87500000 0.77123504 
65.92500000 0.76796812 
65.97500000 0.76466624 
66.02500000 0.76132938 
66.07500000 0.75795753 
66.12500000 0.75455067 
66.17500000 0.75110883 
66.22500000 0.74763201 
66.27500000 0.74412026 
66.32500000 0.74057362 
66.37500000 0.73699214 
66.42500000 0.73337591 
66.47500000 0.72972500 
66.52500000 0.72603953 
66.57500000 0.72231959 
66.62500000 0.71856533 
66.67500000 0.71477688 
66.72500000 0.71095441 
66.77500000 0.70709808 
66.82500000 0.70320809 
66.87500000 0.69928464 
66.92500000 0.69532795 
66.97500000 0.69133825 
67.02500000 0.68731581 
67.07500000 0.68326088 
67.12500000 0.67917376 
67.17500000 0.67505474 
67.22500000 0.67090415 
67.27500000 0.66672232 
67.32500000 0.66250960 
67.37500000 0.65826637 
67.42500000 0.65399300 
67.47500000 0.64968991 
67.52500000 0.64535752 
67.57500000 0.64099627 
67.62500000 0.63660661 
67.67500000 0.63218902 
67.72500000 0.62774399 
67.77500000 0.62327203 
67.82500000 0.61877366 
67.87500000 0.61424944 
67.92500000 0.60969992 
67.97500000 0.60512569 
68.02500000 0.60052733 
68.07500000 0.59590546 
68.12500000 0.59126072 
68.17500000 0.58659374 
68.22500000 0.58190519 
68.27500000 0.57719575 
68.32500000 0.57246611 
68.37500000 0.56771699 
68.42500000 0.56294911 
68.47500000 0.55816322 
68.52500000 0.55336006 
68.57500000 0.54854041 
68.62500000 0.54370506 
68.67500000 0.53885480 
68.72500000 0.53399044 
68.77500000 0.52911282 
68.82500000 0.52422276 
68.87500000 0.51932113 
68.92500000 0.51440877 
68.97500000 0.50948656 
69.02500000 0.50455538 
69.07500000 0.49961613 
69.12500000 0.49466971 
69.17500000 0.48971703 
69.22500000 0.48475900 
69.27500000 0.47979656 
69.32500000 0.47483064 
69.37500000 0.46986219 
69.42500000 0.46489213 
69.47500000 0.45992144 
69.52500000 0.45495105 
69.57500000 0.44998194 
69.62500000 0.44501507 
69.67500000 0.44005139 
69.72500000 0.43509189 
69.77500000 0.43013752 
69.82500000 0.42518925 
69.87500000 0.42024805 
69.92500000 0.41531489 
69.97500000 0.41039072 
70.02500000 0.40547652 
70.07500000 0.40057324 
70.12500000 0.39568183 
70.17500000 0.39080325 
70.22500000 0.38593843 
70.27500000 0.38108832 
70.32500000 0.37625383 
70.37500000 0.37143591 
70.42500000 0.36663545 
70.47500000 0.36185336 
70.52500000 0.35709054 
70.57500000 0.35234787 
70.62500000 0.34762623 
70.67500000 0.34292647 
70.72500000 0.33824944 
70.77500000 0.33359598 
70.82500000 0.32896691 
70.87500000 0.32436303 
70.92500000 0.31978514 
70.97500000 0.31523402 
71.02500000 0.31071042 
71.07500000 0.30621508 
71.12500000 0.30174875 
71.17500000 0.29731211 
71.22500000 0.29290588 
71.27500000 0.28853071 
71.32500000 0.28418727 
71.37500000 0.27987618 
71.42500000 0.27559807 
71.47500000 0.27135353 
71.52500000 0.26714314 
71.57500000 0.26296744 
71.62500000 0.25882699 
71.67500000 0.25472228 
71.72500000 0.25065382 
71.77500000 0.24662207 
71.82500000 0.24262748 
71.87500000 0.23867049 
71.92500000 0.23475150 
71.97500000 0.23087089 
72.02500000 0.22702903 
72.07500000 0.22322627 
72.12500000 0.21946291 
72.17500000 0.21573927 
72.22500000 0.21205561 
72.27500000 0.20841219 
72.32500000 0.20480925 
72.37500000 0.20124700 
72.42500000 0.19772563 
72.47500000 0.19424532 
72.52500000 0.19080620 
72.57500000 0.18740841 
72.62500000 0.18405206 
72.67500000 0.18073724 
72.72500000 0.17746401 
72.77500000 0.17423243 
72.82500000 0.17104252 
72.87500000 0.16789431 
72.92500000 0.16478777 
72.97500000 0.16172288 
73.02500000 0.15869960 
73.07500000 0.15571787 
73.12500000 0.15277762 
73.17500000 0.14987873 
73.22500000 0.14702111 
73.27500000 0.14420463 
73.32500000 0.14142914 
73.37500000 0.13869449 
73.42500000 0.13600051 
73.47500000 0.13334700 
73.52500000 0.13073376 
73.57500000 0.12816059 
73.62500000 0.12562726 
73.67500000 0.12313352 
73.72500000 0.12067913 
73.77500000 0.11826383 
73.82500000 0.11588734 
73.87500000 0.11354937 
73.92500000 0.11124964 
73.97500000 0.10898784 
74.02500000 0.10676365 
74.07500000 0.10457677 
74.12500000 0.10242684 
74.17500000 0.10031355 
74.22500000 0.09823653 
74.27500000 0.09619545 
74.32500000 0.09418994 
74.37500000 0.09221964 
74.42500000 0.09028418 
74.47500000 0.08838317 
74.52500000 0.08651625 
74.57500000 0.08468302 
74.62500000 0.08288309 
74.67500000 0.08111608 
74.72500000 0.07938159 
74.77500000 0.07767921 
74.82500000 0.07600854 
74.87500000 0.07436919 
74.92500000 0.07276074 
74.97500000 0.07118278 
75.02500000 0.06963491 
75.07500000 0.06811671 
75.12500000 0.06662778 
75.17500000 0.06516769 
75.22500000 0.06373605 
75.27500000 0.06233244 
75.32500000 0.06095644 
75.37500000 0.05960765 
75.42500000 0.05828566 
75.47500000 0.05699005 
75.52500000 0.05572042 
75.57500000 0.05447636 
75.62500000 0.05325748 
75.67500000 0.05206336 
75.72500000 0.05089361 
75.77500000 0.04974783 
75.82500000 0.04862562 
75.87500000 0.04752659 
75.92500000 0.04645035 
75.97500000 0.04539651 
76.02500000 0.04436470 
76.07500000 0.04335452 
76.12500000 0.04236560 
76.17500000 0.04139758 
76.22500000 0.04045006 
76.27500000 0.03952270 
76.32500000 0.03861512 
76.37500000 0.03772697 
76.42500000 0.03685789 
76.47500000 0.03600754 
76.52500000 0.03517555 
76.57500000 0.03436159 
76.62500000 0.03356533 
76.67500000 0.03278642 
76.72500000 0.03202453 
76.77500000 0.03127934 
76.82500000 0.03055052 
76.87500000 0.02983777 
76.92500000 0.02914076 
76.97500000 0.02845918 
77.02500000 0.02779273 
77.07500000 0.02714111 
77.12500000 0.02650403 
77.17500000 0.02588119 
77.22500000 0.02527231 
77.27500000 0.02467710 
77.32500000 0.02409528 
77.37500000 0.02352659 
77.42500000 0.02297075 
77.47500000 0.02242750 
77.52500000 0.02189657 
77.57500000 0.02137771 
77.62500000 0.02087067 
77.67500000 0.02037520 
77.72500000 0.01989105 
77.77500000 0.01941800 
77.82500000 0.01895579 
77.87500000 0.01850421 
77.92500000 0.01806302 
77.97500000 0.01763200 
78.02500000 0.01721094 
78.07500000 0.01679961 
78.12500000 0.01639781 
78.17500000 0.01600533 
78.22500000 0.01562197 
78.27500000 0.01524753 
78.32500000 0.01488181 
78.37500000 0.01452462 
78.42500000 0.01417577 
78.47500000 0.01383508 
78.52500000 0.01350237 
78.57500000 0.01317746 
78.62500000 0.01286018 
78.67500000 0.01255036 
78.72500000 0.01224782 
78.77500000 0.01195241 
78.82500000 0.01166397 
78.87500000 0.01138234 
78.92500000 0.01110737 
78.97500000 0.01083889 
79.02500000 0.01057678 
79.07500000 0.01032088 
79.12500000 0.01007105 
79.17500000 0.00982716 
79.22500000 0.00958906 
79.27500000 0.00935663 
79.32500000 0.00912973 
79.37500000 0.00890824 
79.42500000 0.00869203 
79.47500000 0.00848099 
79.52500000 0.00827499 
79.57500000 0.00807391 
79.62500000 0.00787765 
79.67500000 0.00768608 
79.72500000 0.00749911 
79.77500000 0.00731662 
79.82500000 0.00713850 
79.87500000 0.00696467 
79.92500000 0.00679501 
79.97500000 0.00662944 
80.02500000 0.00646784 
80.07500000 0.00631014 
80.12500000 0.00615624 
80.17500000 0.00600604 
80.22500000 0.00585947 
80.27500000 0.00571644 
80.32500000 0.00557686 
80.37500000 0.00544065 
80.42500000 0.00530773 
80.47500000 0.00517803 
80.52500000 0.00505146 
80.57500000 0.00492796 
80.62500000 0.00480745 
80.67500000 0.00468986 
80.72500000 0.00457512 
80.77500000 0.00446317 
80.82500000 0.00435393 
80.87500000 0.00424734 
80.92500000 0.00414334 
80.97500000 0.00404186 
81.02500000 0.00394285 
81.07500000 0.00384625 
81.12500000 0.00375200 
81.17500000 0.00366004 
81.22500000 0.00357032 
81.27500000 0.00348278 
81.32500000 0.00339737 
81.37500000 0.00331405 
81.42500000 0.00323275 
81.47500000 0.00315344 
81.52500000 0.00307606 
81.57500000 0.00300057 
81.62500000 0.00292692 
81.67500000 0.00285507 
81.72500000 0.00278497 
81.77500000 0.00271659 
81.82500000 0.00264987 
81.87500000 0.00258479 
81.92500000 0.00252129 
81.97500000 0.00245935 
82.02500000 0.00239892 
82.07500000 0.00233997 
82.12500000 0.00228246 
82.17500000 0.00222636 
82.22500000 0.00217163 
82.27500000 0.00211825 
82.32500000 0.00206616 
82.37500000 0.00201536 
82.42500000 0.00196580 
82.47500000 0.00191745 
82.52500000 0.00187029 
82.57500000 0.00182428 
82.62500000 0.00177940 
82.67500000 0.00173562 
82.72500000 0.00169292 
82.77500000 0.00165126 
82.82500000 0.00161062 
82.87500000 0.00157098 
82.92500000 0.00153231 
82.97500000 0.00149460 
83.02500000 0.00145780 
83.07500000 0.00142191 
83.12500000 0.00138691 
83.17500000 0.00135276 
83.22500000 0.00131945 
83.27500000 0.00128696 
83.32500000 0.00125526 
83.37500000 0.00122435 
83.42500000 0.00119419 
83.47500000 0.00116478 
83.52500000 0.00113609 
83.57500000 0.00110810 
83.62500000 0.00108080 
83.67500000 0.00105417 
83.72500000 0.00102820 
83.77500000 0.00100287 
83.82500000 0.00097815 
83.87500000 0.00095405 
83.92500000 0.00093054 
83.97500000 0.00090761 
84.02500000 0.00088524 
84.07500000 0.00086342 
84.12500000 0.00084214 
84.17500000 0.00082138 
84.22500000 0.00080114 
84.27500000 0.00078139 
84.32500000 0.00076213 
84.37500000 0.00074334 
84.42500000 0.00072501 
84.47500000 0.00070714 
84.52500000 0.00068970 
84.57500000 0.00067270 
84.62500000 0.00065611 
84.67500000 0.00063993 
84.72500000 0.00062415 
84.77500000 0.00060876 
84.82500000 0.00059375 
84.87500000 0.00057911 
84.92500000 0.00056483 
84.97500000 0.00055090 
85.02500000 0.00053731 
85.07500000 0.00052406 
85.12500000 0.00051113 
85.17500000 0.00049853 
85.22500000 0.00048623 
85.27500000 0.00047424 
85.32500000 0.00046254 
85.37500000 0.00045113 
85.42500000 0.00044000 
85.47500000 0.00042915 
85.52500000 0.00041856 
85.57500000 0.00040824 
85.62500000 0.00039816 
85.67500000 0.00038834 
85.72500000 0.00037876 
85.77500000 0.00036942 
85.82500000 0.00036030 
85.87500000 0.00035141 
85.92500000 0.00034274 
85.97500000 0.00033429 
86.02500000 0.00032604 
86.07500000 0.00031799 
86.12500000 0.00031015 
86.17500000 0.00030250 
86.22500000 0.00029503 
86.27500000 0.00028775 
86.32500000 0.00028065 
86.37500000 0.00027373 
86.42500000 0.00026697 
86.47500000 0.00026038 
86.52500000 0.00025396 
86.57500000 0.00024769 
86.62500000 0.00024158 
86.67500000 0.00023562 
86.72500000 0.00022980 
86.77500000 0.00022413 
86.82500000 0.00021860 
86.87500000 0.00021321 
86.92500000 0.00020794 
86.97500000 0.00020281 
87.02500000 0.00019781 
87.07500000 0.00019292 
87.12500000 0.00018816 
87.17500000 0.00018352 
87.22500000 0.00017899 
87.27500000 0.00017457 
87.32500000 0.00017026 
87.37500000 0.00016606 
87.42500000 0.00016196 
87.47500000 0.00015796 
87.52500000 0.00015407 
87.57500000 0.00015026 
87.62500000 0.00014655 
87.67500000 0.00014294 
87.72500000 0.00013941 
87.77500000 0.00013597 
87.82500000 0.00013261 
87.87500000 0.00012934 
87.92500000 0.00012615 
87.97500000 0.00012303 
88.02500000 0.00012000 
88.07500000 0.00011703 
88.12500000 0.00011414 
88.17500000 0.00011133 
88.22500000 0.00010858 
88.27500000 0.00010590 
88.32500000 0.00010328 
88.37500000 0.00010074 
88.42500000 0.00009825 
88.47500000 0.00009582 
88.52500000 0.00009346 
88.57500000 0.00009115 
88.62500000 0.00008890 
88.67500000 0.00008671 
88.72500000 0.00008457 
88.77500000 0.00008248 
88.82500000 0.00008044 
88.87500000 0.00007846 
88.92500000 0.00007652 
88.97500000 0.00007463 
89.02500000 0.00007279 
89.07500000 0.00007099 
89.12500000 0.00006924 
89.17500000 0.00006753 
89.22500000 0.00006586 
89.27500000 0.00006424 
89.32500000 0.00006265 
89.37500000 0.00006110 
89.42500000 0.00005960 
89.47500000 0.00005812 
89.52500000 0.00005669 
89.57500000 0.00005529 
89.62500000 0.00005393 
89.67500000 0.00005259 
89.72500000 0.00005130 
89.77500000 0.00005003 
89.82500000 0.00004879 
89.87500000 0.00004759 
89.92500000 0.00004641 
89.97500000 0.00004527 
90.02500000 0.00004415 
90.07500000 0.00004306 
90.12500000 0.00004200 
90.17500000 0.00004096 
90.22500000 0.00003995 
90.27500000 0.00003896 
90.32500000 0.00003800 
90.37500000 0.00003706 
90.42500000 0.00003615 
90.47500000 0.00003526 
90.52500000 0.00003439 
90.57500000 0.00003354 
90.62500000 0.00003271 
90.67500000 0.00003190 
90.72500000 0.00003111 
90.77500000 0.00003035 
90.82500000 0.00002960 
90.87500000 0.00002887 
90.92500000 0.00002815 
90.97500000 0.00002746 
91.02500000 0.00002678 
91.07500000 0.00002612 
91.12500000 0.00002547 
91.17500000 0.00002485 
91.22500000 0.00002423 
91.27500000 0.00002363 
91.32500000 0.00002305 
91.37500000 0.00002248 
91.42500000 0.00002193 
91.47500000 0.00002138 
91.52500000 0.00002086 
91.57500000 0.00002034 
91.62500000 0.00001984 
91.67500000 0.00001935 
91.72500000 0.00001887 
91.77500000 0.00001841 
91.82500000 0.00001795 
91.87500000 0.00001751 
91.92500000 0.00001708 
91.97500000 0.00001665 
92.02500000 0.00001624 
92.07500000 0.00001584 
92.12500000 0.00001545 
92.17500000 0.00001507 
92.22500000 0.00001470 
92.27500000 0.00001433 
92.32500000 0.00001398 
92.37500000 0.00001364 
92.42500000 0.00001330 
92.47500000 0.00001297 
92.52500000 0.00001265 
92.57500000 0.00001234 
92.62500000 0.00001203 
92.67500000 0.00001174 
92.72500000 0.00001145 
92.77500000 0.00001116 
92.82500000 0.00001089 
92.87500000 0.00001062 
92.92500000 0.00001036 
92.97500000 0.00001010 
93.02500000 0.00000985 
93.07500000 0.00000961 
93.12500000 0.00000937 
93.17500000 0.00000914 
93.22500000 0.00000891 
93.27500000 0.00000869 
93.32500000 0.00000848 
93.37500000 0.00000827 
93.42500000 0.00000807 
93.47500000 0.00000787 
93.52500000 0.00000767 
93.57500000 0.00000748 
93.62500000 0.00000730 
93.67500000 0.00000712 
93.72500000 0.00000694 
93.77500000 0.00000677 
93.82500000 0.00000660 
93.87500000 0.00000644 
93.92500000 0.00000628 
93.97500000 0.00000613 
94.02500000 0.00000598 
94.07500000 0.00000583 
94.12500000 0.00000568 
94.17500000 0.00000554 
94.22500000 0.00000541 
94.27500000 0.00000527 
94.32500000 0.00000514 
94.37500000 0.00000502 
94.42500000 0.00000489 
94.47500000 0.00000477 
94.52500000 0.00000465 
94.57500000 0.00000454 
94.62500000 0.00000443 
94.67500000 0.00000432 
94.72500000 0.00000421 
94.77500000 0.00000411 
94.82500000 0.00000401 
94.87500000 0.00000391 
94.92500000 0.00000381 
94.97500000 0.00000372 
95.02500000 0.00000362 
95.07500000 0.00000354 
95.12500000 0.00000345 
95.17500000 0.00000336 
95.22500000 0.00000328 
95.27500000 0.00000320 
95.32500000 0.00000312 
95.37500000 0.00000304 
95.42500000 0.00000297 
95.47500000 0.00000289 
95.52500000 0.00000282 
95.57500000 0.00000275 
95.62500000 0.00000269 
95.67500000 0.00000262 
95.72500000 0.00000255 
95.77500000 0.00000249 
95.82500000 0.00000243 
95.87500000 0.00000237 
95.92500000 0.00000231 
95.97500000 0.00000225 
96.02500000 0.00000220 
96.07500000 0.00000214 
96.12500000 0.00000209 
96.17500000 0.00000204 
96.22500000 0.00000199 
96.27500000 0.00000194 
96.32500000 0.00000189 
96.37500000 0.00000185 
96.42500000 0.00000180 
96.47500000 0.00000176 
96.52500000 0.00000171 
96.57500000 0.00000167 
96.62500000 0.00000163 
96.67500000 0.00000159 
96.72500000 0.00000155 
96.77500000 0.00000151 
96.82500000 0.00000147 
96.87500000 0.00000144 
96.92500000 0.00000140 
96.97500000 0.00000137 
97.02500000 0.00000133 
97.07500000 0.00000130 
97.12500000 0.00000127 
97.17500000 0.00000124 
97.22500000 0.00000121 
97.27500000 0.00000118 
97.32500000 0.00000115 
97.37500000 0.00000112 
97.42500000 0.00000109 
97.47500000 0.00000106 
97.52500000 0.00000104 
97.57500000 0.00000101 
97.62500000 0.00000099 
97.67500000 0.00000096 
97.72500000 0.00000094 
97.77500000 0.00000092 
97.82500000 0.00000089 
97.87500000 0.00000087 
97.92500000 0.00000085 
97.97500000 0.00000083 
98.02500000 0.00000081 
98.07500000 0.00000079 
98.12500000 0.00000077 
98.17500000 0.00000075 
98.22500000 0.00000073 
98.27500000 0.00000071 
98.32500000 0.00000070 
98.37500000 0.00000068 
98.42500000 0.00000066 
98.47500000 0.00000065 
98.52500000 0.00000063 
98.57500000 0.00000061 
98.62500000 0.00000060 
98.67500000 0.00000058 
98.72500000 0.00000057 
98.77500000 0.00000056 
98.82500000 0.00000054 
98.87500000 0.00000053 
98.92500000 0.00000052 
98.97500000 0.00000050 
99.02500000 0.00000049 
99.07500000 0.00000048 
99.12500000 0.00000047 
99.17500000 0.00000046 
99.22500000 0.00000044 
99.27500000 0.00000043 
99.32500000 0.00000042 
99.37500000 0.00000041 
99.42500000 0.00000040 
99.47500000 0.00000039 
99.52500000 0.00000038 
99.57500000 0.00000037 
99.62500000 0.00000036 
99.67500000 0.00000035 
99.72500000 0.00000035 
99.77500000 0.00000034 
99.82500000 0.00000033 
99.87500000 0.00000032 
99.92500000 0.00000031 
99.97500000 0.00000031 
100.02500000 0.00000030 
100.07500000 0.00000029 
100.12500000 0.00000028 
100.17500000 0.00000028 
100.22500000 0.00000027 
100.27500000 0.00000026 
100.32500000 0.00000026 
100.37500000 0.00000025 
100.42500000 0.00000024 
100.47500000 0.00000024 
100.52500000 0.00000023 
100.57500000 0.00000023 
100.62500000 0.00000022 
100.67500000 0.00000021 
100.72500000 0.00000021 
100.77500000 0.00000020 
100.82500000 0.00000020 
100.87500000 0.00000019 
100.92500000 0.00000019 
100.97500000 0.00000019 
101.02500000 0.00000018 
101.07500000 0.00000018 
101.12500000 0.00000017 
101.17500000 0.00000017 
101.22500000 0.00000016 
101.27500000 0.00000016 
101.32500000 0.00000016 
101.37500000 0.00000015 
101.42500000 0.00000015 
101.47500000 0.00000014 
101.52500000 0.00000014 
101.57500000 0.00000014 
101.62500000 0.00000013 
101.67500000 0.00000013 
101.72500000 0.00000013 
101.77500000 0.00000012 
101.82500000 0.00000012 
101.87500000 0.00000012 
101.92500000 0.00000012 
101.97500000 0.00000011 
102.02500000 0.00000011 
102.07500000 0.00000011 
102.12500000 0.00000010 
102.17500000 0.00000010 
102.22500000 0.00000010 
102.27500000 0.00000010 
102.32500000 0.00000009 
102.37500000 0.00000009 
102.42500000 0.00000009 
102.47500000 0.00000009 
102.52500000 0.00000009 
102.57500000 0.00000008 
102.62500000 0.00000008 
102.67500000 0.00000008 
102.72500000 0.00000008 
102.77500000 0.00000008 
102.82500000 0.00000007 
102.87500000 0.00000007 
102.92500000 0.00000007 
102.97500000 0.00000007 
103.02500000 0.00000007 
103.07500000 0.00000006 
103.12500000 0.00000006 
103.17500000 0.00000006 
103.22500000 0.00000006 
103.27500000 0.00000006 
103.32500000 0.00000006 
103.37500000 0.00000006 
103.42500000 0.00000005 
103.47500000 0.00000005 
103.52500000 0.00000005 
103.57500000 0.00000005 
103.62500000 0.00000005 
103.67500000 0.00000005 
103.72500000 0.00000005 
103.77500000 0.00000005 
103.82500000 0.00000004 
103.87500000 0.00000004 
103.92500000 0.00000004 
103.97500000 0.00000004 
104.02500000 0.00000004 
104.07500000 0.00000004 
104.12500000 0.00000004 
104.17500000 0.00000004 
104.22500000 0.00000004 
104.27500000 0.00000004 
104.32500000 0.00000003 
104.37500000 0.00000003 
104.42500000 0.00000003 
104.47500000 0.00000003 
104.52500000 0.00000003 
104.57500000 0.00000003 
104.62500000 0.00000003 
104.67500000 0.00000003 
104.72500000 0.00000003 
104.77500000 0.00000003 
104.82500000 0.00000003 
104.87500000 0.00000003 
104.92500000 0.00000003 
104.97500000 0.00000003 
105.02500000 0.00000002 
105.07500000 0.00000002 
105.12500000 0.00000002 
105.17500000 0.00000002 
105.22500000 0.00000002 
105.27500000 0.00000002 
105.32500000 0.00000002 
105.37500000 0.00000002 
105.42500000 0.00000002 
105.47500000 0.00000002 
105.52500000 0.00000002 
105.57500000 0.00000002 
105.62500000 0.00000002 
105.67500000 0.00000002 
105.72500000 0.00000002 
105.77500000 0.00000002 
105.82500000 0.00000002 
105.87500000 0.00000002 
105.92500000 0.00000002 
105.97500000 0.00000002 
106.02500000 0.00000001 
106.07500000 0.00000001 
106.12500000 0.00000001 
106.17500000 0.00000001 
106.22500000 0.00000001 
106.27500000 0.00000001 
106.32500000 0.00000001 
106.37500000 0.00000001 
106.42500000 0.00000001 
106.47500000 0.00000001 
106.52500000 0.00000001 
106.57500000 0.00000001 
106.62500000 0.00000001 
106.67500000 0.00000001 
106.72500000 0.00000001 
106.77500000 0.00000001 
106.82500000 0.00000001 
106.87500000 0.00000001 
106.92500000 0.00000001 
106.97500000 0.00000001 
107.02500000 0.00000001 
107.07500000 0.00000001 
107.12500000 0.00000001 
107.17500000 0.00000001 
107.22500000 0.00000001 
107.27500000 0.00000001 
107.32500000 0.00000001 
107.37500000 0.00000001 
107.42500000 0.00000001 
107.47500000 0.00000001 
107.52500000 0.00000001 
107.57500000 0.00000001 
107.62500000 0.00000001 
107.67500000 0.00000001 
107.72500000 0.00000001 
107.77500000 0.00000001 
107.82500000 0.00000001 
107.87500000 0.00000001 
107.92500000 0.00000001 
107.97500000 0.00000001 
108.02500000 0.00000001 
108.07500000 0.00000001 
108.12500000 0.00000001 
108.17500000 0.00000001 
108.22500000 0.00000000 
108.27500000 0.00000000 
108.32500000 0.00000000 
108.37500000 0.00000000 
108.42500000 0.00000000 
108.47500000 0.00000000 
108.52500000 0.00000000 
108.57500000 0.00000000 
108.62500000 0.00000000 
108.67500000 0.00000000 
108.72500000 0.00000000 
108.77500000 0.00000000 
108.82500000 0.00000000 
108.87500000 0.00000000 
108.92500000 0.00000000 
108.97500000 0.00000000 
109.02500000 0.00000000 
109.07500000 0.00000000 
109.12500000 0.00000000 
109.17500000 0.00000000 
109.22500000 0.00000000 
109.27500000 0.00000000 
109.32500000 0.00000000 
109.37500000 0.00000000 
109.42500000 0.00000000 
109.47500000 0.00000000 
109.52500000 0.00000000 
109.57500000 0.00000000 
109.62500000 0.00000000 
109.67500000 0.00000000 
109.72500000 0.00000000 
109.77500000 0.00000000 
109.82500000 0.00000000 
109.87500000 0.00000000 
109.92500000 0.00000000 
109.97500000 0.00000000 
110.02500000 0.00000000 
110.07500000 0.00000000 
110.12500000 0.00000000 
110.17500000 0.00000000 
110.22500000 0.00000000 
110.27500000 0.00000000 
110.32500000 0.00000000 
110.37500000 0.00000000 
110.42500000 0.00000000 
110.47500000 0.00000000 
110.52500000 0.00000000 
110.57500000 0.00000000 
110.62500000 0.00000000 
110.67500000 0.00000000 
110.72500000 0.00000000 
110.77500000 0.00000000 
110.82500000 0.00000000 
110.87500000 0.00000000 
110.92500000 0.00000000 
110.97500000 0.00000000 
111.02500000 0.00000000 
111.07500000 0.00000000 
111.12500000 0.00000000 
111.17500000 0.00000000 
111.22500000 0.00000000 
111.27500000 0.00000000 
111.32500000 0.00000000 
111.37500000 0.00000000 
111.42500000 0.00000000 
111.47500000 0.00000000 
111.52500000 0.00000000 
111.57500000 0.00000000 
111.62500000 0.00000000 
111.67500000 0.00000000 
111.72500000 0.00000000 
111.77500000 0.00000000 
111.82500000 0.00000000 
111.87500000 0.00000000 
111.92500000 0.00000000 
111.97500000 0.00000000 
112.02500000 0.00000000 
112.07500000 0.00000000 
112.12500000 0.00000000 
112.17500000 0.00000000 
112.22500000 0.00000000 
112.27500000 0.00000000 
112.32500000 0.00000000 
112.37500000 0.00000000 
112.42500000 0.00000000 
112.47500000 0.00000000 
112.52500000 0.00000000 
112.57500000 0.00000000 
112.62500000 0.00000000 
112.67500000 0.00000000 
112.72500000 0.00000000 
112.77500000 0.00000000 
112.82500000 0.00000000 
112.87500000 0.00000000 
112.92500000 0.00000000 
112.97500000 0.00000000 
113.02500000 0.00000000 
113.07500000 0.00000000 
113.12500000 0.00000000 
113.17500000 0.00000000 
113.22500000 0.00000000 
113.27500000 0.00000000 
113.32500000 0.00000000 
113.37500000 0.00000000 
113.42500000 0.00000000 
113.47500000 0.00000000 
113.52500000 0.00000000 
113.57500000 0.00000000 
113.62500000 0.00000000 
113.67500000 0.00000000 
113.72500000 0.00000000 
113.77500000 0.00000000 
113.82500000 0.00000000 
113.87500000 0.00000000 
113.92500000 0.00000000 
113.97500000 0.00000000 
114.02500000 0.00000000 
114.07500000 0.00000000 
114.12500000 0.00000000 
114.17500000 0.00000000 
114.22500000 0.00000000 
114.27500000 0.00000000 
114.32500000 0.00000000 
114.37500000 0.00000000 
114.42500000 0.00000000 
114.47500000 0.00000000 
114.52500000 0.00000000 
114.57500000 0.00000000 
114.62500000 0.00000000 
114.67500000 0.00000000 
114.72500000 0.00000000 
114.77500000 0.00000000 
114.82500000 0.00000000 
114.87500000 0.00000000 
114.92500000 0.00000000 
114.97500000 0.00000000 
115.02500000 0.00000000 
115.07500000 0.00000000 
115.12500000 0.00000000 
115.17500000 0.00000000 
115.22500000 0.00000000 
115.27500000 0.00000000 
115.32500000 0.00000000 
115.37500000 0.00000000 
115.42500000 0.00000000 
115.47500000 0.00000000 
115.52500000 0.00000000 
115.57500000 0.00000000 
115.62500000 0.00000000 
115.67500000 0.00000000 
115.72500000 0.00000000 
115.77500000 0.00000000 
115.82500000 0.00000000 
115.87500000 0.00000000 
115.92500000 0.00000000 
115.97500000 0.00000000 
116.02500000 0.00000000 
116.07500000 0.00000000 
116.12500000 0.00000000 
116.17500000 0.00000000 
116.22500000 0.00000000 
116.27500000 0.00000000 
116.32500000 0.00000000 
116.37500000 0.00000000 
116.42500000 0.00000000 
116.47500000 0.00000000 
116.52500000 0.00000000 
116.57500000 0.00000000 
116.62500000 0.00000000 
116.67500000 0.00000000 
116.72500000 0.00000000 
116.77500000 0.00000000 
116.82500000 0.00000000 
116.87500000 0.00000000 
116.92500000 0.00000000 
116.97500000 0.00000000 
117.02500000 0.00000000 
117.07500000 0.00000000 
117.12500000 0.00000000 
117.17500000 0.00000000 
117.22500000 0.00000000 
117.27500000 0.00000000 
117.32500000 0.00000000 
117.37500000 0.00000000 
117.42500000 0.00000000 
117.47500000 0.00000000 
117.52500000 0.00000000 
117.57500000 0.00000000 
117.62500000 0.00000000 
117.67500000 0.00000000 
117.72500000 0.00000000 
117.77500000 0.00000000 
117.82500000 0.00000000 
117.87500000 0.00000000 
117.92500000 0.00000000 
117.97500000 0.00000000 
118.02500000 0.00000000 
118.07500000 0.00000000 
118.12500000 0.00000000 
118.17500000 0.00000000 
118.22500000 0.00000000 
118.27500000 0.00000000 
118.32500000 0.00000000 
118.37500000 0.00000000 
118.42500000 0.00000000 
118.47500000 0.00000000 
118.52500000 0.00000000 
118.57500000 0.00000000 
118.62500000 0.00000000 
118.67500000 0.00000000 
118.72500000 0.00000000 
118.77500000 0.00000000 
118.82500000 0.00000000 
118.87500000 0.00000000 
118.92500000 0.00000000 
118.97500000 0.00000000 
119.02500000 0.00000000 
119.07500000 0.00000000 
119.12500000 0.00000000 
119.17500000 0.00000000 
119.22500000 0.00000000 
119.27500000 0.00000000 
119.32500000 0.00000000 
119.37500000 0.00000000 
119.42500000 0.00000000 
119.47500000 0.00000000 
119.52500000 0.00000000 
119.57500000 0.00000000 
119.62500000 0.00000000 
119.67500000 0.00000000 
119.72500000 0.00000000 
119.77500000 0.00000000 
119.82500000 0.00000000 
119.87500000 0.00000000 
119.92500000 0.00000000 
119.97500000 0.00000000 
120.02500000 0.00000000 
120.07500000 0.00000000 
120.12500000 0.00000000 
120.17500000 0.00000000 
120.22500000 0.00000000 
120.27500000 0.00000000 
120.32500000 0.00000000 
120.37500000 0.00000000 
120.42500000 0.00000000 
120.47500000 0.00000000 
120.52500000 0.00000000 
120.57500000 0.00000000 
120.62500000 0.00000000 
120.67500000 0.00000000 
120.72500000 0.00000000 
120.77500000 0.00000000 
120.82500000 0.00000000 
120.87500000 0.00000000 
120.92500000 0.00000000 
120.97500000 0.00000000 
121.02500000 0.00000000 
121.07500000 0.00000000 
121.12500000 0.00000000 
121.17500000 0.00000000 
121.22500000 0.00000000 
121.27500000 0.00000000 
121.32500000 0.00000000 
121.37500000 0.00000000 
121.42500000 0.00000000 
121.47500000 0.00000000 
121.52500000 0.00000000 
121.57500000 0.00000000 
121.62500000 0.00000000 
121.67500000 0.00000000 
121.72500000 0.00000000 
121.77500000 0.00000000 
121.82500000 0.00000000 
121.87500000 0.00000000 
121.92500000 0.00000000 
121.97500000 0.00000000 
122.02500000 0.00000000 
122.07500000 0.00000000 
122.12500000 0.00000000 
122.17500000 0.00000000 
122.22500000 0.00000000 
122.27500000 0.00000000 
122.32500000 0.00000000 
122.37500000 0.00000000 
122.42500000 0.00000000 
122.47500000 0.00000000 
122.52500000 0.00000000 
122.57500000 0.00000000 
122.62500000 0.00000000 
122.67500000 0.00000000 
122.72500000 0.00000000 
122.77500000 0.00000000 
122.82500000 0.00000000 
122.87500000 0.00000000 
122.92500000 0.00000000 
122.97500000 0.00000000 
123.02500000 0.00000000 
123.07500000 0.00000000 
123.12500000 0.00000000 
123.17500000 0.00000000 
123.22500000 0.00000000 
123.27500000 0.00000000 
123.32500000 0.00000000 
123.37500000 0.00000000 
123.42500000 0.00000000 
123.47500000 0.00000000 
123.52500000 0.00000000 
123.57500000 0.00000000 
123.62500000 0.00000000 
123.67500000 0.00000000 
123.72500000 0.00000000 
123.77500000 0.00000000 
123.82500000 0.00000000 
123.87500000 0.00000000 
123.92500000 0.00000000 
123.97500000 0.00000000 
124.02500000 0.00000000 
124.07500000 0.00000000 
124.12500000 0.00000000 
124.17500000 0.00000000 
124.22500000 0.00000000 
124.27500000 0.00000000 
124.32500000 0.00000000 
124.37500000 0.00000000 
124.42500000 0.00000000 
124.47500000 0.00000000 
124.52500000 0.00000000 
124.57500000 0.00000000 
124.62500000 0.00000000 
124.67500000 0.00000000 
124.72500000 0.00000000 
124.77500000 0.00000000 
124.82500000 0.00000000 
124.87500000 0.00000000 
124.92500000 0.00000000 
124.97500000 0.00000000 
125.02500000 0.00000000 
125.07500000 0.00000000 
125.12500000 0.00000000 
125.17500000 0.00000000 
125.22500000 0.00000000 
125.27500000 0.00000000 
125.32500000 0.00000000 
125.37500000 0.00000000 
125.42500000 0.00000000 
125.47500000 0.00000000 
125.52500000 0.00000000 
125.57500000 0.00000000 
125.62500000 0.00000000 
125.67500000 0.00000000 
125.72500000 0.00000000 
125.77500000 0.00000000 
125.82500000 0.00000000 
125.87500000 0.00000000 
125.92500000 0.00000000 
125.97500000 0.00000000 
126.02500000 0.00000000 
126.07500000 0.00000000 
126.12500000 0.00000000 
126.17500000 0.00000000 
126.22500000 0.00000000 
126.27500000 0.00000000 
126.32500000 0.00000000 
126.37500000 0.00000000 
126.42500000 0.00000000 
126.47500000 0.00000000 
126.52500000 0.00000000 
126.57500000 0.00000000 
126.62500000 0.00000000 
126.67500000 0.00000000 
126.72500000 0.00000000 
126.77500000 0.00000000 
126.82500000 0.00000000 
126.87500000 0.00000000 
126.92500000 0.00000000 
126.97500000 0.00000000 
127.02500000 0.00000000 
127.07500000 0.00000000 
127.12500000 0.00000000 
127.17500000 0.00000000 
127.22500000 0.00000000 
127.27500000 0.00000000 
127.32500000 0.00000000 
127.37500000 0.00000000 
127.42500000 0.00000000 
127.47500000 0.00000000 
127.52500000 0.00000000 
127.57500000 0.00000000 
127.62500000 0.00000000 
127.67500000 0.00000000 
127.72500000 0.00000000 
127.77500000 0.00000000 
127.82500000 0.00000000 
127.87500000 0.00000000 
127.92500000 0.00000000 
127.97500000 0.00000000 
128.02500000 0.00000000 
128.07500000 0.00000000 
128.12500000 0.00000000 
128.17500000 0.00000000 
128.22500000 0.00000000 
128.27500000 0.00000000 
128.32500000 0.00000000 
128.37500000 0.00000000 
128.42500000 0.00000000 
128.47500000 0.00000000 
128.52500000 0.00000000 
128.57500000 0.00000000 
128.62500000 0.00000000 
128.67500000 0.00000000 
128.72500000 0.00000000 
128.77500000 0.00000000 
128.82500000 0.00000000 
128.87500000 0.00000000 
128.92500000 0.00000000 
128.97500000 0.00000000 
129.02500000 0.00000000 
129.07500000 0.00000000 
129.12500000 0.00000000 
129.17500000 0.00000000 
129.22500000 0.00000000 
129.27500000 0.00000000 
129.32500000 0.00000000 
129.37500000 0.00000000 
129.42500000 0.00000000 
129.47500000 0.00000000 
129.52500000 0.00000000 
129.57500000 0.00000000 
129.62500000 0.00000000 
129.67500000 0.00000000 
129.72500000 0.00000000 
129.77500000 0.00000000 
129.82500000 0.00000000 
129.87500000 0.00000000 
129.92500000 0.00000000 
129.97500000 0.00000000 
130.02500000 0.00000000 
130.07500000 0.00000000 
130.12500000 0.00000000 
130.17500000 0.00000000 
130.22500000 0.00000000 
130.27500000 0.00000000 
130.32500000 0.00000000 
130.37500000 0.00000000 
130.42500000 0.00000000 
130.47500000 0.00000000 
130.52500000 0.00000000 
130.57500000 0.00000000 
130.62500000 0.00000000 
130.67500000 0.00000000 
130.72500000 0.00000000 
130.77500000 0.00000000 
130.82500000 0.00000000 
130.87500000 0.00000000 
130.92500000 0.00000000 
130.97500000 0.00000000 
131.02500000 0.00000000 
131.07500000 0.00000000 
131.12500000 0.00000000 
131.17500000 0.00000000 
131.22500000 0.00000000 
131.27500000 0.00000000 
131.32500000 0.00000000 
131.37500000 0.00000000 
131.42500000 0.00000000 
131.47500000 0.00000000 
131.52500000 0.00000000 
131.57500000 0.00000000 
131.62500000 0.00000000 
131.67500000 0.00000000 
131.72500000 0.00000000 
131.77500000 0.00000000 
131.82500000 0.00000000 
131.87500000 0.00000000 
131.92500000 0.00000000 
131.97500000 0.00000000 
132.02500000 0.00000000 
132.07500000 0.00000000 
132.12500000 0.00000000 
132.17500000 0.00000000 
132.22500000 0.00000000 
132.27500000 0.00000000 
132.32500000 0.00000000 
132.37500000 0.00000000 
132.42500000 0.00000000 
132.47500000 0.00000000 
132.52500000 0.00000000 
132.57500000 0.00000000 
132.62500000 0.00000000 
132.67500000 0.00000000 
132.72500000 0.00000000 
132.77500000 0.00000000 
132.82500000 0.00000000 
132.87500000 0.00000000 
132.92500000 0.00000000 
132.97500000 0.00000000 
133.02500000 0.00000000 
133.07500000 0.00000000 
133.12500000 0.00000000 
133.17500000 0.00000000 
133.22500000 0.00000000 
133.27500000 0.00000000 
133.32500000 0.00000000 
133.37500000 0.00000000 
133.42500000 0.00000000 
133.47500000 0.00000000 
133.52500000 0.00000000 
133.57500000 0.00000000 
133.62500000 0.00000000 
133.67500000 0.00000000 
133.72500000 0.00000000 
133.77500000 0.00000000 
133.82500000 0.00000000 
133.87500000 0.00000000 
133.92500000 0.00000000 
133.97500000 0.00000000 
134.02500000 0.00000000 
134.07500000 0.00000000 
134.12500000 0.00000000 
134.17500000 0.00000000 
134.22500000 0.00000000 
134.27500000 0.00000000 
134.32500000 0.00000000 
134.37500000 0.00000000 
134.42500000 0.00000000 
134.47500000 0.00000000 
134.52500000 0.00000000 
134.57500000 0.00000000 
134.62500000 0.00000000 
134.67500000 0.00000000 
134.72500000 0.00000000 
134.77500000 0.00000000 
134.82500000 0.00000000 
134.87500000 0.00000000 
134.92500000 0.00000000 
134.97500000 0.00000000 
135.02500000 0.00000000 
135.07500000 0.00000000 
135.12500000 0.00000000 
135.17500000 0.00000000 
135.22500000 0.00000000 
135.27500000 0.00000000 
135.32500000 0.00000000 
135.37500000 0.00000000 
135.42500000 0.00000000 
135.47500000 0.00000000 
135.52500000 0.00000000 
135.57500000 0.00000000 
135.62500000 0.00000000 
135.67500000 0.00000000 
135.72500000 0.00000000 
135.77500000 0.00000000 
135.82500000 0.00000000 
135.87500000 0.00000000 
135.92500000 0.00000000 
135.97500000 0.00000000 
136.02500000 0.00000000 
136.07500000 0.00000000 
136.12500000 0.00000000 
136.17500000 0.00000000 
136.22500000 0.00000000 
136.27500000 0.00000000 
136.32500000 0.00000000 
136.37500000 0.00000000 
136.42500000 0.00000000 
136.47500000 0.00000000 
136.52500000 0.00000000 
136.57500000 0.00000000 
136.62500000 0.00000000 
136.67500000 0.00000000 
136.72500000 0.00000000 
136.77500000 0.00000000 
136.82500000 0.00000000 
136.87500000 0.00000000 
136.92500000 0.00000000 
136.97500000 0.00000000 
137.02500000 0.00000000 
137.07500000 0.00000000 
137.12500000 0.00000000 
137.17500000 0.00000000 
137.22500000 0.00000000 
137.27500000 0.00000000 
137.32500000 0.00000000 
137.37500000 0.00000000 
137.42500000 0.00000000 
137.47500000 0.00000000 
137.52500000 0.00000000 
137.57500000 0.00000000 
137.62500000 0.00000000 
137.67500000 0.00000000 
137.72500000 0.00000000 
137.77500000 0.00000000 
137.82500000 0.00000000 
137.87500000 0.00000000 
137.92500000 0.00000000 
137.97500000 0.00000000 
138.02500000 0.00000000 
138.07500000 0.00000000 
138.12500000 0.00000000 
138.17500000 0.00000000 
138.22500000 0.00000000 
138.27500000 0.00000000 
138.32500000 0.00000000 
138.37500000 0.00000000 
138.42500000 0.00000000 
138.47500000 0.00000000 
138.52500000 0.00000000 
138.57500000 0.00000000 
138.62500000 0.00000000 
138.67500000 0.00000000 
138.72500000 0.00000000 
138.77500000 0.00000000 
138.82500000 0.00000000 
138.87500000 0.00000000 
138.92500000 0.00000000 
138.97500000 0.00000000 
139.02500000 0.00000000 
139.07500000 0.00000000 
139.12500000 0.00000000 
139.17500000 0.00000000 
139.22500000 0.00000000 
139.27500000 0.00000000 
139.32500000 0.00000000 
139.37500000 0.00000000 
139.42500000 0.00000000 
139.47500000 0.00000000 
139.52500000 0.00000000 
139.57500000 0.00000000 
139.62500000 0.00000000 
139.67500000 0.00000000 
139.72500000 0.00000000 
139.77500000 0.00000000 
139.82500000 0.00000000 
139.87500000 0.00000000 
139.92500000 0.00000000 
139.97500000 0.00000000 
140.02500000 0.00000000 
140.07500000 0.00000000 
140.12500000 0.00000000 
140.17500000 0.00000000 
140.22500000 0.00000000 
140.27500000 0.00000000 
140.32500000 0.00000000 
140.37500000 0.00000000 
140.42500000 0.00000000 
140.47500000 0.00000000 
140.52500000 0.00000000 
140.57500000 0.00000000 
140.62500000 0.00000000 
140.67500000 0.00000000 
140.72500000 0.00000000 
140.77500000 0.00000000 
140.82500000 0.00000000 
140.87500000 0.00000000 
140.92500000 0.00000000 
140.97500000 0.00000000 
141.02500000 0.00000000 
141.07500000 0.00000000 
141.12500000 0.00000000 
141.17500000 0.00000000 
141.22500000 0.00000000 
141.27500000 0.00000000 
141.32500000 0.00000000 
141.37500000 0.00000000 
141.42500000 0.00000000 
141.47500000 0.00000000 
141.52500000 0.00000000 
141.57500000 0.00000000 
141.62500000 0.00000000 
141.67500000 0.00000000 
141.72500000 0.00000000 
141.77500000 0.00000000 
141.82500000 0.00000000 
141.87500000 0.00000000 
141.92500000 0.00000000 
141.97500000 0.00000000 
142.02500000 0.00000000 
142.07500000 0.00000000 
142.12500000 0.00000000 
142.17500000 0.00000000 
142.22500000 0.00000000 
142.27500000 0.00000000 
142.32500000 0.00000000 
142.37500000 0.00000000 
142.42500000 0.00000000 
142.47500000 0.00000000 
142.52500000 0.00000000 
142.57500000 0.00000000 
142.62500000 0.00000000 
142.67500000 0.00000000 
142.72500000 0.00000000 
142.77500000 0.00000000 
142.82500000 0.00000000 
142.87500000 0.00000000 
142.92500000 0.00000000 
142.97500000 0.00000000 
143.02500000 0.00000000 
143.07500000 0.00000000 
143.12500000 0.00000000 
143.17500000 0.00000000 
143.22500000 0.00000000 
143.27500000 0.00000000 
143.32500000 0.00000000 
143.37500000 0.00000000 
143.42500000 0.00000000 
143.47500000 0.00000000 
143.52500000 0.00000000 
143.57500000 0.00000000 
143.62500000 0.00000000 
143.67500000 0.00000000 
143.72500000 0.00000000 
143.77500000 0.00000000 
143.82500000 0.00000000 
143.87500000 0.00000000 
143.92500000 0.00000000 
143.97500000 0.00000000 
144.02500000 0.00000000 
144.07500000 0.00000000 
144.12500000 0.00000000 
144.17500000 0.00000000 
144.22500000 0.00000000 
144.27500000 0.00000000 
144.32500000 0.00000000 
144.37500000 0.00000000 
144.42500000 0.00000000 
144.47500000 0.00000000 
144.52500000 0.00000000 
144.57500000 0.00000000 
144.62500000 0.00000000 
144.67500000 0.00000000 
144.72500000 0.00000000 
144.77500000 0.00000000 
144.82500000 0.00000000 
144.87500000 0.00000000 
144.92500000 0.00000000 
144.97500000 0.00000000 
145.02500000 0.00000000 
145.07500000 0.00000000 
145.12500000 0.00000000 
145.17500000 0.00000000 
145.22500000 0.00000000 
145.27500000 0.00000000 
145.32500000 0.00000000 
145.37500000 0.00000000 
145.42500000 0.00000000 
145.47500000 0.00000000 
145.52500000 0.00000000 
145.57500000 0.00000000 
145.62500000 0.00000000 
145.67500000 0.00000000 
145.72500000 0.00000000 
145.77500000 0.00000000 
145.82500000 0.00000000 
145.87500000 0.00000000 
145.92500000 0.00000000 
145.97500000 0.00000000 
146.02500000 0.00000000 
146.07500000 0.00000000 
146.12500000 0.00000000 
146.17500000 0.00000000 
146.22500000 0.00000000 
146.27500000 0.00000000 
146.32500000 0.00000000 
146.37500000 0.00000000 
146.42500000 0.00000000 
146.47500000 0.00000000 
146.52500000 0.00000000 
146.57500000 0.00000000 
146.62500000 0.00000000 
146.67500000 0.00000000 
146.72500000 0.00000000 
146.77500000 0.00000000 
146.82500000 0.00000000 
146.87500000 0.00000000 
146.92500000 0.00000000 
146.97500000 0.00000000 
147.02500000 0.00000000 
147.07500000 0.00000000 
147.12500000 0.00000000 
147.17500000 0.00000000 
147.22500000 0.00000000 
147.27500000 0.00000000 
147.32500000 0.00000000 
147.37500000 0.00000000 
147.42500000 0.00000000 
147.47500000 0.00000000 
147.52500000 0.00000000 
147.57500000 0.00000000 
147.62500000 0.00000000 
147.67500000 0.00000000 
147.72500000 0.00000000 
147.77500000 0.00000000 
147.82500000 0.00000000 
147.87500000 0.00000000 
147.92500000 0.00000000 
147.97500000 0.00000000 
148.02500000 0.00000000 
148.07500000 0.00000000 
148.12500000 0.00000000 
148.17500000 0.00000000 
148.22500000 0.00000000 
148.27500000 0.00000000 
148.32500000 0.00000000 
148.37500000 0.00000000 
148.42500000 0.00000000 
148.47500000 0.00000000 
148.52500000 0.00000000 
148.57500000 0.00000000 
148.62500000 0.00000000 
148.67500000 0.00000000 
148.72500000 0.00000000 
148.77500000 0.00000000 
148.82500000 0.00000000 
148.87500000 0.00000000 
148.92500000 0.00000000 
148.97500000 0.00000000 
149.02500000 0.00000000 
149.07500000 0.00000000 
149.12500000 0.00000000 
149.17500000 0.00000000 
149.22500000 0.00000000 
149.27500000 0.00000000 
149.32500000 0.00000000 
149.37500000 0.00000000 
149.42500000 0.00000000 
149.47500000 0.00000000 
149.52500000 0.00000000 
149.57500000 0.00000000 
149.62500000 0.00000000 
149.67500000 0.00000000 
149.72500000 0.00000000 
149.77500000 0.00000000 
149.82500000 0.00000000 
149.87500000 0.00000000 
149.92500000 0.00000000 
149.97500000 0.00000000 
150.02500000 0.00000000 
150.07500000 0.00000000 
150.12500000 0.00000000 
150.17500000 0.00000000 
150.22500000 0.00000000 
150.27500000 0.00000000 
150.32500000 0.00000000 
150.37500000 0.00000000 
150.42500000 0.00000000 
150.47500000 0.00000000 
150.52500000 0.00000000 
150.57500000 0.00000000 
150.62500000 0.00000000 
150.67500000 0.00000000 
150.72500000 0.00000000 
150.77500000 0.00000000 
150.82500000 0.00000000 
150.87500000 0.00000000 
150.92500000 0.00000000 
150.97500000 0.00000000 
151.02500000 0.00000000 
151.07500000 0.00000000 
151.12500000 0.00000000 
151.17500000 0.00000000 
151.22500000 0.00000000 
151.27500000 0.00000000 
151.32500000 0.00000000 
151.37500000 0.00000000 
151.42500000 0.00000000 
151.47500000 0.00000000 
151.52500000 0.00000000 
151.57500000 0.00000000 
151.62500000 0.00000000 
151.67500000 0.00000000 
151.72500000 0.00000000 
151.77500000 0.00000000 
151.82500000 0.00000000 
151.87500000 0.00000000 
151.92500000 0.00000000 
151.97500000 0.00000000 
152.02500000 0.00000000 
152.07500000 0.00000000 
152.12500000 0.00000000 
152.17500000 0.00000000 
152.22500000 0.00000000 
152.27500000 0.00000000 
152.32500000 0.00000000 
152.37500000 0.00000000 
152.42500000 0.00000000 
152.47500000 0.00000000 
152.52500000 0.00000000 
152.57500000 0.00000000 
152.62500000 0.00000000 
152.67500000 0.00000000 
152.72500000 0.00000000 
152.77500000 0.00000000 
152.82500000 0.00000000 
152.87500000 0.00000000 
152.92500000 0.00000000 
152.97500000 0.00000000 
153.02500000 0.00000000 
153.07500000 0.00000000 
153.12500000 0.00000000 
153.17500000 0.00000000 
153.22500000 0.00000000 
153.27500000 0.00000000 
153.32500000 0.00000000 
153.37500000 0.00000000 
153.42500000 0.00000000 
153.47500000 0.00000000 
153.52500000 0.00000000 
153.57500000 0.00000000 
153.62500000 0.00000000 
153.67500000 0.00000000 
153.72500000 0.00000000 
153.77500000 0.00000000 
153.82500000 0.00000000 
153.87500000 0.00000000 
153.92500000 0.00000000 
153.97500000 0.00000000 
154.02500000 0.00000000 
154.07500000 0.00000000 
154.12500000 0.00000000 
154.17500000 0.00000000 
154.22500000 0.00000000 
154.27500000 0.00000000 
154.32500000 0.00000000 
154.37500000 0.00000000 
154.42500000 0.00000000 
154.47500000 0.00000000 
154.52500000 0.00000000 
154.57500000 0.00000000 
154.62500000 0.00000000 
154.67500000 0.00000000 
154.72500000 0.00000000 
154.77500000 0.00000000 
154.82500000 0.00000000 
154.87500000 0.00000000 
154.92500000 0.00000000 
154.97500000 0.00000000 
155.02500000 0.00000000 
155.07500000 0.00000000 
155.12500000 0.00000000 
155.17500000 0.00000000 
155.22500000 0.00000000 
155.27500000 0.00000000 
155.32500000 0.00000000 
155.37500000 0.00000000 
155.42500000 0.00000000 
155.47500000 0.00000000 
155.52500000 0.00000000 
155.57500000 0.00000000 
155.62500000 0.00000000 
155.67500000 0.00000000 
155.72500000 0.00000000 
155.77500000 0.00000000 
155.82500000 0.00000000 
155.87500000 0.00000000 
155.92500000 0.00000000 
155.97500000 0.00000000 
156.02500000 0.00000000 
156.07500000 0.00000000 
156.12500000 0.00000000 
156.17500000 0.00000000 
156.22500000 0.00000000 
156.27500000 0.00000000 
156.32500000 0.00000000 
156.37500000 0.00000000 
156.42500000 0.00000000 
156.47500000 0.00000000 
156.52500000 0.00000000 
156.57500000 0.00000000 
156.62500000 0.00000000 
156.67500000 0.00000000 
156.72500000 0.00000000 
156.77500000 0.00000000 
156.82500000 0.00000000 
156.87500000 0.00000000 
156.92500000 0.00000000 
156.97500000 0.00000000 
157.02500000 0.00000000 
157.07500000 0.00000000 
157.12500000 0.00000000 
157.17500000 0.00000000 
157.22500000 0.00000000 
157.27500000 0.00000000 
157.32500000 0.00000000 
157.37500000 0.00000000 
157.42500000 0.00000000 
157.47500000 0.00000000 
157.52500000 0.00000000 
157.57500000 0.00000000 
157.62500000 0.00000000 
157.67500000 0.00000000 
157.72500000 0.00000000 
157.77500000 0.00000000 
157.82500000 0.00000000 
157.87500000 0.00000000 
157.92500000 0.00000000 
157.97500000 0.00000000 
158.02500000 0.00000000 
158.07500000 0.00000000 
158.12500000 0.00000000 
158.17500000 0.00000000 
158.22500000 0.00000000 
158.27500000 0.00000000 
158.32500000 0.00000000 
158.37500000 0.00000000 
158.42500000 0.00000000 
158.47500000 0.00000000 
158.52500000 0.00000000 
158.57500000 0.00000000 
158.62500000 0.00000000 
158.67500000 0.00000000 
158.72500000 0.00000000 
158.77500000 0.00000000 
158.82500000 0.00000000 
158.87500000 0.00000000 
158.92500000 0.00000000 
158.97500000 0.00000000 
159.02500000 0.00000000 
159.07500000 0.00000000 
159.12500000 0.00000000 
159.17500000 0.00000000 
159.22500000 0.00000000 
159.27500000 0.00000000 
159.32500000 0.00000000 
159.37500000 0.00000000 
159.42500000 0.00000000 
159.47500000 0.00000000 
159.52500000 0.00000000 
159.57500000 0.00000000 
159.62500000 0.00000000 
159.67500000 0.00000000 
159.72500000 0.00000000 
159.77500000 0.00000000 
159.82500000 0.00000000 
159.87500000 0.00000000 
159.92500000 0.00000000 
159.97500000 0.00000000 
160.02500000 0.00000000 
160.07500000 0.00000000 
160.12500000 0.00000000 
160.17500000 0.00000000 
160.22500000 0.00000000 
160.27500000 0.00000000 
160.32500000 0.00000000 
160.37500000 0.00000000 
160.42500000 0.00000000 
160.47500000 0.00000000 
160.52500000 0.00000000 
160.57500000 0.00000000 
160.62500000 0.00000000 
160.67500000 0.00000000 
160.72500000 0.00000000 
160.77500000 0.00000000 
160.82500000 0.00000000 
160.87500000 0.00000000 
160.92500000 0.00000000 
160.97500000 0.00000000 
161.02500000 0.00000000 
161.07500000 0.00000000 
161.12500000 0.00000000 
161.17500000 0.00000000 
161.22500000 0.00000000 
161.27500000 0.00000000 
161.32500000 0.00000000 
161.37500000 0.00000000 
161.42500000 0.00000000 
161.47500000 0.00000000 
161.52500000 0.00000000 
161.57500000 0.00000000 
161.62500000 0.00000000 
161.67500000 0.00000000 
161.72500000 0.00000000 
161.77500000 0.00000000 
161.82500000 0.00000000 
161.87500000 0.00000000 
161.92500000 0.00000000 
161.97500000 0.00000000 
162.02500000 0.00000000 
162.07500000 0.00000000 
162.12500000 0.00000000 
162.17500000 0.00000000 
162.22500000 0.00000000 
162.27500000 0.00000000 
162.32500000 0.00000000 
162.37500000 0.00000000 
162.42500000 0.00000000 
162.47500000 0.00000000 
162.52500000 0.00000000 
162.57500000 0.00000000 
162.62500000 0.00000000 
162.67500000 0.00000000 
162.72500000 0.00000000 
162.77500000 0.00000000 
162.82500000 0.00000000 
162.87500000 0.00000000 
162.92500000 0.00000000 
162.97500000 0.00000000 
163.02500000 0.00000000 
163.07500000 0.00000000 
163.12500000 0.00000000 
163.17500000 0.00000000 
163.22500000 0.00000000 
163.27500000 0.00000000 
163.32500000 0.00000000 
163.37500000 0.00000000 
163.42500000 0.00000000 
163.47500000 0.00000000 
163.52500000 0.00000000 
163.57500000 0.00000000 
163.62500000 0.00000000 
163.67500000 0.00000000 
163.72500000 0.00000000 
163.77500000 0.00000000 
163.82500000 0.00000000 
163.87500000 0.00000000 
163.92500000 0.00000000 
163.97500000 0.00000000 
164.02500000 0.00000000 
164.07500000 0.00000000 
164.12500000 0.00000000 
164.17500000 0.00000000 
164.22500000 0.00000000 
164.27500000 0.00000000 
164.32500000 0.00000000 
164.37500000 0.00000000 
164.42500000 0.00000000 
164.47500000 0.00000000 
164.52500000 0.00000000 
164.57500000 0.00000000 
164.62500000 0.00000000 
164.67500000 0.00000000 
164.72500000 0.00000000 
164.77500000 0.00000000 
164.82500000 0.00000000 
164.87500000 0.00000000 
164.92500000 0.00000000 
164.97500000 0.00000000 
165.02500000 0.00000000 
165.07500000 0.00000000 
165.12500000 0.00000000 
165.17500000 0.00000000 
165.22500000 0.00000000 
165.27500000 0.00000000 
165.32500000 0.00000000 
165.37500000 0.00000000 
165.42500000 0.00000000 
165.47500000 0.00000000 
165.52500000 0.00000000 
165.57500000 0.00000000 
165.62500000 0.00000000 
165.67500000 0.00000000 
165.72500000 0.00000000 
165.77500000 0.00000000 
165.82500000 0.00000000 
165.87500000 0.00000000 
165.92500000 0.00000000 
165.97500000 0.00000000 
166.02500000 0.00000000 
166.07500000 0.00000000 
166.12500000 0.00000000 
166.17500000 0.00000000 
166.22500000 0.00000000 
166.27500000 0.00000000 
166.32500000 0.00000000 
166.37500000 0.00000000 
166.42500000 0.00000000 
166.47500000 0.00000000 
166.52500000 0.00000000 
166.57500000 0.00000000 
166.62500000 0.00000000 
166.67500000 0.00000000 
166.72500000 0.00000000 
166.77500000 0.00000000 
166.82500000 0.00000000 
166.87500000 0.00000000 
166.92500000 0.00000000 
166.97500000 0.00000000 
167.02500000 0.00000000 
167.07500000 0.00000000 
167.12500000 0.00000000 
167.17500000 0.00000000 
167.22500000 0.00000000 
167.27500000 0.00000000 
167.32500000 0.00000000 
167.37500000 0.00000000 
167.42500000 0.00000000 
167.47500000 0.00000000 
167.52500000 0.00000000 
167.57500000 0.00000000 
167.62500000 0.00000000 
167.67500000 0.00000000 
167.72500000 0.00000000 
167.77500000 0.00000000 
167.82500000 0.00000000 
167.87500000 0.00000000 
167.92500000 0.00000000 
167.97500000 0.00000000 
168.02500000 0.00000000 
168.07500000 0.00000000 
168.12500000 0.00000000 
168.17500000 0.00000000 
168.22500000 0.00000000 
168.27500000 0.00000000 
168.32500000 0.00000000 
168.37500000 0.00000000 
168.42500000 0.00000000 
168.47500000 0.00000000 
168.52500000 0.00000000 
168.57500000 0.00000000 
168.62500000 0.00000000 
168.67500000 0.00000000 
168.72500000 0.00000000 
168.77500000 0.00000000 
168.82500000 0.00000000 
168.87500000 0.00000000 
168.92500000 0.00000000 
168.97500000 0.00000000 
169.02500000 0.00000000 
169.07500000 0.00000000 
169.12500000 0.00000000 
169.17500000 0.00000000 
169.22500000 0.00000000 
169.27500000 0.00000000 
169.32500000 0.00000000 
169.37500000 0.00000000 
169.42500000 0.00000000 
169.47500000 0.00000000 
169.52500000 0.00000000 
169.57500000 0.00000000 
169.62500000 0.00000000 
169.67500000 0.00000000 
169.72500000 0.00000000 
169.77500000 0.00000000 
169.82500000 0.00000000 
169.87500000 0.00000000 
169.92500000 0.00000000 
169.97500000 0.00000000 
170.02500000 0.00000000 
170.07500000 0.00000000 
170.12500000 0.00000000 
170.17500000 0.00000000 
170.22500000 0.00000000 
170.27500000 0.00000000 
170.32500000 0.00000000 
170.37500000 0.00000000 
170.42500000 0.00000000 
170.47500000 0.00000000 
170.52500000 0.00000000 
170.57500000 0.00000000 
170.62500000 0.00000000 
170.67500000 0.00000000 
170.72500000 0.00000000 
170.77500000 0.00000000 
170.82500000 0.00000000 
170.87500000 0.00000000 
170.92500000 0.00000000 
170.97500000 0.00000000 
171.02500000 0.00000000 
171.07500000 0.00000000 
171.12500000 0.00000000 
171.17500000 0.00000000 
171.22500000 0.00000000 
171.27500000 0.00000000 
171.32500000 0.00000000 
171.37500000 0.00000000 
171.42500000 0.00000000 
171.47500000 0.00000000 
171.52500000 0.00000000 
171.57500000 0.00000000 
171.62500000 0.00000000 
171.67500000 0.00000000 
171.72500000 0.00000000 
171.77500000 0.00000000 
171.82500000 0.00000000 
171.87500000 0.00000000 
171.92500000 0.00000000 
171.97500000 0.00000000 
172.02500000 0.00000000 
172.07500000 0.00000000 
172.12500000 0.00000000 
172.17500000 0.00000000 
172.22500000 0.00000000 
172.27500000 0.00000000 
172.32500000 0.00000000 
172.37500000 0.00000000 
172.42500000 0.00000000 
172.47500000 0.00000000 
172.52500000 0.00000000 
172.57500000 0.00000000 
172.62500000 0.00000000 
172.67500000 0.00000000 
172.72500000 0.00000000 
172.77500000 0.00000000 
172.82500000 0.00000000 
172.87500000 0.00000000 
172.92500000 0.00000000 
172.97500000 0.00000000 
173.02500000 0.00000000 
173.07500000 0.00000000 
173.12500000 0.00000000 
173.17500000 0.00000000 
173.22500000 0.00000000 
173.27500000 0.00000000 
173.32500000 0.00000000 
173.37500000 0.00000000 
173.42500000 0.00000000 
173.47500000 0.00000000 
173.52500000 0.00000000 
173.57500000 0.00000000 
173.62500000 0.00000000 
173.67500000 0.00000000 
173.72500000 0.00000000 
173.77500000 0.00000000 
173.82500000 0.00000000 
173.87500000 0.00000000 
173.92500000 0.00000000 
173.97500000 0.00000000 
174.02500000 0.00000000 
174.07500000 0.00000000 
174.12500000 0.00000000 
174.17500000 0.00000000 
174.22500000 0.00000000 
174.27500000 0.00000000 
174.32500000 0.00000000 
174.37500000 0.00000000 
174.42500000 0.00000000 
174.47500000 0.00000000 
174.52500000 0.00000000 
174.57500000 0.00000000 
174.62500000 0.00000000 
174.67500000 0.00000000 
174.72500000 0.00000000 
174.77500000 0.00000000 
174.82500000 0.00000000 
174.87500000 0.00000000 
174.92500000 0.00000000 
174.97500000 0.00000000 
175.02500000 0.00000000 
175.07500000 0.00000000 
175.12500000 0.00000000 
175.17500000 0.00000000 
175.22500000 0.00000000 
175.27500000 0.00000000 
175.32500000 0.00000000 
175.37500000 0.00000000 
175.42500000 0.00000000 
175.47500000 0.00000000 
175.52500000 0.00000000 
175.57500000 0.00000000 
175.62500000 0.00000000 
175.67500000 0.00000000 
175.72500000 0.00000000 
175.77500000 0.00000000 
175.82500000 0.00000000 
175.87500000 0.00000000 
175.92500000 0.00000000 
175.97500000 0.00000000 
176.02500000 0.00000000 
176.07500000 0.00000000 
176.12500000 0.00000000 
176.17500000 0.00000000 
176.22500000 0.00000000 
176.27500000 0.00000000 
176.32500000 0.00000000 
176.37500000 0.00000000 
176.42500000 0.00000000 
176.47500000 0.00000000 
176.52500000 0.00000000 
176.57500000 0.00000000 
176.62500000 0.00000000 
176.67500000 0.00000000 
176.72500000 0.00000000 
176.77500000 0.00000000 
176.82500000 0.00000000 
176.87500000 0.00000000 
176.92500000 0.00000000 
176.97500000 0.00000000 
177.02500000 0.00000000 
177.07500000 0.00000000 
177.12500000 0.00000000 
177.17500000 0.00000000 
177.22500000 0.00000000 
177.27500000 0.00000000 
177.32500000 0.00000000 
177.37500000 0.00000000 
177.42500000 0.00000000 
177.47500000 0.00000000 
177.52500000 0.00000000 
177.57500000 0.00000000 
177.62500000 0.00000000 
177.67500000 0.00000000 
177.72500000 0.00000000 
177.77500000 0.00000000 
177.82500000 0.00000000 
177.87500000 0.00000000 
177.92500000 0.00000000 
177.97500000 0.00000000 
178.02500000 0.00000000 
178.07500000 0.00000000 
178.12500000 0.00000000 
178.17500000 0.00000000 
178.22500000 0.00000000 
178.27500000 0.00000000 
178.32500000 0.00000000 
178.37500000 0.00000000 
178.42500000 0.00000000 
178.47500000 0.00000000 
178.52500000 0.00000000 
178.57500000 0.00000000 
178.62500000 0.00000000 
178.67500000 0.00000000 
178.72500000 0.00000000 
178.77500000 0.00000000 
178.82500000 0.00000000 
178.87500000 0.00000000 
178.92500000 0.00000000 
178.97500000 0.00000000 
179.02500000 0.00000000 
179.07500000 0.00000000 
179.12500000 0.00000000 
179.17500000 0.00000000 
179.22500000 0.00000000 
179.27500000 0.00000000 
179.32500000 0.00000000 
179.37500000 0.00000000 
179.42500000 0.00000000 
179.47500000 0.00000000 
179.52500000 0.00000000 
179.57500000 0.00000000 
179.62500000 0.00000000 
179.67500000 0.00000000 
179.72500000 0.00000000 
179.77500000 0.00000000 
179.82500000 0.00000000 
179.87500000 0.00000000 
179.92500000 0.00000000 
179.97500000 0.00000000 
180.02500000 0.00000000 
180.07500000 0.00000000 
180.12500000 0.00000000 
180.17500000 0.00000000 
180.22500000 0.00000000 
180.27500000 0.00000000 
180.32500000 0.00000000 
180.37500000 0.00000000 
180.42500000 0.00000000 
180.47500000 0.00000000 
180.52500000 0.00000000 
180.57500000 0.00000000 
180.62500000 0.00000000 
180.67500000 0.00000000 
180.72500000 0.00000000 
180.77500000 0.00000000 
180.82500000 0.00000000 
180.87500000 0.00000000 
180.92500000 0.00000000 
180.97500000 0.00000000 
181.02500000 0.00000000 
181.07500000 0.00000000 
181.12500000 0.00000000 
181.17500000 0.00000000 
181.22500000 0.00000000 
181.27500000 0.00000000 
181.32500000 0.00000000 
181.37500000 0.00000000 
181.42500000 0.00000000 
181.47500000 0.00000000 
181.52500000 0.00000000 
181.57500000 0.00000000 
181.62500000 0.00000000 
181.67500000 0.00000000 
181.72500000 0.00000000 
181.77500000 0.00000000 
181.82500000 0.00000000 
181.87500000 0.00000000 
181.92500000 0.00000000 
181.97500000 0.00000000 
182.02500000 0.00000000 
182.07500000 0.00000000 
182.12500000 0.00000000 
182.17500000 0.00000000 
182.22500000 0.00000000 
182.27500000 0.00000000 
182.32500000 0.00000000 
182.37500000 0.00000000 
182.42500000 0.00000000 
182.47500000 0.00000000 
182.52500000 0.00000000 
182.57500000 0.00000000 
182.62500000 0.00000000 
182.67500000 0.00000000 
182.72500000 0.00000000 
182.77500000 0.00000000 
182.82500000 0.00000000 
182.87500000 0.00000000 
182.92500000 0.00000000 
182.97500000 0.00000000 
183.02500000 0.00000000 
183.07500000 0.00000000 
183.12500000 0.00000000 
183.17500000 0.00000000 
183.22500000 0.00000000 
183.27500000 0.00000000 
183.32500000 0.00000000 
183.37500000 0.00000000 
183.42500000 0.00000000 
183.47500000 0.00000000 
183.52500000 0.00000000 
183.57500000 0.00000000 
183.62500000 0.00000000 
183.67500000 0.00000000 
183.72500000 0.00000000 
183.77500000 0.00000000 
183.82500000 0.00000000 
183.87500000 0.00000000 
183.92500000 0.00000000 
183.97500000 0.00000000 
184.02500000 0.00000000 
184.07500000 0.00000000 
184.12500000 0.00000000 
184.17500000 0.00000000 
184.22500000 0.00000000 
184.27500000 0.00000000 
184.32500000 0.00000000 
184.37500000 0.00000000 
184.42500000 0.00000000 
184.47500000 0.00000000 
184.52500000 0.00000000 
184.57500000 0.00000000 
184.62500000 0.00000000 
184.67500000 0.00000000 
184.72500000 0.00000000 
184.77500000 0.00000000 
184.82500000 0.00000000 
184.87500000 0.00000000 
184.92500000 0.00000000 
184.97500000 0.00000000 
185.02500000 0.00000000 
185.07500000 0.00000000 
185.12500000 0.00000000 
185.17500000 0.00000000 
185.22500000 0.00000000 
185.27500000 0.00000000 
185.32500000 0.00000000 
185.37500000 0.00000000 
185.42500000 0.00000000 
185.47500000 0.00000000 
185.52500000 0.00000000 
185.57500000 0.00000000 
185.62500000 0.00000000 
185.67500000 0.00000000 
185.72500000 0.00000000 
185.77500000 0.00000000 
185.82500000 0.00000000 
185.87500000 0.00000000 
185.92500000 0.00000000 
185.97500000 0.00000000 
186.02500000 0.00000000 
186.07500000 0.00000000 
186.12500000 0.00000000 
186.17500000 0.00000000 
186.22500000 0.00000000 
186.27500000 0.00000000 
186.32500000 0.00000000 
186.37500000 0.00000000 
186.42500000 0.00000000 
186.47500000 0.00000000 
186.52500000 0.00000000 
186.57500000 0.00000000 
186.62500000 0.00000000 
186.67500000 0.00000000 
186.72500000 0.00000000 
186.77500000 0.00000000 
186.82500000 0.00000000 
186.87500000 0.00000000 
186.92500000 0.00000000 
186.97500000 0.00000000 
187.02500000 0.00000000 
187.07500000 0.00000000 
187.12500000 0.00000000 
187.17500000 0.00000000 
187.22500000 0.00000000 
187.27500000 0.00000000 
187.32500000 0.00000000 
187.37500000 0.00000000 
187.42500000 0.00000000 
187.47500000 0.00000000 
187.52500000 0.00000000 
187.57500000 0.00000000 
187.62500000 0.00000000 
187.67500000 0.00000000 
187.72500000 0.00000000 
187.77500000 0.00000000 
187.82500000 0.00000000 
187.87500000 0.00000000 
187.92500000 0.00000000 
187.97500000 0.00000000 
188.02500000 0.00000000 
188.07500000 0.00000000 
188.12500000 0.00000000 
188.17500000 0.00000000 
188.22500000 0.00000000 
188.27500000 0.00000000 
188.32500000 0.00000000 
188.37500000 0.00000000 
188.42500000 0.00000000 
188.47500000 0.00000000 
188.52500000 0.00000000 
188.57500000 0.00000000 
188.62500000 0.00000000 
188.67500000 0.00000000 
188.72500000 0.00000000 
188.77500000 0.00000000 
188.82500000 0.00000000 
188.87500000 0.00000000 
188.92500000 0.00000000 
188.97500000 0.00000000 
189.02500000 0.00000000 
189.07500000 0.00000000 
189.12500000 0.00000000 
189.17500000 0.00000000 
189.22500000 0.00000000 
189.27500000 0.00000000 
189.32500000 0.00000000 
189.37500000 0.00000000 
189.42500000 0.00000000 
189.47500000 0.00000000 
189.52500000 0.00000000 
189.57500000 0.00000000 
189.62500000 0.00000000 
189.67500000 0.00000000 
189.72500000 0.00000000 
189.77500000 0.00000000 
189.82500000 0.00000000 
189.87500000 0.00000000 
189.92500000 0.00000000 
189.97500000 0.00000000 
190.02500000 0.00000000 
190.07500000 0.00000000 
190.12500000 0.00000000 
190.17500000 0.00000000 
190.22500000 0.00000000 
190.27500000 0.00000000 
190.32500000 0.00000000 
190.37500000 0.00000000 
190.42500000 0.00000000 
190.47500000 0.00000000 
190.52500000 0.00000000 
190.57500000 0.00000000 
190.62500000 0.00000000 
190.67500000 0.00000000 
190.72500000 0.00000000 
190.77500000 0.00000000 
190.82500000 0.00000000 
190.87500000 0.00000000 
190.92500000 0.00000000 
190.97500000 0.00000000 
191.02500000 0.00000000 
191.07500000 0.00000000 
191.12500000 0.00000000 
191.17500000 0.00000000 
191.22500000 0.00000000 
191.27500000 0.00000000 
191.32500000 0.00000000 
191.37500000 0.00000000 
191.42500000 0.00000000 
191.47500000 0.00000000 
191.52500000 0.00000000 
191.57500000 0.00000000 
191.62500000 0.00000000 
191.67500000 0.00000000 
191.72500000 0.00000000 
191.77500000 0.00000000 
191.82500000 0.00000000 
191.87500000 0.00000000 
191.92500000 0.00000000 
191.97500000 0.00000000 
192.02500000 0.00000000 
192.07500000 0.00000000 
192.12500000 0.00000000 
192.17500000 0.00000000 
192.22500000 0.00000000 
192.27500000 0.00000000 
192.32500000 0.00000000 
192.37500000 0.00000000 
192.42500000 0.00000000 
192.47500000 0.00000000 
192.52500000 0.00000000 
192.57500000 0.00000000 
192.62500000 0.00000000 
192.67500000 0.00000000 
192.72500000 0.00000000 
192.77500000 0.00000000 
192.82500000 0.00000000 
192.87500000 0.00000000 
192.92500000 0.00000000 
192.97500000 0.00000000 
193.02500000 0.00000000 
193.07500000 0.00000000 
193.12500000 0.00000000 
193.17500000 0.00000000 
193.22500000 0.00000000 
193.27500000 0.00000000 
193.32500000 0.00000000 
193.37500000 0.00000000 
193.42500000 0.00000000 
193.47500000 0.00000000 
193.52500000 0.00000000 
193.57500000 0.00000000 
193.62500000 0.00000000 
193.67500000 0.00000000 
193.72500000 0.00000000 
193.77500000 0.00000000 
193.82500000 0.00000000 
193.87500000 0.00000000 
193.92500000 0.00000000 
193.97500000 0.00000000 
194.02500000 0.00000000 
194.07500000 0.00000000 
194.12500000 0.00000000 
194.17500000 0.00000000 
194.22500000 0.00000000 
194.27500000 0.00000000 
194.32500000 0.00000000 
194.37500000 0.00000000 
194.42500000 0.00000000 
194.47500000 0.00000000 
194.52500000 0.00000000 
194.57500000 0.00000000 
194.62500000 0.00000000 
194.67500000 0.00000000 
194.72500000 0.00000000 
194.77500000 0.00000000 
194.82500000 0.00000000 
194.87500000 0.00000000 
194.92500000 0.00000000 
194.97500000 0.00000000 
195.02500000 0.00000000 
195.07500000 0.00000000 
195.12500000 0.00000000 
195.17500000 0.00000000 
195.22500000 0.00000000 
195.27500000 0.00000000 
195.32500000 0.00000000 
195.37500000 0.00000000 
195.42500000 0.00000000 
195.47500000 0.00000000 
195.52500000 0.00000000 
195.57500000 0.00000000 
195.62500000 0.00000000 
195.67500000 0.00000000 
195.72500000 0.00000000 
195.77500000 0.00000000 
195.82500000 0.00000000 
195.87500000 0.00000000 
195.92500000 0.00000000 
195.97500000 0.00000000 
196.02500000 0.00000000 
196.07500000 0.00000000 
196.12500000 0.00000000 
196.17500000 0.00000000 
196.22500000 0.00000000 
196.27500000 0.00000000 
196.32500000 0.00000000 
196.37500000 0.00000000 
196.42500000 0.00000000 
196.47500000 0.00000000 
196.52500000 0.00000000 
196.57500000 0.00000000 
196.62500000 0.00000000 
196.67500000 0.00000000 
196.72500000 0.00000000 
196.77500000 0.00000000 
196.82500000 0.00000000 
196.87500000 0.00000000 
196.92500000 0.00000000 
196.97500000 0.00000000 
197.02500000 0.00000000 
197.07500000 0.00000000 
197.12500000 0.00000000 
197.17500000 0.00000000 
197.22500000 0.00000000 
197.27500000 0.00000000 
197.32500000 0.00000000 
197.37500000 0.00000000 
197.42500000 0.00000000 
197.47500000 0.00000000 
197.52500000 0.00000000 
197.57500000 0.00000000 
197.62500000 0.00000000 
197.67500000 0.00000000 
197.72500000 0.00000000 
197.77500000 0.00000000 
197.82500000 0.00000000 
197.87500000 0.00000000 
197.92500000 0.00000000 
197.97500000 0.00000000 
198.02500000 0.00000000 
198.07500000 0.00000000 
198.12500000 0.00000000 
198.17500000 0.00000000 
198.22500000 0.00000000 
198.27500000 0.00000000 
198.32500000 0.00000000 
198.37500000 0.00000000 
198.42500000 0.00000000 
198.47500000 0.00000000 
198.52500000 0.00000000 
198.57500000 0.00000000 
198.62500000 0.00000000 
198.67500000 0.00000000 
198.72500000 0.00000000 
198.77500000 0.00000000 
198.82500000 0.00000000 
198.87500000 0.00000000 
198.92500000 0.00000000 
198.97500000 0.00000000 
199.02500000 0.00000000 
199.07500000 0.00000000 
199.12500000 0.00000000 
199.17500000 0.00000000 
199.22500000 0.00000000 
199.27500000 0.00000000 
199.32500000 0.00000000 
199.37500000 0.00000000 
199.42500000 0.00000000 
199.47500000 0.00000000 
199.52500000 0.00000000 
199.57500000 0.00000000 
199.62500000 0.00000000 
199.67500000 0.00000000 
199.72500000 0.00000000 
199.77500000 0.00000000 
199.82500000 0.00000000 
199.87500000 0.00000000 
199.92500000 0.00000000 
199.97500000 0.00000000 
