0.02500000 0.02930336 
0.07500000 0.02936193 
0.12500000 0.02947905 
0.17500000 0.02965469 
0.22500000 0.02988880 
0.27500000 0.03018134 
0.32500000 0.03053221 
0.37500000 0.03094134 
0.42500000 0.03140860 
0.47500000 0.03193386 
0.52500000 0.03251699 
0.57500000 0.03315781 
0.62500000 0.03385612 
0.67500000 0.03461171 
0.72500000 0.03542434 
0.77500000 0.03629374 
0.82500000 0.03721961 
0.87500000 0.03820162 
0.92500000 0.03923941 
0.97500000 0.04033259 
1.02500000 0.04148073 
1.07500000 0.04268336 
1.12500000 0.04393996 
1.17500000 0.04524998 
1.22500000 0.04661282 
1.27500000 0.04802785 
1.32500000 0.04949436 
1.37500000 0.05101162 
1.42500000 0.05257882 
1.47500000 0.05419512 
1.52500000 0.05585961 
1.57500000 0.05757131 
1.62500000 0.05932921 
1.67500000 0.06113222 
1.72500000 0.06297918 
1.77500000 0.06486888 
1.82500000 0.06680004 
1.87500000 0.06877131 
1.92500000 0.07078128 
1.97500000 0.07282846 
2.02500000 0.07491130 
2.07500000 0.07702818 
2.12500000 0.07917741 
2.17500000 0.08135723 
2.22500000 0.08356581 
2.27500000 0.08580125 
2.32500000 0.08806158 
2.37500000 0.09034478 
2.42500000 0.09264874 
2.47500000 0.09497130 
2.52500000 0.09731023 
2.57500000 0.09966326 
2.62500000 0.10202802 
2.67500000 0.10440211 
2.72500000 0.10678309 
2.77500000 0.10916843 
2.82500000 0.11155559 
2.87500000 0.11394196 
2.92500000 0.11632489 
2.97500000 0.11870171 
3.02500000 0.12106969 
3.07500000 0.12342609 
3.12500000 0.12576814 
3.17500000 0.12809305 
3.22500000 0.13039799 
3.27500000 0.13268016 
3.32500000 0.13493671 
3.37500000 0.13716483 
3.42500000 0.13936167 
3.47500000 0.14152443 
3.52500000 0.14365029 
3.57500000 0.14573646 
3.62500000 0.14778019 
3.67500000 0.14977874 
3.72500000 0.15172942 
3.77500000 0.15362957 
3.82500000 0.15547658 
3.87500000 0.15726790 
3.92500000 0.15900103 
3.97500000 0.16067353 
4.02500000 0.16228305 
4.07500000 0.16382730 
4.12500000 0.16530405 
4.17500000 0.16671118 
4.22500000 0.16804666 
4.27500000 0.16930853 
4.32500000 0.17049496 
4.37500000 0.17160420 
4.42500000 0.17263460 
4.47500000 0.17358465 
4.52500000 0.17445294 
4.57500000 0.17523815 
4.62500000 0.17593913 
4.67500000 0.17655481 
4.72500000 0.17708428 
4.77500000 0.17752672 
4.82500000 0.17788149 
4.87500000 0.17814803 
4.92500000 0.17832596 
4.97500000 0.17841498 
5.02500000 0.17841498 
5.07500000 0.17832596 
5.12500000 0.17814803 
5.17500000 0.17788149 
5.22500000 0.17752672 
5.27500000 0.17708428 
5.32500000 0.17655481 
5.37500000 0.17593913 
5.42500000 0.17523815 
5.47500000 0.17445294 
5.52500000 0.17358465 
5.57500000 0.17263460 
5.62500000 0.17160420 
5.67500000 0.17049496 
5.72500000 0.16930853 
5.77500000 0.16804666 
5.82500000 0.16671118 
5.87500000 0.16530405 
5.92500000 0.16382730 
5.97500000 0.16228305 
6.02500000 0.16067353 
6.07500000 0.15900103 
6.12500000 0.15726790 
6.17500000 0.15547658 
6.22500000 0.15362957 
6.27500000 0.15172942 
6.32500000 0.14977874 
6.37500000 0.14778019 
6.42500000 0.14573646 
6.47500000 0.14365029 
6.52500000 0.14152443 
6.57500000 0.13936167 
6.62500000 0.13716483 
6.67500000 0.13493671 
6.72500000 0.13268016 
6.77500000 0.13039799 
6.82500000 0.12809305 
6.87500000 0.12576814 
6.92500000 0.12342609 
6.97500000 0.12106969 
7.02500000 0.11870171 
7.07500000 0.11632489 
7.12500000 0.11394196 
7.17500000 0.11155559 
7.22500000 0.10916843 
7.27500000 0.10678309 
7.32500000 0.10440211 
7.37500000 0.10202802 
7.42500000 0.09966326 
7.47500000 0.09731023 
7.52500000 0.09497130 
7.57500000 0.09264874 
7.62500000 0.09034478 
7.67500000 0.08806158 
7.72500000 0.08580125 
7.77500000 0.08356581 
7.82500000 0.08135723 
7.87500000 0.07917741 
7.92500000 0.07702818 
7.97500000 0.07491130 
8.02500000 0.07282846 
8.07500000 0.07078128 
8.12500000 0.06877131 
8.17500000 0.06680004 
8.22500000 0.06486888 
8.27500000 0.06297918 
8.32500000 0.06113222 
8.37500000 0.05932921 
8.42500000 0.05757131 
8.47500000 0.05585961 
8.52500000 0.05419512 
8.57500000 0.05257882 
8.62500000 0.05101162 
8.67500000 0.04949436 
8.72500000 0.04802785 
8.77500000 0.04661282 
8.82500000 0.04524998 
8.87500000 0.04393996 
8.92500000 0.04268336 
8.97500000 0.04148073 
9.02500000 0.04033259 
9.07500000 0.03923941 
9.12500000 0.03820162 
9.17500000 0.03721961 
9.22500000 0.03629374 
9.27500000 0.03542434 
9.32500000 0.03461171 
9.37500000 0.03385612 
9.42500000 0.03315781 
9.47500000 0.03251699 
9.52500000 0.03193386 
9.57500000 0.03140860 
9.62500000 0.03094134 
9.67500000 0.03053221 
9.72500000 0.03018134 
9.77500000 0.02988880 
9.82500000 0.02965469 
9.87500000 0.02947905 
9.92500000 0.02936193 
9.97500000 0.02930336 
