0.02500000 1.00000000 
0.07500000 1.00000000 
0.12500000 1.00000000 
0.17500000 1.00000000 
0.22500000 1.00000000 
0.27500000 1.00000000 
0.32500000 1.00000000 
0.37500000 1.00000000 
0.42500000 1.00000000 
0.47500000 1.00000000 
0.52500000 1.00000000 
0.57500000 1.00000000 
0.62500000 1.00000000 
0.67500000 1.00000000 
0.72500000 1.00000000 
0.77500000 1.00000000 
0.82500000 1.00000000 
0.87500000 1.00000000 
0.92500000 1.00000000 
0.97500000 1.00000000 
1.02500000 1.00000000 
1.07500000 1.00000000 
1.12500000 1.00000000 
1.17500000 1.00000000 
1.22500000 1.00000000 
1.27500000 1.00000000 
1.32500000 1.00000000 
1.37500000 1.00000000 
1.42500000 1.00000000 
1.47500000 1.00000000 
1.52500000 1.00000000 
1.57500000 1.00000000 
1.62500000 1.00000000 
1.67500000 1.00000000 
1.72500000 1.00000000 
1.77500000 1.00000000 
1.82500000 1.00000000 
1.87500000 1.00000000 
1.92500000 1.00000000 
1.97500000 1.00000000 
2.02500000 1.00000000 
2.07500000 1.00000000 
2.12500000 1.00000000 
2.17500000 1.00000000 
2.22500000 1.00000000 
2.27500000 1.00000000 
2.32500000 1.00000000 
2.37500000 1.00000000 
2.42500000 1.00000000 
2.47500000 1.00000000 
2.52500000 1.00000000 
2.57500000 1.00000000 
2.62500000 1.00000000 
2.67500000 1.00000000 
2.72500000 1.00000000 
2.77500000 1.00000000 
2.82500000 1.00000000 
2.87500000 1.00000000 
2.92500000 1.00000000 
2.97500000 1.00000000 
3.02500000 1.00000000 
3.07500000 1.00000000 
3.12500000 1.00000000 
3.17500000 1.00000000 
3.22500000 1.00000000 
3.27500000 1.00000000 
3.32500000 1.00000000 
3.37500000 1.00000000 
3.42500000 1.00000000 
3.47500000 1.00000000 
3.52500000 1.00000000 
3.57500000 1.00000000 
3.62500000 1.00000000 
3.67500000 1.00000000 
3.72500000 1.00000000 
3.77500000 1.00000000 
3.82500000 1.00000000 
3.87500000 1.00000000 
3.92500000 1.00000000 
3.97500000 1.00000000 
4.02500000 1.00000000 
4.07500000 1.00000000 
4.12500000 1.00000000 
4.17500000 1.00000000 
4.22500000 1.00000000 
4.27500000 1.00000000 
4.32500000 1.00000000 
4.37500000 1.00000000 
4.42500000 1.00000000 
4.47500000 1.00000000 
4.52500000 1.00000000 
4.57500000 1.00000000 
4.62500000 1.00000000 
4.67500000 1.00000000 
4.72500000 1.00000000 
4.77500000 1.00000000 
4.82500000 1.00000000 
4.87500000 1.00000000 
4.92500000 1.00000000 
4.97500000 1.00000000 
5.02500000 1.00000000 
5.07500000 1.00000000 
5.12500000 1.00000000 
5.17500000 1.00000000 
5.22500000 1.00000000 
5.27500000 1.00000000 
5.32500000 1.00000000 
5.37500000 1.00000000 
5.42500000 1.00000000 
5.47500000 1.00000000 
5.52500000 1.00000000 
5.57500000 1.00000000 
5.62500000 1.00000000 
5.67500000 1.00000000 
5.72500000 1.00000000 
5.77500000 1.00000000 
5.82500000 1.00000000 
5.87500000 1.00000000 
5.92500000 1.00000000 
5.97500000 1.00000000 
6.02500000 1.00000000 
6.07500000 1.00000000 
6.12500000 1.00000000 
6.17500000 1.00000000 
6.22500000 1.00000000 
6.27500000 1.00000000 
6.32500000 1.00000000 
6.37500000 1.00000000 
6.42500000 1.00000000 
6.47500000 1.00000000 
6.52500000 1.00000000 
6.57500000 1.00000000 
6.62500000 1.00000000 
6.67500000 1.00000000 
6.72500000 1.00000000 
6.77500000 1.00000000 
6.82500000 1.00000000 
6.87500000 1.00000000 
6.92500000 1.00000000 
6.97500000 1.00000000 
7.02500000 1.00000000 
7.07500000 1.00000000 
7.12500000 1.00000000 
7.17500000 1.00000000 
7.22500000 1.00000000 
7.27500000 1.00000000 
7.32500000 1.00000000 
7.37500000 1.00000000 
7.42500000 1.00000000 
7.47500000 1.00000000 
7.52500000 1.00000000 
7.57500000 1.00000000 
7.62500000 1.00000000 
7.67500000 1.00000000 
7.72500000 1.00000000 
7.77500000 1.00000000 
7.82500000 1.00000000 
7.87500000 1.00000000 
7.92500000 1.00000000 
7.97500000 1.00000000 
8.02500000 1.00000000 
8.07500000 1.00000000 
8.12500000 1.00000000 
8.17500000 1.00000000 
8.22500000 1.00000000 
8.27500000 1.00000000 
8.32500000 1.00000000 
8.37500000 1.00000000 
8.42500000 1.00000000 
8.47500000 1.00000000 
8.52500000 1.00000000 
8.57500000 1.00000000 
8.62500000 1.00000000 
8.67500000 1.00000000 
8.72500000 1.00000000 
8.77500000 1.00000000 
8.82500000 1.00000000 
8.87500000 1.00000000 
8.92500000 1.00000000 
8.97500000 1.00000000 
9.02500000 1.00000000 
9.07500000 1.00000000 
9.12500000 1.00000000 
9.17500000 1.00000000 
9.22500000 1.00000000 
9.27500000 1.00000000 
9.32500000 1.00000000 
9.37500000 1.00000000 
9.42500000 1.00000000 
9.47500000 1.00000000 
9.52500000 1.00000000 
9.57500000 1.00000000 
9.62500000 1.00000000 
9.67500000 1.00000000 
9.72500000 1.00000000 
9.77500000 1.00000000 
9.82500000 1.00000000 
9.87500000 1.00000000 
9.92500000 1.00000000 
9.97500000 1.00000000 
10.02500000 1.00000000 
10.07500000 1.00000000 
10.12500000 1.00000000 
10.17500000 1.00000000 
10.22500000 1.00000000 
10.27500000 1.00000000 
10.32500000 1.00000000 
10.37500000 1.00000000 
10.42500000 1.00000000 
10.47500000 1.00000000 
10.52500000 1.00000000 
10.57500000 1.00000000 
10.62500000 1.00000000 
10.67500000 1.00000000 
10.72500000 1.00000000 
10.77500000 1.00000000 
10.82500000 1.00000000 
10.87500000 1.00000000 
10.92500000 1.00000000 
10.97500000 1.00000000 
11.02500000 1.00000000 
11.07500000 1.00000000 
11.12500000 1.00000000 
11.17500000 1.00000000 
11.22500000 1.00000000 
11.27500000 1.00000000 
11.32500000 1.00000000 
11.37500000 1.00000000 
11.42500000 1.00000000 
11.47500000 1.00000000 
11.52500000 1.00000000 
11.57500000 1.00000000 
11.62500000 1.00000000 
11.67500000 1.00000000 
11.72500000 1.00000000 
11.77500000 1.00000000 
11.82500000 1.00000000 
11.87500000 1.00000000 
11.92500000 1.00000000 
11.97500000 1.00000000 
12.02500000 1.00000000 
12.07500000 1.00000000 
12.12500000 1.00000000 
12.17500000 1.00000000 
12.22500000 1.00000000 
12.27500000 1.00000000 
12.32500000 1.00000000 
12.37500000 1.00000000 
12.42500000 1.00000000 
12.47500000 1.00000000 
12.52500000 1.00000000 
12.57500000 1.00000000 
12.62500000 1.00000000 
12.67500000 1.00000000 
12.72500000 1.00000000 
12.77500000 1.00000000 
12.82500000 1.00000000 
12.87500000 1.00000000 
12.92500000 1.00000000 
12.97500000 1.00000000 
13.02500000 1.00000000 
13.07500000 1.00000000 
13.12500000 1.00000000 
13.17500000 1.00000000 
13.22500000 1.00000000 
13.27500000 1.00000000 
13.32500000 1.00000000 
13.37500000 1.00000000 
13.42500000 1.00000000 
13.47500000 1.00000000 
13.52500000 1.00000000 
13.57500000 1.00000000 
13.62500000 1.00000000 
13.67500000 1.00000000 
13.72500000 1.00000000 
13.77500000 1.00000000 
13.82500000 1.00000000 
13.87500000 1.00000000 
13.92500000 1.00000000 
13.97500000 1.00000000 
14.02500000 1.00000000 
14.07500000 1.00000000 
14.12500000 1.00000000 
14.17500000 1.00000000 
14.22500000 1.00000000 
14.27500000 1.00000000 
14.32500000 1.00000000 
14.37500000 1.00000000 
14.42500000 1.00000000 
14.47500000 1.00000000 
14.52500000 1.00000000 
14.57500000 1.00000000 
14.62500000 1.00000000 
14.67500000 1.00000000 
14.72500000 1.00000000 
14.77500000 1.00000000 
14.82500000 1.00000000 
14.87500000 1.00000000 
14.92500000 1.00000000 
14.97500000 1.00000000 
15.02500000 1.00000000 
15.07500000 1.00000000 
15.12500000 1.00000000 
15.17500000 1.00000000 
15.22500000 1.00000000 
15.27500000 1.00000000 
15.32500000 1.00000000 
15.37500000 1.00000000 
15.42500000 1.00000000 
15.47500000 1.00000000 
15.52500000 1.00000000 
15.57500000 1.00000000 
15.62500000 1.00000000 
15.67500000 1.00000000 
15.72500000 1.00000000 
15.77500000 1.00000000 
15.82500000 1.00000000 
15.87500000 1.00000000 
15.92500000 1.00000000 
15.97500000 1.00000000 
16.02500000 1.00000000 
16.07500000 1.00000000 
16.12500000 1.00000000 
16.17500000 1.00000000 
16.22500000 1.00000000 
16.27500000 1.00000000 
16.32500000 1.00000000 
16.37500000 1.00000000 
16.42500000 1.00000000 
16.47500000 1.00000000 
16.52500000 1.00000000 
16.57500000 1.00000000 
16.62500000 1.00000000 
16.67500000 1.00000000 
16.72500000 1.00000000 
16.77500000 1.00000000 
16.82500000 1.00000000 
16.87500000 1.00000000 
16.92500000 1.00000000 
16.97500000 1.00000000 
17.02500000 1.00000000 
17.07500000 1.00000000 
17.12500000 1.00000000 
17.17500000 1.00000000 
17.22500000 1.00000000 
17.27500000 1.00000000 
17.32500000 1.00000000 
17.37500000 1.00000000 
17.42500000 1.00000000 
17.47500000 1.00000000 
17.52500000 1.00000000 
17.57500000 1.00000000 
17.62500000 1.00000000 
17.67500000 1.00000000 
17.72500000 1.00000000 
17.77500000 1.00000000 
17.82500000 1.00000000 
17.87500000 1.00000000 
17.92500000 1.00000000 
17.97500000 1.00000000 
18.02500000 1.00000000 
18.07500000 1.00000000 
18.12500000 1.00000000 
18.17500000 1.00000000 
18.22500000 1.00000000 
18.27500000 1.00000000 
18.32500000 1.00000000 
18.37500000 1.00000000 
18.42500000 1.00000000 
18.47500000 1.00000000 
18.52500000 1.00000000 
18.57500000 1.00000000 
18.62500000 1.00000000 
18.67500000 1.00000000 
18.72500000 1.00000000 
18.77500000 1.00000000 
18.82500000 1.00000000 
18.87500000 1.00000000 
18.92500000 1.00000000 
18.97500000 1.00000000 
19.02500000 1.00000000 
19.07500000 1.00000000 
19.12500000 1.00000000 
19.17500000 1.00000000 
19.22500000 1.00000000 
19.27500000 1.00000000 
19.32500000 1.00000000 
19.37500000 1.00000000 
19.42500000 1.00000000 
19.47500000 1.00000000 
19.52500000 1.00000000 
19.57500000 1.00000000 
19.62500000 1.00000000 
19.67500000 1.00000000 
19.72500000 1.00000000 
19.77500000 1.00000000 
19.82500000 1.00000000 
19.87500000 1.00000000 
19.92500000 1.00000000 
19.97500000 1.00000000 
20.02500000 1.00000000 
20.07500000 1.00000000 
20.12500000 1.00000000 
20.17500000 1.00000000 
20.22500000 1.00000000 
20.27500000 1.00000000 
20.32500000 1.00000000 
20.37500000 1.00000000 
20.42500000 1.00000000 
20.47500000 1.00000000 
20.52500000 1.00000000 
20.57500000 1.00000000 
20.62500000 1.00000000 
20.67500000 1.00000000 
20.72500000 1.00000000 
20.77500000 1.00000000 
20.82500000 1.00000000 
20.87500000 1.00000000 
20.92500000 1.00000000 
20.97500000 1.00000000 
21.02500000 1.00000000 
21.07500000 1.00000000 
21.12500000 1.00000000 
21.17500000 1.00000000 
21.22500000 1.00000000 
21.27500000 1.00000000 
21.32500000 1.00000000 
21.37500000 1.00000000 
21.42500000 1.00000000 
21.47500000 1.00000000 
21.52500000 1.00000000 
21.57500000 1.00000000 
21.62500000 1.00000000 
21.67500000 1.00000000 
21.72500000 1.00000000 
21.77500000 1.00000000 
21.82500000 1.00000000 
21.87500000 1.00000000 
21.92500000 1.00000000 
21.97500000 1.00000000 
22.02500000 1.00000000 
22.07500000 1.00000000 
22.12500000 1.00000000 
22.17500000 1.00000000 
22.22500000 1.00000000 
22.27500000 1.00000000 
22.32500000 1.00000000 
22.37500000 1.00000000 
22.42500000 1.00000000 
22.47500000 1.00000000 
22.52500000 1.00000000 
22.57500000 1.00000000 
22.62500000 1.00000000 
22.67500000 1.00000000 
22.72500000 1.00000000 
22.77500000 1.00000000 
22.82500000 1.00000000 
22.87500000 1.00000000 
22.92500000 1.00000000 
22.97500000 1.00000000 
23.02500000 1.00000000 
23.07500000 1.00000000 
23.12500000 1.00000000 
23.17500000 1.00000000 
23.22500000 1.00000000 
23.27500000 1.00000000 
23.32500000 1.00000000 
23.37500000 1.00000000 
23.42500000 1.00000000 
23.47500000 1.00000000 
23.52500000 1.00000000 
23.57500000 1.00000000 
23.62500000 1.00000000 
23.67500000 1.00000000 
23.72500000 1.00000000 
23.77500000 1.00000000 
23.82500000 1.00000000 
23.87500000 1.00000000 
23.92500000 1.00000000 
23.97500000 1.00000000 
24.02500000 1.00000000 
24.07500000 1.00000000 
24.12500000 1.00000000 
24.17500000 1.00000000 
24.22500000 1.00000000 
24.27500000 1.00000000 
24.32500000 1.00000000 
24.37500000 1.00000000 
24.42500000 1.00000000 
24.47500000 1.00000000 
24.52500000 1.00000000 
24.57500000 1.00000000 
24.62500000 1.00000000 
24.67500000 1.00000000 
24.72500000 1.00000000 
24.77500000 1.00000000 
24.82500000 1.00000000 
24.87500000 1.00000000 
24.92500000 1.00000000 
24.97500000 1.00000000 
25.02500000 1.00000000 
25.07500000 1.00000000 
25.12500000 1.00000000 
25.17500000 1.00000000 
25.22500000 1.00000000 
25.27500000 1.00000000 
25.32500000 1.00000000 
25.37500000 1.00000000 
25.42500000 1.00000000 
25.47500000 1.00000000 
25.52500000 1.00000000 
25.57500000 1.00000000 
25.62500000 1.00000000 
25.67500000 1.00000000 
25.72500000 1.00000000 
25.77500000 1.00000000 
25.82500000 1.00000000 
25.87500000 1.00000000 
25.92500000 1.00000000 
25.97500000 1.00000000 
26.02500000 1.00000000 
26.07500000 1.00000000 
26.12500000 1.00000000 
26.17500000 1.00000000 
26.22500000 1.00000000 
26.27500000 1.00000000 
26.32500000 1.00000000 
26.37500000 1.00000000 
26.42500000 1.00000000 
26.47500000 1.00000000 
26.52500000 1.00000000 
26.57500000 1.00000000 
26.62500000 1.00000000 
26.67500000 1.00000000 
26.72500000 1.00000000 
26.77500000 1.00000000 
26.82500000 1.00000000 
26.87500000 1.00000000 
26.92500000 1.00000000 
26.97500000 1.00000000 
27.02500000 1.00000000 
27.07500000 1.00000000 
27.12500000 1.00000000 
27.17500000 1.00000000 
27.22500000 1.00000000 
27.27500000 1.00000000 
27.32500000 1.00000000 
27.37500000 1.00000000 
27.42500000 1.00000000 
27.47500000 1.00000000 
27.52500000 1.00000000 
27.57500000 1.00000000 
27.62500000 1.00000000 
27.67500000 1.00000000 
27.72500000 1.00000000 
27.77500000 1.00000000 
27.82500000 1.00000000 
27.87500000 1.00000000 
27.92500000 1.00000000 
27.97500000 1.00000000 
28.02500000 1.00000000 
28.07500000 1.00000000 
28.12500000 1.00000000 
28.17500000 1.00000000 
28.22500000 1.00000000 
28.27500000 1.00000000 
28.32500000 1.00000000 
28.37500000 1.00000000 
28.42500000 1.00000000 
28.47500000 1.00000000 
28.52500000 1.00000000 
28.57500000 1.00000000 
28.62500000 1.00000000 
28.67500000 1.00000000 
28.72500000 1.00000000 
28.77500000 1.00000000 
28.82500000 1.00000000 
28.87500000 1.00000000 
28.92500000 1.00000000 
28.97500000 1.00000000 
29.02500000 1.00000000 
29.07500000 1.00000000 
29.12500000 1.00000000 
29.17500000 1.00000000 
29.22500000 1.00000000 
29.27500000 1.00000000 
29.32500000 1.00000000 
29.37500000 1.00000000 
29.42500000 1.00000000 
29.47500000 1.00000000 
29.52500000 1.00000000 
29.57500000 1.00000000 
29.62500000 1.00000000 
29.67500000 1.00000000 
29.72500000 1.00000000 
29.77500000 1.00000000 
29.82500000 1.00000000 
29.87500000 1.00000000 
29.92500000 1.00000000 
29.97500000 1.00000000 
30.02500000 1.00000000 
30.07500000 1.00000000 
30.12500000 1.00000000 
30.17500000 1.00000000 
30.22500000 1.00000000 
30.27500000 1.00000000 
30.32500000 1.00000000 
30.37500000 1.00000000 
30.42500000 1.00000000 
30.47500000 1.00000000 
30.52500000 1.00000000 
30.57500000 1.00000000 
30.62500000 1.00000000 
30.67500000 1.00000000 
30.72500000 1.00000000 
30.77500000 1.00000000 
30.82500000 1.00000000 
30.87500000 1.00000000 
30.92500000 1.00000000 
30.97500000 1.00000000 
31.02500000 1.00000000 
31.07500000 1.00000000 
31.12500000 1.00000000 
31.17500000 1.00000000 
31.22500000 1.00000000 
31.27500000 1.00000000 
31.32500000 1.00000000 
31.37500000 1.00000000 
31.42500000 1.00000000 
31.47500000 1.00000000 
31.52500000 1.00000000 
31.57500000 1.00000000 
31.62500000 1.00000000 
31.67500000 1.00000000 
31.72500000 1.00000000 
31.77500000 1.00000000 
31.82500000 1.00000000 
31.87500000 1.00000000 
31.92500000 1.00000000 
31.97500000 1.00000000 
32.02500000 1.00000000 
32.07500000 1.00000000 
32.12500000 1.00000000 
32.17500000 1.00000000 
32.22500000 1.00000000 
32.27500000 1.00000000 
32.32500000 1.00000000 
32.37500000 1.00000000 
32.42500000 1.00000000 
32.47500000 1.00000000 
32.52500000 1.00000000 
32.57500000 1.00000000 
32.62500000 1.00000000 
32.67500000 1.00000000 
32.72500000 1.00000000 
32.77500000 1.00000000 
32.82500000 1.00000000 
32.87500000 0.99999999 
32.92500000 0.99999999 
32.97500000 0.99999999 
33.02500000 0.99999999 
33.07500000 0.99999999 
33.12500000 0.99999999 
33.17500000 0.99999999 
33.22500000 0.99999999 
33.27500000 0.99999999 
33.32500000 0.99999999 
33.37500000 0.99999999 
33.42500000 0.99999999 
33.47500000 0.99999999 
33.52500000 0.99999999 
33.57500000 0.99999999 
33.62500000 0.99999999 
33.67500000 0.99999999 
33.72500000 0.99999999 
33.77500000 0.99999999 
33.82500000 0.99999999 
33.87500000 0.99999999 
33.92500000 0.99999999 
33.97500000 0.99999999 
34.02500000 0.99999999 
34.07500000 0.99999999 
34.12500000 0.99999999 
34.17500000 0.99999999 
34.22500000 0.99999999 
34.27500000 0.99999999 
34.32500000 0.99999999 
34.37500000 0.99999999 
34.42500000 0.99999999 
34.47500000 0.99999999 
34.52500000 0.99999999 
34.57500000 0.99999999 
34.62500000 0.99999999 
34.67500000 0.99999999 
34.72500000 0.99999999 
34.77500000 0.99999999 
34.82500000 0.99999999 
34.87500000 0.99999999 
34.92500000 0.99999999 
34.97500000 0.99999999 
35.02500000 0.99999999 
35.07500000 0.99999999 
35.12500000 0.99999999 
35.17500000 0.99999999 
35.22500000 0.99999999 
35.27500000 0.99999999 
35.32500000 0.99999999 
35.37500000 0.99999999 
35.42500000 0.99999998 
35.47500000 0.99999998 
35.52500000 0.99999998 
35.57500000 0.99999998 
35.62500000 0.99999998 
35.67500000 0.99999998 
35.72500000 0.99999998 
35.77500000 0.99999998 
35.82500000 0.99999998 
35.87500000 0.99999998 
35.92500000 0.99999998 
35.97500000 0.99999998 
36.02500000 0.99999998 
36.07500000 0.99999998 
36.12500000 0.99999998 
36.17500000 0.99999998 
36.22500000 0.99999998 
36.27500000 0.99999998 
36.32500000 0.99999998 
36.37500000 0.99999998 
36.42500000 0.99999998 
36.47500000 0.99999998 
36.52500000 0.99999998 
36.57500000 0.99999998 
36.62500000 0.99999997 
36.67500000 0.99999997 
36.72500000 0.99999997 
36.77500000 0.99999997 
36.82500000 0.99999997 
36.87500000 0.99999997 
36.92500000 0.99999997 
36.97500000 0.99999997 
37.02500000 0.99999997 
37.07500000 0.99999997 
37.12500000 0.99999997 
37.17500000 0.99999997 
37.22500000 0.99999997 
37.27500000 0.99999997 
37.32500000 0.99999997 
37.37500000 0.99999997 
37.42500000 0.99999996 
37.47500000 0.99999996 
37.52500000 0.99999996 
37.57500000 0.99999996 
37.62500000 0.99999996 
37.67500000 0.99999996 
37.72500000 0.99999996 
37.77500000 0.99999996 
37.82500000 0.99999996 
37.87500000 0.99999996 
37.92500000 0.99999996 
37.97500000 0.99999996 
38.02500000 0.99999995 
38.07500000 0.99999995 
38.12500000 0.99999995 
38.17500000 0.99999995 
38.22500000 0.99999995 
38.27500000 0.99999995 
38.32500000 0.99999995 
38.37500000 0.99999995 
38.42500000 0.99999995 
38.47500000 0.99999995 
38.52500000 0.99999994 
38.57500000 0.99999994 
38.62500000 0.99999994 
38.67500000 0.99999994 
38.72500000 0.99999994 
38.77500000 0.99999994 
38.82500000 0.99999994 
38.87500000 0.99999994 
38.92500000 0.99999993 
38.97500000 0.99999993 
39.02500000 0.99999993 
39.07500000 0.99999993 
39.12500000 0.99999993 
39.17500000 0.99999993 
39.22500000 0.99999992 
39.27500000 0.99999992 
39.32500000 0.99999992 
39.37500000 0.99999992 
39.42500000 0.99999992 
39.47500000 0.99999992 
39.52500000 0.99999991 
39.57500000 0.99999991 
39.62500000 0.99999991 
39.67500000 0.99999991 
39.72500000 0.99999991 
39.77500000 0.99999991 
39.82500000 0.99999990 
39.87500000 0.99999990 
39.92500000 0.99999990 
39.97500000 0.99999990 
40.02500000 0.99999989 
40.07500000 0.99999989 
40.12500000 0.99999989 
40.17500000 0.99999989 
40.22500000 0.99999989 
40.27500000 0.99999988 
40.32500000 0.99999988 
40.37500000 0.99999988 
40.42500000 0.99999988 
40.47500000 0.99999987 
40.52500000 0.99999987 
40.57500000 0.99999987 
40.62500000 0.99999986 
40.67500000 0.99999986 
40.72500000 0.99999986 
40.77500000 0.99999986 
40.82500000 0.99999985 
40.87500000 0.99999985 
40.92500000 0.99999985 
40.97500000 0.99999984 
41.02500000 0.99999984 
41.07500000 0.99999984 
41.12500000 0.99999983 
41.17500000 0.99999983 
41.22500000 0.99999982 
41.27500000 0.99999982 
41.32500000 0.99999982 
41.37500000 0.99999981 
41.42500000 0.99999981 
41.47500000 0.99999981 
41.52500000 0.99999980 
41.57500000 0.99999980 
41.62500000 0.99999979 
41.67500000 0.99999979 
41.72500000 0.99999978 
41.77500000 0.99999978 
41.82500000 0.99999977 
41.87500000 0.99999977 
41.92500000 0.99999976 
41.97500000 0.99999976 
42.02500000 0.99999975 
42.07500000 0.99999975 
42.12500000 0.99999974 
42.17500000 0.99999974 
42.22500000 0.99999973 
42.27500000 0.99999973 
42.32500000 0.99999972 
42.37500000 0.99999972 
42.42500000 0.99999971 
42.47500000 0.99999970 
42.52500000 0.99999970 
42.57500000 0.99999969 
42.62500000 0.99999968 
42.67500000 0.99999968 
42.72500000 0.99999967 
42.77500000 0.99999966 
42.82500000 0.99999966 
42.87500000 0.99999965 
42.92500000 0.99999964 
42.97500000 0.99999963 
43.02500000 0.99999963 
43.07500000 0.99999962 
43.12500000 0.99999961 
43.17500000 0.99999960 
43.22500000 0.99999959 
43.27500000 0.99999958 
43.32500000 0.99999957 
43.37500000 0.99999957 
43.42500000 0.99999956 
43.47500000 0.99999955 
43.52500000 0.99999954 
43.57500000 0.99999953 
43.62500000 0.99999952 
43.67500000 0.99999951 
43.72500000 0.99999950 
43.77500000 0.99999949 
43.82500000 0.99999947 
43.87500000 0.99999946 
43.92500000 0.99999945 
43.97500000 0.99999944 
44.02500000 0.99999943 
44.07500000 0.99999942 
44.12500000 0.99999940 
44.17500000 0.99999939 
44.22500000 0.99999938 
44.27500000 0.99999936 
44.32500000 0.99999935 
44.37500000 0.99999934 
44.42500000 0.99999932 
44.47500000 0.99999931 
44.52500000 0.99999929 
44.57500000 0.99999928 
44.62500000 0.99999926 
44.67500000 0.99999925 
44.72500000 0.99999923 
44.77500000 0.99999921 
44.82500000 0.99999920 
44.87500000 0.99999918 
44.92500000 0.99999916 
44.97500000 0.99999915 
45.02500000 0.99999913 
45.07500000 0.99999911 
45.12500000 0.99999909 
45.17500000 0.99999907 
45.22500000 0.99999905 
45.27500000 0.99999903 
45.32500000 0.99999901 
45.37500000 0.99999899 
45.42500000 0.99999897 
45.47500000 0.99999894 
45.52500000 0.99999892 
45.57500000 0.99999890 
45.62500000 0.99999888 
45.67500000 0.99999885 
45.72500000 0.99999883 
45.77500000 0.99999880 
45.82500000 0.99999878 
45.87500000 0.99999875 
45.92500000 0.99999872 
45.97500000 0.99999870 
46.02500000 0.99999867 
46.07500000 0.99999864 
46.12500000 0.99999861 
46.17500000 0.99999858 
46.22500000 0.99999855 
46.27500000 0.99999852 
46.32500000 0.99999849 
46.37500000 0.99999846 
46.42500000 0.99999842 
46.47500000 0.99999839 
46.52500000 0.99999836 
46.57500000 0.99999832 
46.62500000 0.99999828 
46.67500000 0.99999825 
46.72500000 0.99999821 
46.77500000 0.99999817 
46.82500000 0.99999813 
46.87500000 0.99999809 
46.92500000 0.99999805 
46.97500000 0.99999801 
47.02500000 0.99999797 
47.07500000 0.99999793 
47.12500000 0.99999788 
47.17500000 0.99999784 
47.22500000 0.99999779 
47.27500000 0.99999774 
47.32500000 0.99999770 
47.37500000 0.99999765 
47.42500000 0.99999760 
47.47500000 0.99999754 
47.52500000 0.99999749 
47.57500000 0.99999744 
47.62500000 0.99999738 
47.67500000 0.99999733 
47.72500000 0.99999727 
47.77500000 0.99999721 
47.82500000 0.99999715 
47.87500000 0.99999709 
47.92500000 0.99999703 
47.97500000 0.99999697 
48.02500000 0.99999690 
48.07500000 0.99999684 
48.12500000 0.99999677 
48.17500000 0.99999670 
48.22500000 0.99999663 
48.27500000 0.99999656 
48.32500000 0.99999649 
48.37500000 0.99999641 
48.42500000 0.99999633 
48.47500000 0.99999626 
48.52500000 0.99999618 
48.57500000 0.99999609 
48.62500000 0.99999601 
48.67500000 0.99999593 
48.72500000 0.99999584 
48.77500000 0.99999575 
48.82500000 0.99999566 
48.87500000 0.99999557 
48.92500000 0.99999547 
48.97500000 0.99999538 
49.02500000 0.99999528 
49.07500000 0.99999518 
49.12500000 0.99999507 
49.17500000 0.99999497 
49.22500000 0.99999486 
49.27500000 0.99999475 
49.32500000 0.99999464 
49.37500000 0.99999453 
49.42500000 0.99999441 
49.47500000 0.99999429 
49.52500000 0.99999417 
49.57500000 0.99999404 
49.62500000 0.99999392 
49.67500000 0.99999379 
49.72500000 0.99999365 
49.77500000 0.99999352 
49.82500000 0.99999338 
49.87500000 0.99999324 
49.92500000 0.99999310 
49.97500000 0.99999295 
50.02500000 0.99999280 
50.07500000 0.99999264 
50.12500000 0.99999249 
50.17500000 0.99999233 
50.22500000 0.99999216 
50.27500000 0.99999200 
50.32500000 0.99999183 
50.37500000 0.99999165 
50.42500000 0.99999147 
50.47500000 0.99999129 
50.52500000 0.99999111 
50.57500000 0.99999092 
50.62500000 0.99999072 
50.67500000 0.99999053 
50.72500000 0.99999032 
50.77500000 0.99999012 
50.82500000 0.99998991 
50.87500000 0.99998969 
50.92500000 0.99998947 
50.97500000 0.99998925 
51.02500000 0.99998902 
51.07500000 0.99998878 
51.12500000 0.99998855 
51.17500000 0.99998830 
51.22500000 0.99998805 
51.27500000 0.99998780 
51.32500000 0.99998754 
51.37500000 0.99998727 
51.42500000 0.99998700 
51.47500000 0.99998672 
51.52500000 0.99998644 
51.57500000 0.99998615 
51.62500000 0.99998586 
51.67500000 0.99998556 
51.72500000 0.99998525 
51.77500000 0.99998493 
51.82500000 0.99998461 
51.87500000 0.99998428 
51.92500000 0.99998395 
51.97500000 0.99998361 
52.02500000 0.99998326 
52.07500000 0.99998290 
52.12500000 0.99998254 
52.17500000 0.99998216 
52.22500000 0.99998178 
52.27500000 0.99998140 
52.32500000 0.99998100 
52.37500000 0.99998060 
52.42500000 0.99998018 
52.47500000 0.99997976 
52.52500000 0.99997933 
52.57500000 0.99997889 
52.62500000 0.99997844 
52.67500000 0.99997798 
52.72500000 0.99997751 
52.77500000 0.99997703 
52.82500000 0.99997654 
52.87500000 0.99997604 
52.92500000 0.99997553 
52.97500000 0.99997501 
53.02500000 0.99997448 
53.07500000 0.99997393 
53.12500000 0.99997338 
53.17500000 0.99997281 
53.22500000 0.99997223 
53.27500000 0.99997164 
53.32500000 0.99997104 
53.37500000 0.99997042 
53.42500000 0.99996979 
53.47500000 0.99996915 
53.52500000 0.99996849 
53.57500000 0.99996782 
53.62500000 0.99996713 
53.67500000 0.99996643 
53.72500000 0.99996572 
53.77500000 0.99996499 
53.82500000 0.99996424 
53.87500000 0.99996348 
53.92500000 0.99996270 
53.97500000 0.99996191 
54.02500000 0.99996110 
54.07500000 0.99996027 
54.12500000 0.99995942 
54.17500000 0.99995856 
54.22500000 0.99995767 
54.27500000 0.99995677 
54.32500000 0.99995585 
54.37500000 0.99995491 
54.42500000 0.99995395 
54.47500000 0.99995297 
54.52500000 0.99995197 
54.57500000 0.99995095 
54.62500000 0.99994990 
54.67500000 0.99994884 
54.72500000 0.99994775 
54.77500000 0.99994663 
54.82500000 0.99994550 
54.87500000 0.99994434 
54.92500000 0.99994315 
54.97500000 0.99994194 
55.02500000 0.99994070 
55.07500000 0.99993944 
55.12500000 0.99993815 
55.17500000 0.99993683 
55.22500000 0.99993549 
55.27500000 0.99993412 
55.32500000 0.99993271 
55.37500000 0.99993128 
55.42500000 0.99992982 
55.47500000 0.99992832 
55.52500000 0.99992680 
55.57500000 0.99992524 
55.62500000 0.99992365 
55.67500000 0.99992202 
55.72500000 0.99992036 
55.77500000 0.99991867 
55.82500000 0.99991693 
55.87500000 0.99991517 
55.92500000 0.99991336 
55.97500000 0.99991151 
56.02500000 0.99990963 
56.07500000 0.99990771 
56.12500000 0.99990574 
56.17500000 0.99990374 
56.22500000 0.99990169 
56.27500000 0.99989959 
56.32500000 0.99989746 
56.37500000 0.99989527 
56.42500000 0.99989304 
56.47500000 0.99989077 
56.52500000 0.99988844 
56.57500000 0.99988607 
56.62500000 0.99988364 
56.67500000 0.99988117 
56.72500000 0.99987864 
56.77500000 0.99987605 
56.82500000 0.99987341 
56.87500000 0.99987072 
56.92500000 0.99986797 
56.97500000 0.99986516 
57.02500000 0.99986229 
57.07500000 0.99985936 
57.12500000 0.99985636 
57.17500000 0.99985331 
57.22500000 0.99985018 
57.27500000 0.99984700 
57.32500000 0.99984374 
57.37500000 0.99984041 
57.42500000 0.99983702 
57.47500000 0.99983355 
57.52500000 0.99983001 
57.57500000 0.99982639 
57.62500000 0.99982269 
57.67500000 0.99981892 
57.72500000 0.99981507 
57.77500000 0.99981113 
57.82500000 0.99980711 
57.87500000 0.99980301 
57.92500000 0.99979882 
57.97500000 0.99979453 
58.02500000 0.99979016 
58.07500000 0.99978570 
58.12500000 0.99978114 
58.17500000 0.99977648 
58.22500000 0.99977172 
58.27500000 0.99976687 
58.32500000 0.99976191 
58.37500000 0.99975684 
58.42500000 0.99975167 
58.47500000 0.99974638 
58.52500000 0.99974099 
58.57500000 0.99973548 
58.62500000 0.99972985 
58.67500000 0.99972410 
58.72500000 0.99971823 
58.77500000 0.99971224 
58.82500000 0.99970611 
58.87500000 0.99969986 
58.92500000 0.99969348 
58.97500000 0.99968696 
59.02500000 0.99968030 
59.07500000 0.99967350 
59.12500000 0.99966655 
59.17500000 0.99965946 
59.22500000 0.99965221 
59.27500000 0.99964481 
59.32500000 0.99963726 
59.37500000 0.99962954 
59.42500000 0.99962166 
59.47500000 0.99961362 
59.52500000 0.99960540 
59.57500000 0.99959700 
59.62500000 0.99958843 
59.67500000 0.99957968 
59.72500000 0.99957074 
59.77500000 0.99956161 
59.82500000 0.99955229 
59.87500000 0.99954276 
59.92500000 0.99953304 
59.97500000 0.99952311 
60.02500000 0.99951297 
60.07500000 0.99950261 
60.12500000 0.99949203 
60.17500000 0.99948123 
60.22500000 0.99947020 
60.27500000 0.99945893 
60.32500000 0.99944742 
60.37500000 0.99943567 
60.42500000 0.99942367 
60.47500000 0.99941142 
60.52500000 0.99939891 
60.57500000 0.99938612 
60.62500000 0.99937307 
60.67500000 0.99935974 
60.72500000 0.99934613 
60.77500000 0.99933223 
60.82500000 0.99931803 
60.87500000 0.99930353 
60.92500000 0.99928872 
60.97500000 0.99927360 
61.02500000 0.99925816 
61.07500000 0.99924239 
61.12500000 0.99922628 
61.17500000 0.99920984 
61.22500000 0.99919304 
61.27500000 0.99917589 
61.32500000 0.99915837 
61.37500000 0.99914048 
61.42500000 0.99912221 
61.47500000 0.99910355 
61.52500000 0.99908450 
61.57500000 0.99906504 
61.62500000 0.99904517 
61.67500000 0.99902487 
61.72500000 0.99900415 
61.77500000 0.99898299 
61.82500000 0.99896137 
61.87500000 0.99893930 
61.92500000 0.99891676 
61.97500000 0.99889374 
62.02500000 0.99887024 
62.07500000 0.99884623 
62.12500000 0.99882171 
62.17500000 0.99879668 
62.22500000 0.99877111 
62.27500000 0.99874500 
62.32500000 0.99871834 
62.37500000 0.99869111 
62.42500000 0.99866330 
62.47500000 0.99863491 
62.52500000 0.99860591 
62.57500000 0.99857629 
62.62500000 0.99854605 
62.67500000 0.99851517 
62.72500000 0.99848363 
62.77500000 0.99845142 
62.82500000 0.99841853 
62.87500000 0.99838494 
62.92500000 0.99835064 
62.97500000 0.99831561 
63.02500000 0.99827984 
63.07500000 0.99824331 
63.12500000 0.99820601 
63.17500000 0.99816791 
63.22500000 0.99812901 
63.27500000 0.99808929 
63.32500000 0.99804872 
63.37500000 0.99800729 
63.42500000 0.99796499 
63.47500000 0.99792178 
63.52500000 0.99787767 
63.57500000 0.99783262 
63.62500000 0.99778661 
63.67500000 0.99773963 
63.72500000 0.99769165 
63.77500000 0.99764266 
63.82500000 0.99759263 
63.87500000 0.99754154 
63.92500000 0.99748937 
63.97500000 0.99743610 
64.02500000 0.99738169 
64.07500000 0.99732614 
64.12500000 0.99726941 
64.17500000 0.99721148 
64.22500000 0.99715232 
64.27500000 0.99709191 
64.32500000 0.99703022 
64.37500000 0.99696723 
64.42500000 0.99690291 
64.47500000 0.99683722 
64.52500000 0.99677015 
64.57500000 0.99670165 
64.62500000 0.99663171 
64.67500000 0.99656029 
64.72500000 0.99648736 
64.77500000 0.99641289 
64.82500000 0.99633685 
64.87500000 0.99625919 
64.92500000 0.99617990 
64.97500000 0.99609893 
65.02500000 0.99601625 
65.07500000 0.99593183 
65.12500000 0.99584562 
65.17500000 0.99575759 
65.22500000 0.99566770 
65.27500000 0.99557592 
65.32500000 0.99548220 
65.37500000 0.99538650 
65.42500000 0.99528878 
65.47500000 0.99518900 
65.52500000 0.99508711 
65.57500000 0.99498308 
65.62500000 0.99487685 
65.67500000 0.99476838 
65.72500000 0.99465763 
65.77500000 0.99454454 
65.82500000 0.99442907 
65.87500000 0.99431116 
65.92500000 0.99419078 
65.97500000 0.99406785 
66.02500000 0.99394234 
66.07500000 0.99381419 
66.12500000 0.99368333 
66.17500000 0.99354973 
66.22500000 0.99341331 
66.27500000 0.99327403 
66.32500000 0.99313181 
66.37500000 0.99298661 
66.42500000 0.99283835 
66.47500000 0.99268698 
66.52500000 0.99253242 
66.57500000 0.99237462 
66.62500000 0.99221351 
66.67500000 0.99204901 
66.72500000 0.99188106 
66.77500000 0.99170959 
66.82500000 0.99153451 
66.87500000 0.99135577 
66.92500000 0.99117328 
66.97500000 0.99098696 
67.02500000 0.99079674 
67.07500000 0.99060254 
67.12500000 0.99040426 
67.17500000 0.99020184 
67.22500000 0.98999518 
67.27500000 0.98978419 
67.32500000 0.98956879 
67.37500000 0.98934889 
67.42500000 0.98912439 
67.47500000 0.98889521 
67.52500000 0.98866123 
67.57500000 0.98842237 
67.62500000 0.98817852 
67.67500000 0.98792959 
67.72500000 0.98767546 
67.77500000 0.98741604 
67.82500000 0.98715121 
67.87500000 0.98688086 
67.92500000 0.98660489 
67.97500000 0.98632317 
68.02500000 0.98603559 
68.07500000 0.98574203 
68.12500000 0.98544236 
68.17500000 0.98513648 
68.22500000 0.98482424 
68.27500000 0.98450552 
68.32500000 0.98418019 
68.37500000 0.98384811 
68.42500000 0.98350915 
68.47500000 0.98316318 
68.52500000 0.98281003 
68.57500000 0.98244959 
68.62500000 0.98208169 
68.67500000 0.98170618 
68.72500000 0.98132293 
68.77500000 0.98093176 
68.82500000 0.98053252 
68.87500000 0.98012505 
68.92500000 0.97970918 
68.97500000 0.97928476 
69.02500000 0.97885160 
69.07500000 0.97840953 
69.12500000 0.97795838 
69.17500000 0.97749797 
69.22500000 0.97702811 
69.27500000 0.97654862 
69.32500000 0.97605931 
69.37500000 0.97555998 
69.42500000 0.97505043 
69.47500000 0.97453047 
69.52500000 0.97399990 
69.57500000 0.97345850 
69.62500000 0.97290606 
69.67500000 0.97234236 
69.72500000 0.97176720 
69.77500000 0.97118034 
69.82500000 0.97058156 
69.87500000 0.96997064 
69.92500000 0.96934732 
69.97500000 0.96871138 
70.02500000 0.96806258 
70.07500000 0.96740066 
70.12500000 0.96672538 
70.17500000 0.96603648 
70.22500000 0.96533370 
70.27500000 0.96461677 
70.32500000 0.96388544 
70.37500000 0.96313943 
70.42500000 0.96237846 
70.47500000 0.96160224 
70.52500000 0.96081051 
70.57500000 0.96000295 
70.62500000 0.95917929 
70.67500000 0.95833922 
70.72500000 0.95748243 
70.77500000 0.95660862 
70.82500000 0.95571748 
70.87500000 0.95480868 
70.92500000 0.95388191 
70.97500000 0.95293683 
71.02500000 0.95197312 
71.07500000 0.95099043 
71.12500000 0.94998843 
71.17500000 0.94896677 
71.22500000 0.94792509 
71.27500000 0.94686304 
71.32500000 0.94578026 
71.37500000 0.94467638 
71.42500000 0.94355103 
71.47500000 0.94240383 
71.52500000 0.94123441 
71.57500000 0.94004238 
71.62500000 0.93882734 
71.67500000 0.93758890 
71.72500000 0.93632667 
71.77500000 0.93504023 
71.82500000 0.93372918 
71.87500000 0.93239310 
71.92500000 0.93103157 
71.97500000 0.92964418 
72.02500000 0.92823048 
72.07500000 0.92679005 
72.12500000 0.92532246 
72.17500000 0.92382725 
72.22500000 0.92230399 
72.27500000 0.92075223 
72.32500000 0.91917150 
72.37500000 0.91756136 
72.42500000 0.91592135 
72.47500000 0.91425098 
72.52500000 0.91254981 
72.57500000 0.91081736 
72.62500000 0.90905314 
72.67500000 0.90725669 
72.72500000 0.90542752 
72.77500000 0.90356514 
72.82500000 0.90166907 
72.87500000 0.89973883 
72.92500000 0.89777391 
72.97500000 0.89577382 
73.02500000 0.89373808 
73.07500000 0.89166617 
73.12500000 0.88955762 
73.17500000 0.88741190 
73.22500000 0.88522854 
73.27500000 0.88300702 
73.32500000 0.88074684 
73.37500000 0.87844751 
73.42500000 0.87610852 
73.47500000 0.87372939 
73.52500000 0.87130960 
73.57500000 0.86884866 
73.62500000 0.86634609 
73.67500000 0.86380138 
73.72500000 0.86121405 
73.77500000 0.85858362 
73.82500000 0.85590960 
73.87500000 0.85319152 
73.92500000 0.85042889 
73.97500000 0.84762127 
74.02500000 0.84476817 
74.07500000 0.84186915 
74.12500000 0.83892376 
74.17500000 0.83593155 
74.22500000 0.83289209 
74.27500000 0.82980496 
74.32500000 0.82666974 
74.37500000 0.82348602 
74.42500000 0.82025340 
74.47500000 0.81697149 
74.52500000 0.81363994 
74.57500000 0.81025836 
74.62500000 0.80682641 
74.67500000 0.80334376 
74.72500000 0.79981009 
74.77500000 0.79622508 
74.82500000 0.79258845 
74.87500000 0.78889992 
74.92500000 0.78515925 
74.97500000 0.78136618 
75.02500000 0.77752049 
75.07500000 0.77362200 
75.12500000 0.76967052 
75.17500000 0.76566589 
75.22500000 0.76160797 
75.27500000 0.75749665 
75.32500000 0.75333185 
75.37500000 0.74911349 
75.42500000 0.74484154 
75.47500000 0.74051599 
75.52500000 0.73613684 
75.57500000 0.73170414 
75.62500000 0.72721795 
75.67500000 0.72267839 
75.72500000 0.71808557 
75.77500000 0.71343965 
75.82500000 0.70874083 
75.87500000 0.70398934 
75.92500000 0.69918542 
75.97500000 0.69432938 
76.02500000 0.68942153 
76.07500000 0.68446225 
76.12500000 0.67945192 
76.17500000 0.67439098 
76.22500000 0.66927990 
76.27500000 0.66411919 
76.32500000 0.65890940 
76.37500000 0.65365111 
76.42500000 0.64834496 
76.47500000 0.64299159 
76.52500000 0.63759173 
76.57500000 0.63214610 
76.62500000 0.62665551 
76.67500000 0.62112078 
76.72500000 0.61554277 
76.77500000 0.60992239 
76.82500000 0.60426059 
76.87500000 0.59855837 
76.92500000 0.59281676 
76.97500000 0.58703683 
77.02500000 0.58121969 
77.07500000 0.57536651 
77.12500000 0.56947848 
77.17500000 0.56355682 
77.22500000 0.55760283 
77.27500000 0.55161781 
77.32500000 0.54560312 
77.37500000 0.53956015 
77.42500000 0.53349033 
77.47500000 0.52739511 
77.52500000 0.52127601 
77.57500000 0.51513455 
77.62500000 0.50897230 
77.67500000 0.50279087 
77.72500000 0.49659188 
77.77500000 0.49037700 
77.82500000 0.48414791 
77.87500000 0.47790634 
77.92500000 0.47165402 
77.97500000 0.46539272 
78.02500000 0.45912423 
78.07500000 0.45285037 
78.12500000 0.44657295 
78.17500000 0.44029384 
78.22500000 0.43401488 
78.27500000 0.42773796 
78.32500000 0.42146497 
78.37500000 0.41519780 
78.42500000 0.40893835 
78.47500000 0.40268854 
78.52500000 0.39645029 
78.57500000 0.39022550 
78.62500000 0.38401610 
78.67500000 0.37782399 
78.72500000 0.37165108 
78.77500000 0.36549928 
78.82500000 0.35937046 
78.87500000 0.35326651 
78.92500000 0.34718929 
78.97500000 0.34114065 
79.02500000 0.33512242 
79.07500000 0.32913640 
79.12500000 0.32318438 
79.17500000 0.31726812 
79.22500000 0.31138935 
79.27500000 0.30554978 
79.32500000 0.29975107 
79.37500000 0.29399488 
79.42500000 0.28828279 
79.47500000 0.28261639 
79.52500000 0.27699719 
79.57500000 0.27142669 
79.62500000 0.26590634 
79.67500000 0.26043753 
79.72500000 0.25502162 
79.77500000 0.24965993 
79.82500000 0.24435372 
79.87500000 0.23910420 
79.92500000 0.23391254 
79.97500000 0.22877984 
80.02500000 0.22370718 
80.07500000 0.21869556 
80.12500000 0.21374593 
80.17500000 0.20885919 
80.22500000 0.20403618 
80.27500000 0.19927771 
80.32500000 0.19458449 
80.37500000 0.18995721 
80.42500000 0.18539649 
80.47500000 0.18090289 
80.52500000 0.17647693 
80.57500000 0.17211905 
80.62500000 0.16782966 
80.67500000 0.16360910 
80.72500000 0.15945764 
80.77500000 0.15537554 
80.82500000 0.15136295 
80.87500000 0.14742002 
80.92500000 0.14354682 
80.97500000 0.13974336 
81.02500000 0.13600961 
81.07500000 0.13234551 
81.12500000 0.12875092 
81.17500000 0.12522567 
81.22500000 0.12176954 
81.27500000 0.11838226 
81.32500000 0.11506353 
81.37500000 0.11181299 
81.42500000 0.10863025 
81.47500000 0.10551488 
81.52500000 0.10246641 
81.57500000 0.09948432 
81.62500000 0.09656809 
81.67500000 0.09371714 
81.72500000 0.09093085 
81.77500000 0.08820859 
81.82500000 0.08554968 
81.87500000 0.08295344 
81.92500000 0.08041915 
81.97500000 0.07794605 
82.02500000 0.07553339 
82.07500000 0.07318036 
82.12500000 0.07088616 
82.17500000 0.06864997 
82.22500000 0.06647093 
82.27500000 0.06434819 
82.32500000 0.06228088 
82.37500000 0.06026810 
82.42500000 0.05830896 
82.47500000 0.05640256 
82.52500000 0.05454797 
82.57500000 0.05274427 
82.62500000 0.05099055 
82.67500000 0.04928585 
82.72500000 0.04762925 
82.77500000 0.04601981 
82.82500000 0.04445658 
82.87500000 0.04293864 
82.92500000 0.04146503 
82.97500000 0.04003482 
83.02500000 0.03864708 
83.07500000 0.03730087 
83.12500000 0.03599528 
83.17500000 0.03472938 
83.22500000 0.03350225 
83.27500000 0.03231298 
83.32500000 0.03116069 
83.37500000 0.03004448 
83.42500000 0.02896346 
83.47500000 0.02791676 
83.52500000 0.02690352 
83.57500000 0.02592289 
83.62500000 0.02497402 
83.67500000 0.02405609 
83.72500000 0.02316828 
83.77500000 0.02230978 
83.82500000 0.02147980 
83.87500000 0.02067755 
83.92500000 0.01990228 
83.97500000 0.01915322 
84.02500000 0.01842963 
84.07500000 0.01773079 
84.12500000 0.01705598 
84.17500000 0.01640451 
84.22500000 0.01577568 
84.27500000 0.01516882 
84.32500000 0.01458328 
84.37500000 0.01401842 
84.42500000 0.01347360 
84.47500000 0.01294820 
84.52500000 0.01244163 
84.57500000 0.01195330 
84.62500000 0.01148263 
84.67500000 0.01102906 
84.72500000 0.01059205 
84.77500000 0.01017106 
84.82500000 0.00976558 
84.87500000 0.00937509 
84.92500000 0.00899911 
84.97500000 0.00863715 
85.02500000 0.00828874 
85.07500000 0.00795344 
85.12500000 0.00763080 
85.17500000 0.00732038 
85.22500000 0.00702178 
85.27500000 0.00673458 
85.32500000 0.00645839 
85.37500000 0.00619283 
85.42500000 0.00593753 
85.47500000 0.00569212 
85.52500000 0.00545626 
85.57500000 0.00522960 
85.62500000 0.00501182 
85.67500000 0.00480260 
85.72500000 0.00460162 
85.77500000 0.00440860 
85.82500000 0.00422323 
85.87500000 0.00404525 
85.92500000 0.00387437 
85.97500000 0.00371034 
86.02500000 0.00355290 
86.07500000 0.00340181 
86.12500000 0.00325682 
86.17500000 0.00311771 
86.22500000 0.00298425 
86.27500000 0.00285624 
86.32500000 0.00273346 
86.37500000 0.00261571 
86.42500000 0.00250280 
86.47500000 0.00239455 
86.52500000 0.00229077 
86.57500000 0.00219130 
86.62500000 0.00209595 
86.67500000 0.00200458 
86.72500000 0.00191702 
86.77500000 0.00183313 
86.82500000 0.00175275 
86.87500000 0.00167576 
86.92500000 0.00160201 
86.97500000 0.00153139 
87.02500000 0.00146375 
87.07500000 0.00139898 
87.12500000 0.00133697 
87.17500000 0.00127761 
87.22500000 0.00122078 
87.27500000 0.00116639 
87.32500000 0.00111433 
87.37500000 0.00106451 
87.42500000 0.00101684 
87.47500000 0.00097123 
87.52500000 0.00092759 
87.57500000 0.00088585 
87.62500000 0.00084592 
87.67500000 0.00080773 
87.72500000 0.00077121 
87.77500000 0.00073628 
87.82500000 0.00070289 
87.87500000 0.00067096 
87.92500000 0.00064043 
87.97500000 0.00061125 
88.02500000 0.00058336 
88.07500000 0.00055670 
88.12500000 0.00053122 
88.17500000 0.00050687 
88.22500000 0.00048361 
88.27500000 0.00046138 
88.32500000 0.00044014 
88.37500000 0.00041985 
88.42500000 0.00040047 
88.47500000 0.00038196 
88.52500000 0.00036428 
88.57500000 0.00034739 
88.62500000 0.00033127 
88.67500000 0.00031588 
88.72500000 0.00030118 
88.77500000 0.00028714 
88.82500000 0.00027374 
88.87500000 0.00026095 
88.92500000 0.00024875 
88.97500000 0.00023710 
89.02500000 0.00022598 
89.07500000 0.00021536 
89.12500000 0.00020524 
89.17500000 0.00019558 
89.22500000 0.00018636 
89.27500000 0.00017756 
89.32500000 0.00016917 
89.37500000 0.00016117 
89.42500000 0.00015354 
89.47500000 0.00014626 
89.52500000 0.00013931 
89.57500000 0.00013269 
89.62500000 0.00012638 
89.67500000 0.00012036 
89.72500000 0.00011461 
89.77500000 0.00010914 
89.82500000 0.00010392 
89.87500000 0.00009895 
89.92500000 0.00009421 
89.97500000 0.00008969 
90.02500000 0.00008538 
90.07500000 0.00008128 
90.12500000 0.00007737 
90.17500000 0.00007364 
90.22500000 0.00007009 
90.27500000 0.00006670 
90.32500000 0.00006348 
90.37500000 0.00006041 
90.42500000 0.00005748 
90.47500000 0.00005469 
90.52500000 0.00005204 
90.57500000 0.00004951 
90.62500000 0.00004710 
90.67500000 0.00004481 
90.72500000 0.00004262 
90.77500000 0.00004055 
90.82500000 0.00003856 
90.87500000 0.00003668 
90.92500000 0.00003488 
90.97500000 0.00003318 
91.02500000 0.00003155 
91.07500000 0.00003000 
91.12500000 0.00002853 
91.17500000 0.00002712 
91.22500000 0.00002579 
91.27500000 0.00002452 
91.32500000 0.00002331 
91.37500000 0.00002216 
91.42500000 0.00002106 
91.47500000 0.00002002 
91.52500000 0.00001903 
91.57500000 0.00001809 
91.62500000 0.00001719 
91.67500000 0.00001634 
91.72500000 0.00001552 
91.77500000 0.00001475 
91.82500000 0.00001402 
91.87500000 0.00001332 
91.92500000 0.00001265 
91.97500000 0.00001202 
92.02500000 0.00001142 
92.07500000 0.00001085 
92.12500000 0.00001031 
92.17500000 0.00000979 
92.22500000 0.00000930 
92.27500000 0.00000883 
92.32500000 0.00000839 
92.37500000 0.00000797 
92.42500000 0.00000757 
92.47500000 0.00000719 
92.52500000 0.00000682 
92.57500000 0.00000648 
92.62500000 0.00000615 
92.67500000 0.00000584 
92.72500000 0.00000555 
92.77500000 0.00000526 
92.82500000 0.00000500 
92.87500000 0.00000474 
92.92500000 0.00000450 
92.97500000 0.00000427 
93.02500000 0.00000406 
93.07500000 0.00000385 
93.12500000 0.00000365 
93.17500000 0.00000347 
93.22500000 0.00000329 
93.27500000 0.00000312 
93.32500000 0.00000296 
93.37500000 0.00000281 
93.42500000 0.00000267 
93.47500000 0.00000253 
93.52500000 0.00000240 
93.57500000 0.00000228 
93.62500000 0.00000216 
93.67500000 0.00000205 
93.72500000 0.00000195 
93.77500000 0.00000185 
93.82500000 0.00000175 
93.87500000 0.00000166 
93.92500000 0.00000157 
93.97500000 0.00000149 
94.02500000 0.00000142 
94.07500000 0.00000134 
94.12500000 0.00000127 
94.17500000 0.00000121 
94.22500000 0.00000114 
94.27500000 0.00000109 
94.32500000 0.00000103 
94.37500000 0.00000098 
94.42500000 0.00000092 
94.47500000 0.00000088 
94.52500000 0.00000083 
94.57500000 0.00000079 
94.62500000 0.00000075 
94.67500000 0.00000071 
94.72500000 0.00000067 
94.77500000 0.00000064 
94.82500000 0.00000060 
94.87500000 0.00000057 
94.92500000 0.00000054 
94.97500000 0.00000051 
95.02500000 0.00000049 
95.07500000 0.00000046 
95.12500000 0.00000044 
95.17500000 0.00000041 
95.22500000 0.00000039 
95.27500000 0.00000037 
95.32500000 0.00000035 
95.37500000 0.00000033 
95.42500000 0.00000032 
95.47500000 0.00000030 
95.52500000 0.00000028 
95.57500000 0.00000027 
95.62500000 0.00000025 
95.67500000 0.00000024 
95.72500000 0.00000023 
95.77500000 0.00000022 
95.82500000 0.00000020 
95.87500000 0.00000019 
95.92500000 0.00000018 
95.97500000 0.00000017 
96.02500000 0.00000016 
96.07500000 0.00000016 
96.12500000 0.00000015 
96.17500000 0.00000014 
96.22500000 0.00000013 
96.27500000 0.00000012 
96.32500000 0.00000012 
96.37500000 0.00000011 
96.42500000 0.00000011 
96.47500000 0.00000010 
96.52500000 0.00000009 
96.57500000 0.00000009 
96.62500000 0.00000008 
96.67500000 0.00000008 
96.72500000 0.00000008 
96.77500000 0.00000007 
96.82500000 0.00000007 
96.87500000 0.00000006 
96.92500000 0.00000006 
96.97500000 0.00000006 
97.02500000 0.00000005 
97.07500000 0.00000005 
97.12500000 0.00000005 
97.17500000 0.00000005 
97.22500000 0.00000004 
97.27500000 0.00000004 
97.32500000 0.00000004 
97.37500000 0.00000004 
97.42500000 0.00000003 
97.47500000 0.00000003 
97.52500000 0.00000003 
97.57500000 0.00000003 
97.62500000 0.00000003 
97.67500000 0.00000003 
97.72500000 0.00000002 
97.77500000 0.00000002 
97.82500000 0.00000002 
97.87500000 0.00000002 
97.92500000 0.00000002 
97.97500000 0.00000002 
98.02500000 0.00000002 
98.07500000 0.00000002 
98.12500000 0.00000002 
98.17500000 0.00000002 
98.22500000 0.00000001 
98.27500000 0.00000001 
98.32500000 0.00000001 
98.37500000 0.00000001 
98.42500000 0.00000001 
98.47500000 0.00000001 
98.52500000 0.00000001 
98.57500000 0.00000001 
98.62500000 0.00000001 
98.67500000 0.00000001 
98.72500000 0.00000001 
98.77500000 0.00000001 
98.82500000 0.00000001 
98.87500000 0.00000001 
98.92500000 0.00000001 
98.97500000 0.00000001 
99.02500000 0.00000001 
99.07500000 0.00000001 
99.12500000 0.00000001 
99.17500000 0.00000000 
99.22500000 0.00000000 
99.27500000 0.00000000 
99.32500000 0.00000000 
99.37500000 0.00000000 
99.42500000 0.00000000 
99.47500000 0.00000000 
99.52500000 0.00000000 
99.57500000 0.00000000 
99.62500000 0.00000000 
99.67500000 0.00000000 
99.72500000 0.00000000 
99.77500000 0.00000000 
99.82500000 0.00000000 
99.87500000 0.00000000 
99.92500000 0.00000000 
99.97500000 0.00000000 
100.02500000 0.00000000 
100.07500000 0.00000000 
100.12500000 0.00000000 
100.17500000 0.00000000 
100.22500000 0.00000000 
100.27500000 0.00000000 
100.32500000 0.00000000 
100.37500000 0.00000000 
100.42500000 0.00000000 
100.47500000 0.00000000 
100.52500000 0.00000000 
100.57500000 0.00000000 
100.62500000 0.00000000 
100.67500000 0.00000000 
100.72500000 0.00000000 
100.77500000 0.00000000 
100.82500000 0.00000000 
100.87500000 0.00000000 
100.92500000 0.00000000 
100.97500000 0.00000000 
101.02500000 0.00000000 
101.07500000 0.00000000 
101.12500000 0.00000000 
101.17500000 0.00000000 
101.22500000 0.00000000 
101.27500000 0.00000000 
101.32500000 0.00000000 
101.37500000 0.00000000 
101.42500000 0.00000000 
101.47500000 0.00000000 
101.52500000 0.00000000 
101.57500000 0.00000000 
101.62500000 0.00000000 
101.67500000 0.00000000 
101.72500000 0.00000000 
101.77500000 0.00000000 
101.82500000 0.00000000 
101.87500000 0.00000000 
101.92500000 0.00000000 
101.97500000 0.00000000 
102.02500000 0.00000000 
102.07500000 0.00000000 
102.12500000 0.00000000 
102.17500000 0.00000000 
102.22500000 0.00000000 
102.27500000 0.00000000 
102.32500000 0.00000000 
102.37500000 0.00000000 
102.42500000 0.00000000 
102.47500000 0.00000000 
102.52500000 0.00000000 
102.57500000 0.00000000 
102.62500000 0.00000000 
102.67500000 0.00000000 
102.72500000 0.00000000 
102.77500000 0.00000000 
102.82500000 0.00000000 
102.87500000 0.00000000 
102.92500000 0.00000000 
102.97500000 0.00000000 
103.02500000 0.00000000 
103.07500000 0.00000000 
103.12500000 0.00000000 
103.17500000 0.00000000 
103.22500000 0.00000000 
103.27500000 0.00000000 
103.32500000 0.00000000 
103.37500000 0.00000000 
103.42500000 0.00000000 
103.47500000 0.00000000 
103.52500000 0.00000000 
103.57500000 0.00000000 
103.62500000 0.00000000 
103.67500000 0.00000000 
103.72500000 0.00000000 
103.77500000 0.00000000 
103.82500000 0.00000000 
103.87500000 0.00000000 
103.92500000 0.00000000 
103.97500000 0.00000000 
104.02500000 0.00000000 
104.07500000 0.00000000 
104.12500000 0.00000000 
104.17500000 0.00000000 
104.22500000 0.00000000 
104.27500000 0.00000000 
104.32500000 0.00000000 
104.37500000 0.00000000 
104.42500000 0.00000000 
104.47500000 0.00000000 
104.52500000 0.00000000 
104.57500000 0.00000000 
104.62500000 0.00000000 
104.67500000 0.00000000 
104.72500000 0.00000000 
104.77500000 0.00000000 
104.82500000 0.00000000 
104.87500000 0.00000000 
104.92500000 0.00000000 
104.97500000 0.00000000 
105.02500000 0.00000000 
105.07500000 0.00000000 
105.12500000 0.00000000 
105.17500000 0.00000000 
105.22500000 0.00000000 
105.27500000 0.00000000 
105.32500000 0.00000000 
105.37500000 0.00000000 
105.42500000 0.00000000 
105.47500000 0.00000000 
105.52500000 0.00000000 
105.57500000 0.00000000 
105.62500000 0.00000000 
105.67500000 0.00000000 
105.72500000 0.00000000 
105.77500000 0.00000000 
105.82500000 0.00000000 
105.87500000 0.00000000 
105.92500000 0.00000000 
105.97500000 0.00000000 
106.02500000 0.00000000 
106.07500000 0.00000000 
106.12500000 0.00000000 
106.17500000 0.00000000 
106.22500000 0.00000000 
106.27500000 0.00000000 
106.32500000 0.00000000 
106.37500000 0.00000000 
106.42500000 0.00000000 
106.47500000 0.00000000 
106.52500000 0.00000000 
106.57500000 0.00000000 
106.62500000 0.00000000 
106.67500000 0.00000000 
106.72500000 0.00000000 
106.77500000 0.00000000 
106.82500000 0.00000000 
106.87500000 0.00000000 
106.92500000 0.00000000 
106.97500000 0.00000000 
107.02500000 0.00000000 
107.07500000 0.00000000 
107.12500000 0.00000000 
107.17500000 0.00000000 
107.22500000 0.00000000 
107.27500000 0.00000000 
107.32500000 0.00000000 
107.37500000 0.00000000 
107.42500000 0.00000000 
107.47500000 0.00000000 
107.52500000 0.00000000 
107.57500000 0.00000000 
107.62500000 0.00000000 
107.67500000 0.00000000 
107.72500000 0.00000000 
107.77500000 0.00000000 
107.82500000 0.00000000 
107.87500000 0.00000000 
107.92500000 0.00000000 
107.97500000 0.00000000 
108.02500000 0.00000000 
108.07500000 0.00000000 
108.12500000 0.00000000 
108.17500000 0.00000000 
108.22500000 0.00000000 
108.27500000 0.00000000 
108.32500000 0.00000000 
108.37500000 0.00000000 
108.42500000 0.00000000 
108.47500000 0.00000000 
108.52500000 0.00000000 
108.57500000 0.00000000 
108.62500000 0.00000000 
108.67500000 0.00000000 
108.72500000 0.00000000 
108.77500000 0.00000000 
108.82500000 0.00000000 
108.87500000 0.00000000 
108.92500000 0.00000000 
108.97500000 0.00000000 
109.02500000 0.00000000 
109.07500000 0.00000000 
109.12500000 0.00000000 
109.17500000 0.00000000 
109.22500000 0.00000000 
109.27500000 0.00000000 
109.32500000 0.00000000 
109.37500000 0.00000000 
109.42500000 0.00000000 
109.47500000 0.00000000 
109.52500000 0.00000000 
109.57500000 0.00000000 
109.62500000 0.00000000 
109.67500000 0.00000000 
109.72500000 0.00000000 
109.77500000 0.00000000 
109.82500000 0.00000000 
109.87500000 0.00000000 
109.92500000 0.00000000 
109.97500000 0.00000000 
110.02500000 0.00000000 
110.07500000 0.00000000 
110.12500000 0.00000000 
110.17500000 0.00000000 
110.22500000 0.00000000 
110.27500000 0.00000000 
110.32500000 0.00000000 
110.37500000 0.00000000 
110.42500000 0.00000000 
110.47500000 0.00000000 
110.52500000 0.00000000 
110.57500000 0.00000000 
110.62500000 0.00000000 
110.67500000 0.00000000 
110.72500000 0.00000000 
110.77500000 0.00000000 
110.82500000 0.00000000 
110.87500000 0.00000000 
110.92500000 0.00000000 
110.97500000 0.00000000 
111.02500000 0.00000000 
111.07500000 0.00000000 
111.12500000 0.00000000 
111.17500000 0.00000000 
111.22500000 0.00000000 
111.27500000 0.00000000 
111.32500000 0.00000000 
111.37500000 0.00000000 
111.42500000 0.00000000 
111.47500000 0.00000000 
111.52500000 0.00000000 
111.57500000 0.00000000 
111.62500000 0.00000000 
111.67500000 0.00000000 
111.72500000 0.00000000 
111.77500000 0.00000000 
111.82500000 0.00000000 
111.87500000 0.00000000 
111.92500000 0.00000000 
111.97500000 0.00000000 
112.02500000 0.00000000 
112.07500000 0.00000000 
112.12500000 0.00000000 
112.17500000 0.00000000 
112.22500000 0.00000000 
112.27500000 0.00000000 
112.32500000 0.00000000 
112.37500000 0.00000000 
112.42500000 0.00000000 
112.47500000 0.00000000 
112.52500000 0.00000000 
112.57500000 0.00000000 
112.62500000 0.00000000 
112.67500000 0.00000000 
112.72500000 0.00000000 
112.77500000 0.00000000 
112.82500000 0.00000000 
112.87500000 0.00000000 
112.92500000 0.00000000 
112.97500000 0.00000000 
113.02500000 0.00000000 
113.07500000 0.00000000 
113.12500000 0.00000000 
113.17500000 0.00000000 
113.22500000 0.00000000 
113.27500000 0.00000000 
113.32500000 0.00000000 
113.37500000 0.00000000 
113.42500000 0.00000000 
113.47500000 0.00000000 
113.52500000 0.00000000 
113.57500000 0.00000000 
113.62500000 0.00000000 
113.67500000 0.00000000 
113.72500000 0.00000000 
113.77500000 0.00000000 
113.82500000 0.00000000 
113.87500000 0.00000000 
113.92500000 0.00000000 
113.97500000 0.00000000 
114.02500000 0.00000000 
114.07500000 0.00000000 
114.12500000 0.00000000 
114.17500000 0.00000000 
114.22500000 0.00000000 
114.27500000 0.00000000 
114.32500000 0.00000000 
114.37500000 0.00000000 
114.42500000 0.00000000 
114.47500000 0.00000000 
114.52500000 0.00000000 
114.57500000 0.00000000 
114.62500000 0.00000000 
114.67500000 0.00000000 
114.72500000 0.00000000 
114.77500000 0.00000000 
114.82500000 0.00000000 
114.87500000 0.00000000 
114.92500000 0.00000000 
114.97500000 0.00000000 
115.02500000 0.00000000 
115.07500000 0.00000000 
115.12500000 0.00000000 
115.17500000 0.00000000 
115.22500000 0.00000000 
115.27500000 0.00000000 
115.32500000 0.00000000 
115.37500000 0.00000000 
115.42500000 0.00000000 
115.47500000 0.00000000 
115.52500000 0.00000000 
115.57500000 0.00000000 
115.62500000 0.00000000 
115.67500000 0.00000000 
115.72500000 0.00000000 
115.77500000 0.00000000 
115.82500000 0.00000000 
115.87500000 0.00000000 
115.92500000 0.00000000 
115.97500000 0.00000000 
116.02500000 0.00000000 
116.07500000 0.00000000 
116.12500000 0.00000000 
116.17500000 0.00000000 
116.22500000 0.00000000 
116.27500000 0.00000000 
116.32500000 0.00000000 
116.37500000 0.00000000 
116.42500000 0.00000000 
116.47500000 0.00000000 
116.52500000 0.00000000 
116.57500000 0.00000000 
116.62500000 0.00000000 
116.67500000 0.00000000 
116.72500000 0.00000000 
116.77500000 0.00000000 
116.82500000 0.00000000 
116.87500000 0.00000000 
116.92500000 0.00000000 
116.97500000 0.00000000 
117.02500000 0.00000000 
117.07500000 0.00000000 
117.12500000 0.00000000 
117.17500000 0.00000000 
117.22500000 0.00000000 
117.27500000 0.00000000 
117.32500000 0.00000000 
117.37500000 0.00000000 
117.42500000 0.00000000 
117.47500000 0.00000000 
117.52500000 0.00000000 
117.57500000 0.00000000 
117.62500000 0.00000000 
117.67500000 0.00000000 
117.72500000 0.00000000 
117.77500000 0.00000000 
117.82500000 0.00000000 
117.87500000 0.00000000 
117.92500000 0.00000000 
117.97500000 0.00000000 
118.02500000 0.00000000 
118.07500000 0.00000000 
118.12500000 0.00000000 
118.17500000 0.00000000 
118.22500000 0.00000000 
118.27500000 0.00000000 
118.32500000 0.00000000 
118.37500000 0.00000000 
118.42500000 0.00000000 
118.47500000 0.00000000 
118.52500000 0.00000000 
118.57500000 0.00000000 
118.62500000 0.00000000 
118.67500000 0.00000000 
118.72500000 0.00000000 
118.77500000 0.00000000 
118.82500000 0.00000000 
118.87500000 0.00000000 
118.92500000 0.00000000 
118.97500000 0.00000000 
119.02500000 0.00000000 
119.07500000 0.00000000 
119.12500000 0.00000000 
119.17500000 0.00000000 
119.22500000 0.00000000 
119.27500000 0.00000000 
119.32500000 0.00000000 
119.37500000 0.00000000 
119.42500000 0.00000000 
119.47500000 0.00000000 
119.52500000 0.00000000 
119.57500000 0.00000000 
119.62500000 0.00000000 
119.67500000 0.00000000 
119.72500000 0.00000000 
119.77500000 0.00000000 
119.82500000 0.00000000 
119.87500000 0.00000000 
119.92500000 0.00000000 
119.97500000 0.00000000 
120.02500000 0.00000000 
120.07500000 0.00000000 
120.12500000 0.00000000 
120.17500000 0.00000000 
120.22500000 0.00000000 
120.27500000 0.00000000 
120.32500000 0.00000000 
120.37500000 0.00000000 
120.42500000 0.00000000 
120.47500000 0.00000000 
120.52500000 0.00000000 
120.57500000 0.00000000 
120.62500000 0.00000000 
120.67500000 0.00000000 
120.72500000 0.00000000 
120.77500000 0.00000000 
120.82500000 0.00000000 
120.87500000 0.00000000 
120.92500000 0.00000000 
120.97500000 0.00000000 
121.02500000 0.00000000 
121.07500000 0.00000000 
121.12500000 0.00000000 
121.17500000 0.00000000 
121.22500000 0.00000000 
121.27500000 0.00000000 
121.32500000 0.00000000 
121.37500000 0.00000000 
121.42500000 0.00000000 
121.47500000 0.00000000 
121.52500000 0.00000000 
121.57500000 0.00000000 
121.62500000 0.00000000 
121.67500000 0.00000000 
121.72500000 0.00000000 
121.77500000 0.00000000 
121.82500000 0.00000000 
121.87500000 0.00000000 
121.92500000 0.00000000 
121.97500000 0.00000000 
122.02500000 0.00000000 
122.07500000 0.00000000 
122.12500000 0.00000000 
122.17500000 0.00000000 
122.22500000 0.00000000 
122.27500000 0.00000000 
122.32500000 0.00000000 
122.37500000 0.00000000 
122.42500000 0.00000000 
122.47500000 0.00000000 
122.52500000 0.00000000 
122.57500000 0.00000000 
122.62500000 0.00000000 
122.67500000 0.00000000 
122.72500000 0.00000000 
122.77500000 0.00000000 
122.82500000 0.00000000 
122.87500000 0.00000000 
122.92500000 0.00000000 
122.97500000 0.00000000 
123.02500000 0.00000000 
123.07500000 0.00000000 
123.12500000 0.00000000 
123.17500000 0.00000000 
123.22500000 0.00000000 
123.27500000 0.00000000 
123.32500000 0.00000000 
123.37500000 0.00000000 
123.42500000 0.00000000 
123.47500000 0.00000000 
123.52500000 0.00000000 
123.57500000 0.00000000 
123.62500000 0.00000000 
123.67500000 0.00000000 
123.72500000 0.00000000 
123.77500000 0.00000000 
123.82500000 0.00000000 
123.87500000 0.00000000 
123.92500000 0.00000000 
123.97500000 0.00000000 
124.02500000 0.00000000 
124.07500000 0.00000000 
124.12500000 0.00000000 
124.17500000 0.00000000 
124.22500000 0.00000000 
124.27500000 0.00000000 
124.32500000 0.00000000 
124.37500000 0.00000000 
124.42500000 0.00000000 
124.47500000 0.00000000 
124.52500000 0.00000000 
124.57500000 0.00000000 
124.62500000 0.00000000 
124.67500000 0.00000000 
124.72500000 0.00000000 
124.77500000 0.00000000 
124.82500000 0.00000000 
124.87500000 0.00000000 
124.92500000 0.00000000 
124.97500000 0.00000000 
125.02500000 0.00000000 
125.07500000 0.00000000 
125.12500000 0.00000000 
125.17500000 0.00000000 
125.22500000 0.00000000 
125.27500000 0.00000000 
125.32500000 0.00000000 
125.37500000 0.00000000 
125.42500000 0.00000000 
125.47500000 0.00000000 
125.52500000 0.00000000 
125.57500000 0.00000000 
125.62500000 0.00000000 
125.67500000 0.00000000 
125.72500000 0.00000000 
125.77500000 0.00000000 
125.82500000 0.00000000 
125.87500000 0.00000000 
125.92500000 0.00000000 
125.97500000 0.00000000 
126.02500000 0.00000000 
126.07500000 0.00000000 
126.12500000 0.00000000 
126.17500000 0.00000000 
126.22500000 0.00000000 
126.27500000 0.00000000 
126.32500000 0.00000000 
126.37500000 0.00000000 
126.42500000 0.00000000 
126.47500000 0.00000000 
126.52500000 0.00000000 
126.57500000 0.00000000 
126.62500000 0.00000000 
126.67500000 0.00000000 
126.72500000 0.00000000 
126.77500000 0.00000000 
126.82500000 0.00000000 
126.87500000 0.00000000 
126.92500000 0.00000000 
126.97500000 0.00000000 
127.02500000 0.00000000 
127.07500000 0.00000000 
127.12500000 0.00000000 
127.17500000 0.00000000 
127.22500000 0.00000000 
127.27500000 0.00000000 
127.32500000 0.00000000 
127.37500000 0.00000000 
127.42500000 0.00000000 
127.47500000 0.00000000 
127.52500000 0.00000000 
127.57500000 0.00000000 
127.62500000 0.00000000 
127.67500000 0.00000000 
127.72500000 0.00000000 
127.77500000 0.00000000 
127.82500000 0.00000000 
127.87500000 0.00000000 
127.92500000 0.00000000 
127.97500000 0.00000000 
128.02500000 0.00000000 
128.07500000 0.00000000 
128.12500000 0.00000000 
128.17500000 0.00000000 
128.22500000 0.00000000 
128.27500000 0.00000000 
128.32500000 0.00000000 
128.37500000 0.00000000 
128.42500000 0.00000000 
128.47500000 0.00000000 
128.52500000 0.00000000 
128.57500000 0.00000000 
128.62500000 0.00000000 
128.67500000 0.00000000 
128.72500000 0.00000000 
128.77500000 0.00000000 
128.82500000 0.00000000 
128.87500000 0.00000000 
128.92500000 0.00000000 
128.97500000 0.00000000 
129.02500000 0.00000000 
129.07500000 0.00000000 
129.12500000 0.00000000 
129.17500000 0.00000000 
129.22500000 0.00000000 
129.27500000 0.00000000 
129.32500000 0.00000000 
129.37500000 0.00000000 
129.42500000 0.00000000 
129.47500000 0.00000000 
129.52500000 0.00000000 
129.57500000 0.00000000 
129.62500000 0.00000000 
129.67500000 0.00000000 
129.72500000 0.00000000 
129.77500000 0.00000000 
129.82500000 0.00000000 
129.87500000 0.00000000 
129.92500000 0.00000000 
129.97500000 0.00000000 
130.02500000 0.00000000 
130.07500000 0.00000000 
130.12500000 0.00000000 
130.17500000 0.00000000 
130.22500000 0.00000000 
130.27500000 0.00000000 
130.32500000 0.00000000 
130.37500000 0.00000000 
130.42500000 0.00000000 
130.47500000 0.00000000 
130.52500000 0.00000000 
130.57500000 0.00000000 
130.62500000 0.00000000 
130.67500000 0.00000000 
130.72500000 0.00000000 
130.77500000 0.00000000 
130.82500000 0.00000000 
130.87500000 0.00000000 
130.92500000 0.00000000 
130.97500000 0.00000000 
131.02500000 0.00000000 
131.07500000 0.00000000 
131.12500000 0.00000000 
131.17500000 0.00000000 
131.22500000 0.00000000 
131.27500000 0.00000000 
131.32500000 0.00000000 
131.37500000 0.00000000 
131.42500000 0.00000000 
131.47500000 0.00000000 
131.52500000 0.00000000 
131.57500000 0.00000000 
131.62500000 0.00000000 
131.67500000 0.00000000 
131.72500000 0.00000000 
131.77500000 0.00000000 
131.82500000 0.00000000 
131.87500000 0.00000000 
131.92500000 0.00000000 
131.97500000 0.00000000 
132.02500000 0.00000000 
132.07500000 0.00000000 
132.12500000 0.00000000 
132.17500000 0.00000000 
132.22500000 0.00000000 
132.27500000 0.00000000 
132.32500000 0.00000000 
132.37500000 0.00000000 
132.42500000 0.00000000 
132.47500000 0.00000000 
132.52500000 0.00000000 
132.57500000 0.00000000 
132.62500000 0.00000000 
132.67500000 0.00000000 
132.72500000 0.00000000 
132.77500000 0.00000000 
132.82500000 0.00000000 
132.87500000 0.00000000 
132.92500000 0.00000000 
132.97500000 0.00000000 
133.02500000 0.00000000 
133.07500000 0.00000000 
133.12500000 0.00000000 
133.17500000 0.00000000 
133.22500000 0.00000000 
133.27500000 0.00000000 
133.32500000 0.00000000 
133.37500000 0.00000000 
133.42500000 0.00000000 
133.47500000 0.00000000 
133.52500000 0.00000000 
133.57500000 0.00000000 
133.62500000 0.00000000 
133.67500000 0.00000000 
133.72500000 0.00000000 
133.77500000 0.00000000 
133.82500000 0.00000000 
133.87500000 0.00000000 
133.92500000 0.00000000 
133.97500000 0.00000000 
134.02500000 0.00000000 
134.07500000 0.00000000 
134.12500000 0.00000000 
134.17500000 0.00000000 
134.22500000 0.00000000 
134.27500000 0.00000000 
134.32500000 0.00000000 
134.37500000 0.00000000 
134.42500000 0.00000000 
134.47500000 0.00000000 
134.52500000 0.00000000 
134.57500000 0.00000000 
134.62500000 0.00000000 
134.67500000 0.00000000 
134.72500000 0.00000000 
134.77500000 0.00000000 
134.82500000 0.00000000 
134.87500000 0.00000000 
134.92500000 0.00000000 
134.97500000 0.00000000 
135.02500000 0.00000000 
135.07500000 0.00000000 
135.12500000 0.00000000 
135.17500000 0.00000000 
135.22500000 0.00000000 
135.27500000 0.00000000 
135.32500000 0.00000000 
135.37500000 0.00000000 
135.42500000 0.00000000 
135.47500000 0.00000000 
135.52500000 0.00000000 
135.57500000 0.00000000 
135.62500000 0.00000000 
135.67500000 0.00000000 
135.72500000 0.00000000 
135.77500000 0.00000000 
135.82500000 0.00000000 
135.87500000 0.00000000 
135.92500000 0.00000000 
135.97500000 0.00000000 
136.02500000 0.00000000 
136.07500000 0.00000000 
136.12500000 0.00000000 
136.17500000 0.00000000 
136.22500000 0.00000000 
136.27500000 0.00000000 
136.32500000 0.00000000 
136.37500000 0.00000000 
136.42500000 0.00000000 
136.47500000 0.00000000 
136.52500000 0.00000000 
136.57500000 0.00000000 
136.62500000 0.00000000 
136.67500000 0.00000000 
136.72500000 0.00000000 
136.77500000 0.00000000 
136.82500000 0.00000000 
136.87500000 0.00000000 
136.92500000 0.00000000 
136.97500000 0.00000000 
137.02500000 0.00000000 
137.07500000 0.00000000 
137.12500000 0.00000000 
137.17500000 0.00000000 
137.22500000 0.00000000 
137.27500000 0.00000000 
137.32500000 0.00000000 
137.37500000 0.00000000 
137.42500000 0.00000000 
137.47500000 0.00000000 
137.52500000 0.00000000 
137.57500000 0.00000000 
137.62500000 0.00000000 
137.67500000 0.00000000 
137.72500000 0.00000000 
137.77500000 0.00000000 
137.82500000 0.00000000 
137.87500000 0.00000000 
137.92500000 0.00000000 
137.97500000 0.00000000 
138.02500000 0.00000000 
138.07500000 0.00000000 
138.12500000 0.00000000 
138.17500000 0.00000000 
138.22500000 0.00000000 
138.27500000 0.00000000 
138.32500000 0.00000000 
138.37500000 0.00000000 
138.42500000 0.00000000 
138.47500000 0.00000000 
138.52500000 0.00000000 
138.57500000 0.00000000 
138.62500000 0.00000000 
138.67500000 0.00000000 
138.72500000 0.00000000 
138.77500000 0.00000000 
138.82500000 0.00000000 
138.87500000 0.00000000 
138.92500000 0.00000000 
138.97500000 0.00000000 
139.02500000 0.00000000 
139.07500000 0.00000000 
139.12500000 0.00000000 
139.17500000 0.00000000 
139.22500000 0.00000000 
139.27500000 0.00000000 
139.32500000 0.00000000 
139.37500000 0.00000000 
139.42500000 0.00000000 
139.47500000 0.00000000 
139.52500000 0.00000000 
139.57500000 0.00000000 
139.62500000 0.00000000 
139.67500000 0.00000000 
139.72500000 0.00000000 
139.77500000 0.00000000 
139.82500000 0.00000000 
139.87500000 0.00000000 
139.92500000 0.00000000 
139.97500000 0.00000000 
140.02500000 0.00000000 
140.07500000 0.00000000 
140.12500000 0.00000000 
140.17500000 0.00000000 
140.22500000 0.00000000 
140.27500000 0.00000000 
140.32500000 0.00000000 
140.37500000 0.00000000 
140.42500000 0.00000000 
140.47500000 0.00000000 
140.52500000 0.00000000 
140.57500000 0.00000000 
140.62500000 0.00000000 
140.67500000 0.00000000 
140.72500000 0.00000000 
140.77500000 0.00000000 
140.82500000 0.00000000 
140.87500000 0.00000000 
140.92500000 0.00000000 
140.97500000 0.00000000 
141.02500000 0.00000000 
141.07500000 0.00000000 
141.12500000 0.00000000 
141.17500000 0.00000000 
141.22500000 0.00000000 
141.27500000 0.00000000 
141.32500000 0.00000000 
141.37500000 0.00000000 
141.42500000 0.00000000 
141.47500000 0.00000000 
141.52500000 0.00000000 
141.57500000 0.00000000 
141.62500000 0.00000000 
141.67500000 0.00000000 
141.72500000 0.00000000 
141.77500000 0.00000000 
141.82500000 0.00000000 
141.87500000 0.00000000 
141.92500000 0.00000000 
141.97500000 0.00000000 
142.02500000 0.00000000 
142.07500000 0.00000000 
142.12500000 0.00000000 
142.17500000 0.00000000 
142.22500000 0.00000000 
142.27500000 0.00000000 
142.32500000 0.00000000 
142.37500000 0.00000000 
142.42500000 0.00000000 
142.47500000 0.00000000 
142.52500000 0.00000000 
142.57500000 0.00000000 
142.62500000 0.00000000 
142.67500000 0.00000000 
142.72500000 0.00000000 
142.77500000 0.00000000 
142.82500000 0.00000000 
142.87500000 0.00000000 
142.92500000 0.00000000 
142.97500000 0.00000000 
143.02500000 0.00000000 
143.07500000 0.00000000 
143.12500000 0.00000000 
143.17500000 0.00000000 
143.22500000 0.00000000 
143.27500000 0.00000000 
143.32500000 0.00000000 
143.37500000 0.00000000 
143.42500000 0.00000000 
143.47500000 0.00000000 
143.52500000 0.00000000 
143.57500000 0.00000000 
143.62500000 0.00000000 
143.67500000 0.00000000 
143.72500000 0.00000000 
143.77500000 0.00000000 
143.82500000 0.00000000 
143.87500000 0.00000000 
143.92500000 0.00000000 
143.97500000 0.00000000 
144.02500000 0.00000000 
144.07500000 0.00000000 
144.12500000 0.00000000 
144.17500000 0.00000000 
144.22500000 0.00000000 
144.27500000 0.00000000 
144.32500000 0.00000000 
144.37500000 0.00000000 
144.42500000 0.00000000 
144.47500000 0.00000000 
144.52500000 0.00000000 
144.57500000 0.00000000 
144.62500000 0.00000000 
144.67500000 0.00000000 
144.72500000 0.00000000 
144.77500000 0.00000000 
144.82500000 0.00000000 
144.87500000 0.00000000 
144.92500000 0.00000000 
144.97500000 0.00000000 
145.02500000 0.00000000 
145.07500000 0.00000000 
145.12500000 0.00000000 
145.17500000 0.00000000 
145.22500000 0.00000000 
145.27500000 0.00000000 
145.32500000 0.00000000 
145.37500000 0.00000000 
145.42500000 0.00000000 
145.47500000 0.00000000 
145.52500000 0.00000000 
145.57500000 0.00000000 
145.62500000 0.00000000 
145.67500000 0.00000000 
145.72500000 0.00000000 
145.77500000 0.00000000 
145.82500000 0.00000000 
145.87500000 0.00000000 
145.92500000 0.00000000 
145.97500000 0.00000000 
146.02500000 0.00000000 
146.07500000 0.00000000 
146.12500000 0.00000000 
146.17500000 0.00000000 
146.22500000 0.00000000 
146.27500000 0.00000000 
146.32500000 0.00000000 
146.37500000 0.00000000 
146.42500000 0.00000000 
146.47500000 0.00000000 
146.52500000 0.00000000 
146.57500000 0.00000000 
146.62500000 0.00000000 
146.67500000 0.00000000 
146.72500000 0.00000000 
146.77500000 0.00000000 
146.82500000 0.00000000 
146.87500000 0.00000000 
146.92500000 0.00000000 
146.97500000 0.00000000 
147.02500000 0.00000000 
147.07500000 0.00000000 
147.12500000 0.00000000 
147.17500000 0.00000000 
147.22500000 0.00000000 
147.27500000 0.00000000 
147.32500000 0.00000000 
147.37500000 0.00000000 
147.42500000 0.00000000 
147.47500000 0.00000000 
147.52500000 0.00000000 
147.57500000 0.00000000 
147.62500000 0.00000000 
147.67500000 0.00000000 
147.72500000 0.00000000 
147.77500000 0.00000000 
147.82500000 0.00000000 
147.87500000 0.00000000 
147.92500000 0.00000000 
147.97500000 0.00000000 
148.02500000 0.00000000 
148.07500000 0.00000000 
148.12500000 0.00000000 
148.17500000 0.00000000 
148.22500000 0.00000000 
148.27500000 0.00000000 
148.32500000 0.00000000 
148.37500000 0.00000000 
148.42500000 0.00000000 
148.47500000 0.00000000 
148.52500000 0.00000000 
148.57500000 0.00000000 
148.62500000 0.00000000 
148.67500000 0.00000000 
148.72500000 0.00000000 
148.77500000 0.00000000 
148.82500000 0.00000000 
148.87500000 0.00000000 
148.92500000 0.00000000 
148.97500000 0.00000000 
149.02500000 0.00000000 
149.07500000 0.00000000 
149.12500000 0.00000000 
149.17500000 0.00000000 
149.22500000 0.00000000 
149.27500000 0.00000000 
149.32500000 0.00000000 
149.37500000 0.00000000 
149.42500000 0.00000000 
149.47500000 0.00000000 
149.52500000 0.00000000 
149.57500000 0.00000000 
149.62500000 0.00000000 
149.67500000 0.00000000 
149.72500000 0.00000000 
149.77500000 0.00000000 
149.82500000 0.00000000 
149.87500000 0.00000000 
149.92500000 0.00000000 
149.97500000 0.00000000 
150.02500000 0.00000000 
150.07500000 0.00000000 
150.12500000 0.00000000 
150.17500000 0.00000000 
150.22500000 0.00000000 
150.27500000 0.00000000 
150.32500000 0.00000000 
150.37500000 0.00000000 
150.42500000 0.00000000 
150.47500000 0.00000000 
150.52500000 0.00000000 
150.57500000 0.00000000 
150.62500000 0.00000000 
150.67500000 0.00000000 
150.72500000 0.00000000 
150.77500000 0.00000000 
150.82500000 0.00000000 
150.87500000 0.00000000 
150.92500000 0.00000000 
150.97500000 0.00000000 
151.02500000 0.00000000 
151.07500000 0.00000000 
151.12500000 0.00000000 
151.17500000 0.00000000 
151.22500000 0.00000000 
151.27500000 0.00000000 
151.32500000 0.00000000 
151.37500000 0.00000000 
151.42500000 0.00000000 
151.47500000 0.00000000 
151.52500000 0.00000000 
151.57500000 0.00000000 
151.62500000 0.00000000 
151.67500000 0.00000000 
151.72500000 0.00000000 
151.77500000 0.00000000 
151.82500000 0.00000000 
151.87500000 0.00000000 
151.92500000 0.00000000 
151.97500000 0.00000000 
152.02500000 0.00000000 
152.07500000 0.00000000 
152.12500000 0.00000000 
152.17500000 0.00000000 
152.22500000 0.00000000 
152.27500000 0.00000000 
152.32500000 0.00000000 
152.37500000 0.00000000 
152.42500000 0.00000000 
152.47500000 0.00000000 
152.52500000 0.00000000 
152.57500000 0.00000000 
152.62500000 0.00000000 
152.67500000 0.00000000 
152.72500000 0.00000000 
152.77500000 0.00000000 
152.82500000 0.00000000 
152.87500000 0.00000000 
152.92500000 0.00000000 
152.97500000 0.00000000 
153.02500000 0.00000000 
153.07500000 0.00000000 
153.12500000 0.00000000 
153.17500000 0.00000000 
153.22500000 0.00000000 
153.27500000 0.00000000 
153.32500000 0.00000000 
153.37500000 0.00000000 
153.42500000 0.00000000 
153.47500000 0.00000000 
153.52500000 0.00000000 
153.57500000 0.00000000 
153.62500000 0.00000000 
153.67500000 0.00000000 
153.72500000 0.00000000 
153.77500000 0.00000000 
153.82500000 0.00000000 
153.87500000 0.00000000 
153.92500000 0.00000000 
153.97500000 0.00000000 
154.02500000 0.00000000 
154.07500000 0.00000000 
154.12500000 0.00000000 
154.17500000 0.00000000 
154.22500000 0.00000000 
154.27500000 0.00000000 
154.32500000 0.00000000 
154.37500000 0.00000000 
154.42500000 0.00000000 
154.47500000 0.00000000 
154.52500000 0.00000000 
154.57500000 0.00000000 
154.62500000 0.00000000 
154.67500000 0.00000000 
154.72500000 0.00000000 
154.77500000 0.00000000 
154.82500000 0.00000000 
154.87500000 0.00000000 
154.92500000 0.00000000 
154.97500000 0.00000000 
155.02500000 0.00000000 
155.07500000 0.00000000 
155.12500000 0.00000000 
155.17500000 0.00000000 
155.22500000 0.00000000 
155.27500000 0.00000000 
155.32500000 0.00000000 
155.37500000 0.00000000 
155.42500000 0.00000000 
155.47500000 0.00000000 
155.52500000 0.00000000 
155.57500000 0.00000000 
155.62500000 0.00000000 
155.67500000 0.00000000 
155.72500000 0.00000000 
155.77500000 0.00000000 
155.82500000 0.00000000 
155.87500000 0.00000000 
155.92500000 0.00000000 
155.97500000 0.00000000 
156.02500000 0.00000000 
156.07500000 0.00000000 
156.12500000 0.00000000 
156.17500000 0.00000000 
156.22500000 0.00000000 
156.27500000 0.00000000 
156.32500000 0.00000000 
156.37500000 0.00000000 
156.42500000 0.00000000 
156.47500000 0.00000000 
156.52500000 0.00000000 
156.57500000 0.00000000 
156.62500000 0.00000000 
156.67500000 0.00000000 
156.72500000 0.00000000 
156.77500000 0.00000000 
156.82500000 0.00000000 
156.87500000 0.00000000 
156.92500000 0.00000000 
156.97500000 0.00000000 
157.02500000 0.00000000 
157.07500000 0.00000000 
157.12500000 0.00000000 
157.17500000 0.00000000 
157.22500000 0.00000000 
157.27500000 0.00000000 
157.32500000 0.00000000 
157.37500000 0.00000000 
157.42500000 0.00000000 
157.47500000 0.00000000 
157.52500000 0.00000000 
157.57500000 0.00000000 
157.62500000 0.00000000 
157.67500000 0.00000000 
157.72500000 0.00000000 
157.77500000 0.00000000 
157.82500000 0.00000000 
157.87500000 0.00000000 
157.92500000 0.00000000 
157.97500000 0.00000000 
158.02500000 0.00000000 
158.07500000 0.00000000 
158.12500000 0.00000000 
158.17500000 0.00000000 
158.22500000 0.00000000 
158.27500000 0.00000000 
158.32500000 0.00000000 
158.37500000 0.00000000 
158.42500000 0.00000000 
158.47500000 0.00000000 
158.52500000 0.00000000 
158.57500000 0.00000000 
158.62500000 0.00000000 
158.67500000 0.00000000 
158.72500000 0.00000000 
158.77500000 0.00000000 
158.82500000 0.00000000 
158.87500000 0.00000000 
158.92500000 0.00000000 
158.97500000 0.00000000 
159.02500000 0.00000000 
159.07500000 0.00000000 
159.12500000 0.00000000 
159.17500000 0.00000000 
159.22500000 0.00000000 
159.27500000 0.00000000 
159.32500000 0.00000000 
159.37500000 0.00000000 
159.42500000 0.00000000 
159.47500000 0.00000000 
159.52500000 0.00000000 
159.57500000 0.00000000 
159.62500000 0.00000000 
159.67500000 0.00000000 
159.72500000 0.00000000 
159.77500000 0.00000000 
159.82500000 0.00000000 
159.87500000 0.00000000 
159.92500000 0.00000000 
159.97500000 0.00000000 
160.02500000 0.00000000 
160.07500000 0.00000000 
160.12500000 0.00000000 
160.17500000 0.00000000 
160.22500000 0.00000000 
160.27500000 0.00000000 
160.32500000 0.00000000 
160.37500000 0.00000000 
160.42500000 0.00000000 
160.47500000 0.00000000 
160.52500000 0.00000000 
160.57500000 0.00000000 
160.62500000 0.00000000 
160.67500000 0.00000000 
160.72500000 0.00000000 
160.77500000 0.00000000 
160.82500000 0.00000000 
160.87500000 0.00000000 
160.92500000 0.00000000 
160.97500000 0.00000000 
161.02500000 0.00000000 
161.07500000 0.00000000 
161.12500000 0.00000000 
161.17500000 0.00000000 
161.22500000 0.00000000 
161.27500000 0.00000000 
161.32500000 0.00000000 
161.37500000 0.00000000 
161.42500000 0.00000000 
161.47500000 0.00000000 
161.52500000 0.00000000 
161.57500000 0.00000000 
161.62500000 0.00000000 
161.67500000 0.00000000 
161.72500000 0.00000000 
161.77500000 0.00000000 
161.82500000 0.00000000 
161.87500000 0.00000000 
161.92500000 0.00000000 
161.97500000 0.00000000 
162.02500000 0.00000000 
162.07500000 0.00000000 
162.12500000 0.00000000 
162.17500000 0.00000000 
162.22500000 0.00000000 
162.27500000 0.00000000 
162.32500000 0.00000000 
162.37500000 0.00000000 
162.42500000 0.00000000 
162.47500000 0.00000000 
162.52500000 0.00000000 
162.57500000 0.00000000 
162.62500000 0.00000000 
162.67500000 0.00000000 
162.72500000 0.00000000 
162.77500000 0.00000000 
162.82500000 0.00000000 
162.87500000 0.00000000 
162.92500000 0.00000000 
162.97500000 0.00000000 
163.02500000 0.00000000 
163.07500000 0.00000000 
163.12500000 0.00000000 
163.17500000 0.00000000 
163.22500000 0.00000000 
163.27500000 0.00000000 
163.32500000 0.00000000 
163.37500000 0.00000000 
163.42500000 0.00000000 
163.47500000 0.00000000 
163.52500000 0.00000000 
163.57500000 0.00000000 
163.62500000 0.00000000 
163.67500000 0.00000000 
163.72500000 0.00000000 
163.77500000 0.00000000 
163.82500000 0.00000000 
163.87500000 0.00000000 
163.92500000 0.00000000 
163.97500000 0.00000000 
164.02500000 0.00000000 
164.07500000 0.00000000 
164.12500000 0.00000000 
164.17500000 0.00000000 
164.22500000 0.00000000 
164.27500000 0.00000000 
164.32500000 0.00000000 
164.37500000 0.00000000 
164.42500000 0.00000000 
164.47500000 0.00000000 
164.52500000 0.00000000 
164.57500000 0.00000000 
164.62500000 0.00000000 
164.67500000 0.00000000 
164.72500000 0.00000000 
164.77500000 0.00000000 
164.82500000 0.00000000 
164.87500000 0.00000000 
164.92500000 0.00000000 
164.97500000 0.00000000 
165.02500000 0.00000000 
165.07500000 0.00000000 
165.12500000 0.00000000 
165.17500000 0.00000000 
165.22500000 0.00000000 
165.27500000 0.00000000 
165.32500000 0.00000000 
165.37500000 0.00000000 
165.42500000 0.00000000 
165.47500000 0.00000000 
165.52500000 0.00000000 
165.57500000 0.00000000 
165.62500000 0.00000000 
165.67500000 0.00000000 
165.72500000 0.00000000 
165.77500000 0.00000000 
165.82500000 0.00000000 
165.87500000 0.00000000 
165.92500000 0.00000000 
165.97500000 0.00000000 
166.02500000 0.00000000 
166.07500000 0.00000000 
166.12500000 0.00000000 
166.17500000 0.00000000 
166.22500000 0.00000000 
166.27500000 0.00000000 
166.32500000 0.00000000 
166.37500000 0.00000000 
166.42500000 0.00000000 
166.47500000 0.00000000 
166.52500000 0.00000000 
166.57500000 0.00000000 
166.62500000 0.00000000 
166.67500000 0.00000000 
166.72500000 0.00000000 
166.77500000 0.00000000 
166.82500000 0.00000000 
166.87500000 0.00000000 
166.92500000 0.00000000 
166.97500000 0.00000000 
167.02500000 0.00000000 
167.07500000 0.00000000 
167.12500000 0.00000000 
167.17500000 0.00000000 
167.22500000 0.00000000 
167.27500000 0.00000000 
167.32500000 0.00000000 
167.37500000 0.00000000 
167.42500000 0.00000000 
167.47500000 0.00000000 
167.52500000 0.00000000 
167.57500000 0.00000000 
167.62500000 0.00000000 
167.67500000 0.00000000 
167.72500000 0.00000000 
167.77500000 0.00000000 
167.82500000 0.00000000 
167.87500000 0.00000000 
167.92500000 0.00000000 
167.97500000 0.00000000 
168.02500000 0.00000000 
168.07500000 0.00000000 
168.12500000 0.00000000 
168.17500000 0.00000000 
168.22500000 0.00000000 
168.27500000 0.00000000 
168.32500000 0.00000000 
168.37500000 0.00000000 
168.42500000 0.00000000 
168.47500000 0.00000000 
168.52500000 0.00000000 
168.57500000 0.00000000 
168.62500000 0.00000000 
168.67500000 0.00000000 
168.72500000 0.00000000 
168.77500000 0.00000000 
168.82500000 0.00000000 
168.87500000 0.00000000 
168.92500000 0.00000000 
168.97500000 0.00000000 
169.02500000 0.00000000 
169.07500000 0.00000000 
169.12500000 0.00000000 
169.17500000 0.00000000 
169.22500000 0.00000000 
169.27500000 0.00000000 
169.32500000 0.00000000 
169.37500000 0.00000000 
169.42500000 0.00000000 
169.47500000 0.00000000 
169.52500000 0.00000000 
169.57500000 0.00000000 
169.62500000 0.00000000 
169.67500000 0.00000000 
169.72500000 0.00000000 
169.77500000 0.00000000 
169.82500000 0.00000000 
169.87500000 0.00000000 
169.92500000 0.00000000 
169.97500000 0.00000000 
170.02500000 0.00000000 
170.07500000 0.00000000 
170.12500000 0.00000000 
170.17500000 0.00000000 
170.22500000 0.00000000 
170.27500000 0.00000000 
170.32500000 0.00000000 
170.37500000 0.00000000 
170.42500000 0.00000000 
170.47500000 0.00000000 
170.52500000 0.00000000 
170.57500000 0.00000000 
170.62500000 0.00000000 
170.67500000 0.00000000 
170.72500000 0.00000000 
170.77500000 0.00000000 
170.82500000 0.00000000 
170.87500000 0.00000000 
170.92500000 0.00000000 
170.97500000 0.00000000 
171.02500000 0.00000000 
171.07500000 0.00000000 
171.12500000 0.00000000 
171.17500000 0.00000000 
171.22500000 0.00000000 
171.27500000 0.00000000 
171.32500000 0.00000000 
171.37500000 0.00000000 
171.42500000 0.00000000 
171.47500000 0.00000000 
171.52500000 0.00000000 
171.57500000 0.00000000 
171.62500000 0.00000000 
171.67500000 0.00000000 
171.72500000 0.00000000 
171.77500000 0.00000000 
171.82500000 0.00000000 
171.87500000 0.00000000 
171.92500000 0.00000000 
171.97500000 0.00000000 
172.02500000 0.00000000 
172.07500000 0.00000000 
172.12500000 0.00000000 
172.17500000 0.00000000 
172.22500000 0.00000000 
172.27500000 0.00000000 
172.32500000 0.00000000 
172.37500000 0.00000000 
172.42500000 0.00000000 
172.47500000 0.00000000 
172.52500000 0.00000000 
172.57500000 0.00000000 
172.62500000 0.00000000 
172.67500000 0.00000000 
172.72500000 0.00000000 
172.77500000 0.00000000 
172.82500000 0.00000000 
172.87500000 0.00000000 
172.92500000 0.00000000 
172.97500000 0.00000000 
173.02500000 0.00000000 
173.07500000 0.00000000 
173.12500000 0.00000000 
173.17500000 0.00000000 
173.22500000 0.00000000 
173.27500000 0.00000000 
173.32500000 0.00000000 
173.37500000 0.00000000 
173.42500000 0.00000000 
173.47500000 0.00000000 
173.52500000 0.00000000 
173.57500000 0.00000000 
173.62500000 0.00000000 
173.67500000 0.00000000 
173.72500000 0.00000000 
173.77500000 0.00000000 
173.82500000 0.00000000 
173.87500000 0.00000000 
173.92500000 0.00000000 
173.97500000 0.00000000 
174.02500000 0.00000000 
174.07500000 0.00000000 
174.12500000 0.00000000 
174.17500000 0.00000000 
174.22500000 0.00000000 
174.27500000 0.00000000 
174.32500000 0.00000000 
174.37500000 0.00000000 
174.42500000 0.00000000 
174.47500000 0.00000000 
174.52500000 0.00000000 
174.57500000 0.00000000 
174.62500000 0.00000000 
174.67500000 0.00000000 
174.72500000 0.00000000 
174.77500000 0.00000000 
174.82500000 0.00000000 
174.87500000 0.00000000 
174.92500000 0.00000000 
174.97500000 0.00000000 
175.02500000 0.00000000 
175.07500000 0.00000000 
175.12500000 0.00000000 
175.17500000 0.00000000 
175.22500000 0.00000000 
175.27500000 0.00000000 
175.32500000 0.00000000 
175.37500000 0.00000000 
175.42500000 0.00000000 
175.47500000 0.00000000 
175.52500000 0.00000000 
175.57500000 0.00000000 
175.62500000 0.00000000 
175.67500000 0.00000000 
175.72500000 0.00000000 
175.77500000 0.00000000 
175.82500000 0.00000000 
175.87500000 0.00000000 
175.92500000 0.00000000 
175.97500000 0.00000000 
176.02500000 0.00000000 
176.07500000 0.00000000 
176.12500000 0.00000000 
176.17500000 0.00000000 
176.22500000 0.00000000 
176.27500000 0.00000000 
176.32500000 0.00000000 
176.37500000 0.00000000 
176.42500000 0.00000000 
176.47500000 0.00000000 
176.52500000 0.00000000 
176.57500000 0.00000000 
176.62500000 0.00000000 
176.67500000 0.00000000 
176.72500000 0.00000000 
176.77500000 0.00000000 
176.82500000 0.00000000 
176.87500000 0.00000000 
176.92500000 0.00000000 
176.97500000 0.00000000 
177.02500000 0.00000000 
177.07500000 0.00000000 
177.12500000 0.00000000 
177.17500000 0.00000000 
177.22500000 0.00000000 
177.27500000 0.00000000 
177.32500000 0.00000000 
177.37500000 0.00000000 
177.42500000 0.00000000 
177.47500000 0.00000000 
177.52500000 0.00000000 
177.57500000 0.00000000 
177.62500000 0.00000000 
177.67500000 0.00000000 
177.72500000 0.00000000 
177.77500000 0.00000000 
177.82500000 0.00000000 
177.87500000 0.00000000 
177.92500000 0.00000000 
177.97500000 0.00000000 
178.02500000 0.00000000 
178.07500000 0.00000000 
178.12500000 0.00000000 
178.17500000 0.00000000 
178.22500000 0.00000000 
178.27500000 0.00000000 
178.32500000 0.00000000 
178.37500000 0.00000000 
178.42500000 0.00000000 
178.47500000 0.00000000 
178.52500000 0.00000000 
178.57500000 0.00000000 
178.62500000 0.00000000 
178.67500000 0.00000000 
178.72500000 0.00000000 
178.77500000 0.00000000 
178.82500000 0.00000000 
178.87500000 0.00000000 
178.92500000 0.00000000 
178.97500000 0.00000000 
179.02500000 0.00000000 
179.07500000 0.00000000 
179.12500000 0.00000000 
179.17500000 0.00000000 
179.22500000 0.00000000 
179.27500000 0.00000000 
179.32500000 0.00000000 
179.37500000 0.00000000 
179.42500000 0.00000000 
179.47500000 0.00000000 
179.52500000 0.00000000 
179.57500000 0.00000000 
179.62500000 0.00000000 
179.67500000 0.00000000 
179.72500000 0.00000000 
179.77500000 0.00000000 
179.82500000 0.00000000 
179.87500000 0.00000000 
179.92500000 0.00000000 
179.97500000 0.00000000 
180.02500000 0.00000000 
180.07500000 0.00000000 
180.12500000 0.00000000 
180.17500000 0.00000000 
180.22500000 0.00000000 
180.27500000 0.00000000 
180.32500000 0.00000000 
180.37500000 0.00000000 
180.42500000 0.00000000 
180.47500000 0.00000000 
180.52500000 0.00000000 
180.57500000 0.00000000 
180.62500000 0.00000000 
180.67500000 0.00000000 
180.72500000 0.00000000 
180.77500000 0.00000000 
180.82500000 0.00000000 
180.87500000 0.00000000 
180.92500000 0.00000000 
180.97500000 0.00000000 
181.02500000 0.00000000 
181.07500000 0.00000000 
181.12500000 0.00000000 
181.17500000 0.00000000 
181.22500000 0.00000000 
181.27500000 0.00000000 
181.32500000 0.00000000 
181.37500000 0.00000000 
181.42500000 0.00000000 
181.47500000 0.00000000 
181.52500000 0.00000000 
181.57500000 0.00000000 
181.62500000 0.00000000 
181.67500000 0.00000000 
181.72500000 0.00000000 
181.77500000 0.00000000 
181.82500000 0.00000000 
181.87500000 0.00000000 
181.92500000 0.00000000 
181.97500000 0.00000000 
182.02500000 0.00000000 
182.07500000 0.00000000 
182.12500000 0.00000000 
182.17500000 0.00000000 
182.22500000 0.00000000 
182.27500000 0.00000000 
182.32500000 0.00000000 
182.37500000 0.00000000 
182.42500000 0.00000000 
182.47500000 0.00000000 
182.52500000 0.00000000 
182.57500000 0.00000000 
182.62500000 0.00000000 
182.67500000 0.00000000 
182.72500000 0.00000000 
182.77500000 0.00000000 
182.82500000 0.00000000 
182.87500000 0.00000000 
182.92500000 0.00000000 
182.97500000 0.00000000 
183.02500000 0.00000000 
183.07500000 0.00000000 
183.12500000 0.00000000 
183.17500000 0.00000000 
183.22500000 0.00000000 
183.27500000 0.00000000 
183.32500000 0.00000000 
183.37500000 0.00000000 
183.42500000 0.00000000 
183.47500000 0.00000000 
183.52500000 0.00000000 
183.57500000 0.00000000 
183.62500000 0.00000000 
183.67500000 0.00000000 
183.72500000 0.00000000 
183.77500000 0.00000000 
183.82500000 0.00000000 
183.87500000 0.00000000 
183.92500000 0.00000000 
183.97500000 0.00000000 
184.02500000 0.00000000 
184.07500000 0.00000000 
184.12500000 0.00000000 
184.17500000 0.00000000 
184.22500000 0.00000000 
184.27500000 0.00000000 
184.32500000 0.00000000 
184.37500000 0.00000000 
184.42500000 0.00000000 
184.47500000 0.00000000 
184.52500000 0.00000000 
184.57500000 0.00000000 
184.62500000 0.00000000 
184.67500000 0.00000000 
184.72500000 0.00000000 
184.77500000 0.00000000 
184.82500000 0.00000000 
184.87500000 0.00000000 
184.92500000 0.00000000 
184.97500000 0.00000000 
185.02500000 0.00000000 
185.07500000 0.00000000 
185.12500000 0.00000000 
185.17500000 0.00000000 
185.22500000 0.00000000 
185.27500000 0.00000000 
185.32500000 0.00000000 
185.37500000 0.00000000 
185.42500000 0.00000000 
185.47500000 0.00000000 
185.52500000 0.00000000 
185.57500000 0.00000000 
185.62500000 0.00000000 
185.67500000 0.00000000 
185.72500000 0.00000000 
185.77500000 0.00000000 
185.82500000 0.00000000 
185.87500000 0.00000000 
185.92500000 0.00000000 
185.97500000 0.00000000 
186.02500000 0.00000000 
186.07500000 0.00000000 
186.12500000 0.00000000 
186.17500000 0.00000000 
186.22500000 0.00000000 
186.27500000 0.00000000 
186.32500000 0.00000000 
186.37500000 0.00000000 
186.42500000 0.00000000 
186.47500000 0.00000000 
186.52500000 0.00000000 
186.57500000 0.00000000 
186.62500000 0.00000000 
186.67500000 0.00000000 
186.72500000 0.00000000 
186.77500000 0.00000000 
186.82500000 0.00000000 
186.87500000 0.00000000 
186.92500000 0.00000000 
186.97500000 0.00000000 
187.02500000 0.00000000 
187.07500000 0.00000000 
187.12500000 0.00000000 
187.17500000 0.00000000 
187.22500000 0.00000000 
187.27500000 0.00000000 
187.32500000 0.00000000 
187.37500000 0.00000000 
187.42500000 0.00000000 
187.47500000 0.00000000 
187.52500000 0.00000000 
187.57500000 0.00000000 
187.62500000 0.00000000 
187.67500000 0.00000000 
187.72500000 0.00000000 
187.77500000 0.00000000 
187.82500000 0.00000000 
187.87500000 0.00000000 
187.92500000 0.00000000 
187.97500000 0.00000000 
188.02500000 0.00000000 
188.07500000 0.00000000 
188.12500000 0.00000000 
188.17500000 0.00000000 
188.22500000 0.00000000 
188.27500000 0.00000000 
188.32500000 0.00000000 
188.37500000 0.00000000 
188.42500000 0.00000000 
188.47500000 0.00000000 
188.52500000 0.00000000 
188.57500000 0.00000000 
188.62500000 0.00000000 
188.67500000 0.00000000 
188.72500000 0.00000000 
188.77500000 0.00000000 
188.82500000 0.00000000 
188.87500000 0.00000000 
188.92500000 0.00000000 
188.97500000 0.00000000 
189.02500000 0.00000000 
189.07500000 0.00000000 
189.12500000 0.00000000 
189.17500000 0.00000000 
189.22500000 0.00000000 
189.27500000 0.00000000 
189.32500000 0.00000000 
189.37500000 0.00000000 
189.42500000 0.00000000 
189.47500000 0.00000000 
189.52500000 0.00000000 
189.57500000 0.00000000 
189.62500000 0.00000000 
189.67500000 0.00000000 
189.72500000 0.00000000 
189.77500000 0.00000000 
189.82500000 0.00000000 
189.87500000 0.00000000 
189.92500000 0.00000000 
189.97500000 0.00000000 
190.02500000 0.00000000 
190.07500000 0.00000000 
190.12500000 0.00000000 
190.17500000 0.00000000 
190.22500000 0.00000000 
190.27500000 0.00000000 
190.32500000 0.00000000 
190.37500000 0.00000000 
190.42500000 0.00000000 
190.47500000 0.00000000 
190.52500000 0.00000000 
190.57500000 0.00000000 
190.62500000 0.00000000 
190.67500000 0.00000000 
190.72500000 0.00000000 
190.77500000 0.00000000 
190.82500000 0.00000000 
190.87500000 0.00000000 
190.92500000 0.00000000 
190.97500000 0.00000000 
191.02500000 0.00000000 
191.07500000 0.00000000 
191.12500000 0.00000000 
191.17500000 0.00000000 
191.22500000 0.00000000 
191.27500000 0.00000000 
191.32500000 0.00000000 
191.37500000 0.00000000 
191.42500000 0.00000000 
191.47500000 0.00000000 
191.52500000 0.00000000 
191.57500000 0.00000000 
191.62500000 0.00000000 
191.67500000 0.00000000 
191.72500000 0.00000000 
191.77500000 0.00000000 
191.82500000 0.00000000 
191.87500000 0.00000000 
191.92500000 0.00000000 
191.97500000 0.00000000 
192.02500000 0.00000000 
192.07500000 0.00000000 
192.12500000 0.00000000 
192.17500000 0.00000000 
192.22500000 0.00000000 
192.27500000 0.00000000 
192.32500000 0.00000000 
192.37500000 0.00000000 
192.42500000 0.00000000 
192.47500000 0.00000000 
192.52500000 0.00000000 
192.57500000 0.00000000 
192.62500000 0.00000000 
192.67500000 0.00000000 
192.72500000 0.00000000 
192.77500000 0.00000000 
192.82500000 0.00000000 
192.87500000 0.00000000 
192.92500000 0.00000000 
192.97500000 0.00000000 
193.02500000 0.00000000 
193.07500000 0.00000000 
193.12500000 0.00000000 
193.17500000 0.00000000 
193.22500000 0.00000000 
193.27500000 0.00000000 
193.32500000 0.00000000 
193.37500000 0.00000000 
193.42500000 0.00000000 
193.47500000 0.00000000 
193.52500000 0.00000000 
193.57500000 0.00000000 
193.62500000 0.00000000 
193.67500000 0.00000000 
193.72500000 0.00000000 
193.77500000 0.00000000 
193.82500000 0.00000000 
193.87500000 0.00000000 
193.92500000 0.00000000 
193.97500000 0.00000000 
194.02500000 0.00000000 
194.07500000 0.00000000 
194.12500000 0.00000000 
194.17500000 0.00000000 
194.22500000 0.00000000 
194.27500000 0.00000000 
194.32500000 0.00000000 
194.37500000 0.00000000 
194.42500000 0.00000000 
194.47500000 0.00000000 
194.52500000 0.00000000 
194.57500000 0.00000000 
194.62500000 0.00000000 
194.67500000 0.00000000 
194.72500000 0.00000000 
194.77500000 0.00000000 
194.82500000 0.00000000 
194.87500000 0.00000000 
194.92500000 0.00000000 
194.97500000 0.00000000 
195.02500000 0.00000000 
195.07500000 0.00000000 
195.12500000 0.00000000 
195.17500000 0.00000000 
195.22500000 0.00000000 
195.27500000 0.00000000 
195.32500000 0.00000000 
195.37500000 0.00000000 
195.42500000 0.00000000 
195.47500000 0.00000000 
195.52500000 0.00000000 
195.57500000 0.00000000 
195.62500000 0.00000000 
195.67500000 0.00000000 
195.72500000 0.00000000 
195.77500000 0.00000000 
195.82500000 0.00000000 
195.87500000 0.00000000 
195.92500000 0.00000000 
195.97500000 0.00000000 
196.02500000 0.00000000 
196.07500000 0.00000000 
196.12500000 0.00000000 
196.17500000 0.00000000 
196.22500000 0.00000000 
196.27500000 0.00000000 
196.32500000 0.00000000 
196.37500000 0.00000000 
196.42500000 0.00000000 
196.47500000 0.00000000 
196.52500000 0.00000000 
196.57500000 0.00000000 
196.62500000 0.00000000 
196.67500000 0.00000000 
196.72500000 0.00000000 
196.77500000 0.00000000 
196.82500000 0.00000000 
196.87500000 0.00000000 
196.92500000 0.00000000 
196.97500000 0.00000000 
197.02500000 0.00000000 
197.07500000 0.00000000 
197.12500000 0.00000000 
197.17500000 0.00000000 
197.22500000 0.00000000 
197.27500000 0.00000000 
197.32500000 0.00000000 
197.37500000 0.00000000 
197.42500000 0.00000000 
197.47500000 0.00000000 
197.52500000 0.00000000 
197.57500000 0.00000000 
197.62500000 0.00000000 
197.67500000 0.00000000 
197.72500000 0.00000000 
197.77500000 0.00000000 
197.82500000 0.00000000 
197.87500000 0.00000000 
197.92500000 0.00000000 
197.97500000 0.00000000 
198.02500000 0.00000000 
198.07500000 0.00000000 
198.12500000 0.00000000 
198.17500000 0.00000000 
198.22500000 0.00000000 
198.27500000 0.00000000 
198.32500000 0.00000000 
198.37500000 0.00000000 
198.42500000 0.00000000 
198.47500000 0.00000000 
198.52500000 0.00000000 
198.57500000 0.00000000 
198.62500000 0.00000000 
198.67500000 0.00000000 
198.72500000 0.00000000 
198.77500000 0.00000000 
198.82500000 0.00000000 
198.87500000 0.00000000 
198.92500000 0.00000000 
198.97500000 0.00000000 
199.02500000 0.00000000 
199.07500000 0.00000000 
199.12500000 0.00000000 
199.17500000 0.00000000 
199.22500000 0.00000000 
199.27500000 0.00000000 
199.32500000 0.00000000 
199.37500000 0.00000000 
199.42500000 0.00000000 
199.47500000 0.00000000 
199.52500000 0.00000000 
199.57500000 0.00000000 
199.62500000 0.00000000 
199.67500000 0.00000000 
199.72500000 0.00000000 
199.77500000 0.00000000 
199.82500000 0.00000000 
199.87500000 0.00000000 
199.92500000 0.00000000 
199.97500000 0.00000000 
