-9.97500000 0.00000000 
-9.92500000 0.00000000 
-9.87500000 0.00000000 
-9.82500000 0.00000000 
-9.77500000 0.00000000 
-9.72500000 0.00000000 
-9.67500000 0.00000000 
-9.62500000 0.00000000 
-9.57500000 0.00000000 
-9.52500000 0.00000000 
-9.47500000 0.00000000 
-9.42500000 0.00000000 
-9.37500000 0.00000000 
-9.32500000 0.00000000 
-9.27500000 0.00000000 
-9.22500000 0.00000000 
-9.17500000 0.00000000 
-9.12500000 0.00000000 
-9.07500000 0.00000000 
-9.02500000 0.00000000 
-8.97500000 0.00000000 
-8.92500000 0.00000000 
-8.87500000 0.00000000 
-8.82500000 0.00000001 
-8.77500000 0.00000001 
-8.72500000 0.00000001 
-8.67500000 0.00000001 
-8.62500000 0.00000001 
-8.57500000 0.00000001 
-8.52500000 0.00000001 
-8.47500000 0.00000001 
-8.42500000 0.00000001 
-8.37500000 0.00000001 
-8.32500000 0.00000001 
-8.27500000 0.00000001 
-8.22500000 0.00000002 
-8.17500000 0.00000003 
-8.12500000 0.00000004 
-8.07500000 0.00000005 
-8.02500000 0.00000007 
-7.97500000 0.00000007 
-7.92500000 0.00000008 
-7.87500000 0.00000009 
-7.82500000 0.00000011 
-7.77500000 0.00000013 
-7.72500000 0.00000016 
-7.67500000 0.00000021 
-7.62500000 0.00000027 
-7.57500000 0.00000035 
-7.52500000 0.00000044 
-7.47500000 0.00000055 
-7.42500000 0.00000066 
-7.37500000 0.00000079 
-7.32500000 0.00000094 
-7.27500000 0.00000112 
-7.22500000 0.00000135 
-7.17500000 0.00000163 
-7.12500000 0.00000199 
-7.07500000 0.00000244 
-7.02500000 0.00000299 
-6.97500000 0.00000364 
-6.92500000 0.00000441 
-6.87500000 0.00000530 
-6.82500000 0.00000633 
-6.77500000 0.00000753 
-6.72500000 0.00000894 
-6.67500000 0.00001063 
-6.62500000 0.00001265 
-6.57500000 0.00001508 
-6.52500000 0.00001798 
-6.47500000 0.00002140 
-6.42500000 0.00002541 
-6.37500000 0.00003006 
-6.32500000 0.00003545 
-6.27500000 0.00004166 
-6.22500000 0.00004885 
-6.17500000 0.00005720 
-6.12500000 0.00006693 
-6.07500000 0.00007826 
-6.02500000 0.00009145 
-5.97500000 0.00010674 
-5.92500000 0.00012439 
-5.87500000 0.00014465 
-5.82500000 0.00016783 
-5.77500000 0.00019429 
-5.72500000 0.00022447 
-5.67500000 0.00025892 
-5.62500000 0.00029826 
-5.57500000 0.00034321 
-5.52500000 0.00039449 
-5.47500000 0.00045288 
-5.42500000 0.00051913 
-5.37500000 0.00059409 
-5.32500000 0.00067865 
-5.27500000 0.00077384 
-5.22500000 0.00088088 
-5.17500000 0.00100117 
-5.12500000 0.00113628 
-5.07500000 0.00128793 
-5.02500000 0.00145790 
-4.97500000 0.00164805 
-4.92500000 0.00186026 
-4.87500000 0.00209649 
-4.82500000 0.00235886 
-4.77500000 0.00264971 
-4.72500000 0.00297169 
-4.67500000 0.00332773 
-4.62500000 0.00372104 
-4.57500000 0.00415501 
-4.52500000 0.00463311 
-4.47500000 0.00515882 
-4.42500000 0.00573564 
-4.37500000 0.00636718 
-4.32500000 0.00705723 
-4.27500000 0.00780990 
-4.22500000 0.00862973 
-4.17500000 0.00952160 
-4.12500000 0.01049065 
-4.07500000 0.01154211 
-4.02500000 0.01268109 
-3.97500000 0.01391254 
-3.92500000 0.01524124 
-3.87500000 0.01667200 
-3.82500000 0.01820982 
-3.77500000 0.01986008 
-3.72500000 0.02162853 
-3.67500000 0.02352113 
-3.62500000 0.02554376 
-3.57500000 0.02770185 
-3.52500000 0.03000021 
-3.47500000 0.03244300 
-3.42500000 0.03503396 
-3.37500000 0.03777673 
-3.32500000 0.04067518 
-3.27500000 0.04373339 
-3.22500000 0.04695546 
-3.17500000 0.05034501 
-3.12500000 0.05390466 
-3.07500000 0.05763575 
-3.02500000 0.06153831 
-2.97500000 0.06561152 
-2.92500000 0.06985424 
-2.87500000 0.07426541 
-2.82500000 0.07884415 
-2.77500000 0.08358932 
-2.72500000 0.08849884 
-2.67500000 0.09356894 
-2.62500000 0.09879391 
-2.57500000 0.10416628 
-2.52500000 0.10967754 
-2.47500000 0.11531895 
-2.42500000 0.12108203 
-2.37500000 0.12695852 
-2.32500000 0.13293968 
-2.27500000 0.13901536 
-2.22500000 0.14517325 
-2.17500000 0.15139879 
-2.12500000 0.15767577 
-2.07500000 0.16398742 
-2.02500000 0.17031741 
-1.97500000 0.17665031 
-1.92500000 0.18297120 
-1.87500000 0.18926472 
-1.82500000 0.19551405 
-1.77500000 0.20170032 
-1.72500000 0.20780305 
-1.67500000 0.21380119 
-1.62500000 0.21967447 
-1.57500000 0.22540437 
-1.52500000 0.23097416 
-1.47500000 0.23636808 
-1.42500000 0.24157006 
-1.37500000 0.24656284 
-1.32500000 0.25132781 
-1.27500000 0.25584588 
-1.22500000 0.26009898 
-1.17500000 0.26407133 
-1.12500000 0.26774994 
-1.07500000 0.27112414 
-1.02500000 0.27418430 
-0.97500000 0.27692053 
-0.92500000 0.27932211 
-0.87500000 0.28137799 
-0.82500000 0.28307807 
-0.77500000 0.28441471 
-0.72500000 0.28538363 
-0.67500000 0.28598373 
-0.62500000 0.28621598 
-0.57500000 0.28608194 
-0.52500000 0.28558276 
-0.47500000 0.28471914 
-0.42500000 0.28349234 
-0.37500000 0.28190565 
-0.32500000 0.27996546 
-0.27500000 0.27768145 
-0.22500000 0.27506562 
-0.17500000 0.27213079 
-0.12500000 0.26888925 
-0.07500000 0.26535228 
-0.02500000 0.26153081 
0.02500000 0.25743667 
0.07500000 0.25308386 
0.12500000 0.24848899 
0.17500000 0.24367063 
0.22500000 0.23864801 
0.27500000 0.23343952 
0.32500000 0.22806200 
0.37500000 0.22253100 
0.42500000 0.21686187 
0.47500000 0.21107099 
0.52500000 0.20517647 
0.57500000 0.19919777 
0.62500000 0.19315466 
0.67500000 0.18706578 
0.72500000 0.18094783 
0.77500000 0.17481554 
0.82500000 0.16868249 
0.87500000 0.16256230 
0.92500000 0.15646943 
0.97500000 0.15041909 
1.02500000 0.14442653 
1.07500000 0.13850578 
1.12500000 0.13266884 
1.17500000 0.12692545 
1.22500000 0.12128373 
1.27500000 0.11575117 
1.32500000 0.11033547 
1.37500000 0.10504476 
1.42500000 0.09988718 
1.47500000 0.09486993 
1.52500000 0.08999859 
1.57500000 0.08527677 
1.62500000 0.08070652 
1.67500000 0.07628909 
1.72500000 0.07202574 
1.77500000 0.06791805 
1.82500000 0.06396778 
1.87500000 0.06017622 
1.92500000 0.05654360 
1.97500000 0.05306875 
2.02500000 0.04974924 
2.07500000 0.04658200 
2.12500000 0.04356388 
2.17500000 0.04069210 
2.22500000 0.03796423 
2.27500000 0.03537782 
2.32500000 0.03292995 
2.37500000 0.03061685 
2.42500000 0.02843395 
2.47500000 0.02637616 
2.52500000 0.02443840 
2.57500000 0.02261590 
2.62500000 0.02090441 
2.67500000 0.01929995 
2.72500000 0.01779852 
2.77500000 0.01639580 
2.82500000 0.01508704 
2.87500000 0.01386720 
2.92500000 0.01273124 
2.97500000 0.01167445 
3.02500000 0.01069256 
3.07500000 0.00978172 
3.12500000 0.00893833 
3.17500000 0.00815874 
3.22500000 0.00743918 
3.27500000 0.00677575 
3.32500000 0.00616453 
3.37500000 0.00560184 
3.42500000 0.00508434 
3.47500000 0.00460907 
3.52500000 0.00417336 
3.57500000 0.00377471 
3.62500000 0.00341057 
3.67500000 0.00307841 
3.72500000 0.00277564 
3.77500000 0.00249981 
3.82500000 0.00224869 
3.87500000 0.00202029 
3.92500000 0.00181289 
3.97500000 0.00162494 
4.02500000 0.00145497 
4.07500000 0.00130152 
4.12500000 0.00116315 
4.17500000 0.00103843 
4.22500000 0.00092605 
4.27500000 0.00082481 
4.32500000 0.00073371 
4.37500000 0.00065187 
4.42500000 0.00057852 
4.47500000 0.00051294 
4.52500000 0.00045440 
4.57500000 0.00040220 
4.62500000 0.00035566 
4.67500000 0.00031416 
4.72500000 0.00027715 
4.77500000 0.00024417 
4.82500000 0.00021483 
4.87500000 0.00018879 
4.92500000 0.00016575 
4.97500000 0.00014542 
5.02500000 0.00012749 
5.07500000 0.00011169 
5.12500000 0.00009775 
5.17500000 0.00008543 
5.22500000 0.00007454 
5.27500000 0.00006493 
5.32500000 0.00005648 
5.37500000 0.00004907 
5.42500000 0.00004261 
5.47500000 0.00003698 
5.52500000 0.00003209 
5.57500000 0.00002783 
5.62500000 0.00002410 
5.67500000 0.00002083 
5.72500000 0.00001796 
5.77500000 0.00001544 
5.82500000 0.00001325 
5.87500000 0.00001137 
5.92500000 0.00000975 
5.97500000 0.00000837 
6.02500000 0.00000720 
6.07500000 0.00000618 
6.12500000 0.00000530 
6.17500000 0.00000453 
6.22500000 0.00000385 
6.27500000 0.00000326 
6.32500000 0.00000275 
6.37500000 0.00000232 
6.42500000 0.00000197 
6.47500000 0.00000168 
6.52500000 0.00000144 
6.57500000 0.00000123 
6.62500000 0.00000105 
6.67500000 0.00000089 
6.72500000 0.00000074 
6.77500000 0.00000062 
6.82500000 0.00000051 
6.87500000 0.00000042 
6.92500000 0.00000035 
6.97500000 0.00000030 
7.02500000 0.00000026 
7.07500000 0.00000023 
7.12500000 0.00000020 
7.17500000 0.00000017 
7.22500000 0.00000014 
7.27500000 0.00000011 
7.32500000 0.00000009 
7.37500000 0.00000007 
7.42500000 0.00000006 
7.47500000 0.00000005 
7.52500000 0.00000004 
7.57500000 0.00000004 
7.62500000 0.00000004 
7.67500000 0.00000003 
7.72500000 0.00000003 
7.77500000 0.00000002 
7.82500000 0.00000002 
7.87500000 0.00000001 
7.92500000 0.00000001 
7.97500000 0.00000001 
8.02500000 0.00000001 
8.07500000 0.00000001 
8.12500000 0.00000001 
8.17500000 0.00000001 
8.22500000 0.00000001 
8.27500000 0.00000001 
8.32500000 0.00000001 
8.37500000 0.00000001 
8.42500000 0.00000001 
8.47500000 0.00000000 
8.52500000 0.00000000 
8.57500000 0.00000000 
8.62500000 0.00000000 
8.67500000 0.00000000 
8.72500000 0.00000000 
8.77500000 0.00000000 
8.82500000 0.00000000 
8.87500000 0.00000000 
8.92500000 0.00000000 
8.97500000 0.00000000 
9.02500000 0.00000000 
9.07500000 0.00000000 
9.12500000 0.00000000 
9.17500000 0.00000000 
9.22500000 0.00000000 
9.27500000 0.00000000 
9.32500000 0.00000000 
9.37500000 0.00000000 
9.42500000 0.00000000 
9.47500000 0.00000000 
9.52500000 0.00000000 
9.57500000 0.00000000 
9.62500000 0.00000000 
9.67500000 0.00000000 
9.72500000 0.00000000 
9.77500000 0.00000000 
9.82500000 0.00000000 
9.87500000 0.00000000 
9.92500000 0.00000000 
9.97500000 0.00000000 
