0.02500000 1.00000000 
0.07500000 1.00000000 
0.12500000 1.00000000 
0.17500000 1.00000000 
0.22500000 1.00000000 
0.27500000 1.00000000 
0.32500000 1.00000000 
0.37500000 1.00000000 
0.42500000 1.00000000 
0.47500000 1.00000000 
0.52500000 1.00000000 
0.57500000 1.00000000 
0.62500000 1.00000000 
0.67500000 1.00000000 
0.72500000 1.00000000 
0.77500000 1.00000000 
0.82500000 1.00000000 
0.87500000 1.00000000 
0.92500000 1.00000000 
0.97500000 1.00000000 
1.02500000 1.00000000 
1.07500000 1.00000000 
1.12500000 1.00000000 
1.17500000 1.00000000 
1.22500000 1.00000000 
1.27500000 1.00000000 
1.32500000 1.00000000 
1.37500000 1.00000000 
1.42500000 1.00000000 
1.47500000 1.00000000 
1.52500000 1.00000000 
1.57500000 1.00000000 
1.62500000 1.00000000 
1.67500000 1.00000000 
1.72500000 1.00000000 
1.77500000 1.00000000 
1.82500000 1.00000000 
1.87500000 1.00000000 
1.92500000 1.00000000 
1.97500000 1.00000000 
2.02500000 1.00000000 
2.07500000 1.00000000 
2.12500000 1.00000000 
2.17500000 1.00000000 
2.22500000 1.00000000 
2.27500000 1.00000000 
2.32500000 1.00000000 
2.37500000 1.00000000 
2.42500000 1.00000000 
2.47500000 1.00000000 
2.52500000 1.00000000 
2.57500000 1.00000000 
2.62500000 1.00000000 
2.67500000 1.00000000 
2.72500000 1.00000000 
2.77500000 1.00000000 
2.82500000 1.00000000 
2.87500000 1.00000000 
2.92500000 1.00000000 
2.97500000 1.00000000 
3.02500000 1.00000000 
3.07500000 1.00000000 
3.12500000 1.00000000 
3.17500000 1.00000000 
3.22500000 1.00000000 
3.27500000 1.00000000 
3.32500000 1.00000000 
3.37500000 1.00000000 
3.42500000 1.00000000 
3.47500000 1.00000000 
3.52500000 1.00000000 
3.57500000 1.00000000 
3.62500000 1.00000000 
3.67500000 1.00000000 
3.72500000 1.00000000 
3.77500000 1.00000000 
3.82500000 1.00000000 
3.87500000 1.00000000 
3.92500000 1.00000000 
3.97500000 1.00000000 
4.02500000 1.00000000 
4.07500000 1.00000000 
4.12500000 1.00000000 
4.17500000 1.00000000 
4.22500000 1.00000000 
4.27500000 1.00000000 
4.32500000 1.00000000 
4.37500000 1.00000000 
4.42500000 1.00000000 
4.47500000 1.00000000 
4.52500000 1.00000000 
4.57500000 1.00000000 
4.62500000 1.00000000 
4.67500000 1.00000000 
4.72500000 1.00000000 
4.77500000 1.00000000 
4.82500000 1.00000000 
4.87500000 1.00000000 
4.92500000 1.00000000 
4.97500000 1.00000000 
5.02500000 1.00000000 
5.07500000 1.00000000 
5.12500000 1.00000000 
5.17500000 1.00000000 
5.22500000 1.00000000 
5.27500000 1.00000000 
5.32500000 1.00000000 
5.37500000 1.00000000 
5.42500000 1.00000000 
5.47500000 1.00000000 
5.52500000 1.00000000 
5.57500000 1.00000000 
5.62500000 1.00000000 
5.67500000 1.00000000 
5.72500000 1.00000000 
5.77500000 1.00000000 
5.82500000 1.00000000 
5.87500000 1.00000000 
5.92500000 1.00000000 
5.97500000 1.00000000 
6.02500000 1.00000000 
6.07500000 1.00000000 
6.12500000 1.00000000 
6.17500000 1.00000000 
6.22500000 1.00000000 
6.27500000 1.00000000 
6.32500000 1.00000000 
6.37500000 1.00000000 
6.42500000 1.00000000 
6.47500000 1.00000000 
6.52500000 1.00000000 
6.57500000 1.00000000 
6.62500000 1.00000000 
6.67500000 1.00000000 
6.72500000 1.00000000 
6.77500000 1.00000000 
6.82500000 1.00000000 
6.87500000 1.00000000 
6.92500000 1.00000000 
6.97500000 1.00000000 
7.02500000 1.00000000 
7.07500000 1.00000000 
7.12500000 1.00000000 
7.17500000 1.00000000 
7.22500000 1.00000000 
7.27500000 1.00000000 
7.32500000 1.00000000 
7.37500000 1.00000000 
7.42500000 1.00000000 
7.47500000 1.00000000 
7.52500000 1.00000000 
7.57500000 1.00000000 
7.62500000 1.00000000 
7.67500000 1.00000000 
7.72500000 1.00000000 
7.77500000 1.00000000 
7.82500000 1.00000000 
7.87500000 1.00000000 
7.92500000 1.00000000 
7.97500000 1.00000000 
8.02500000 1.00000000 
8.07500000 1.00000000 
8.12500000 1.00000000 
8.17500000 1.00000000 
8.22500000 1.00000000 
8.27500000 1.00000000 
8.32500000 1.00000000 
8.37500000 1.00000000 
8.42500000 1.00000000 
8.47500000 1.00000000 
8.52500000 1.00000000 
8.57500000 1.00000000 
8.62500000 1.00000000 
8.67500000 1.00000000 
8.72500000 1.00000000 
8.77500000 1.00000000 
8.82500000 1.00000000 
8.87500000 1.00000000 
8.92500000 1.00000000 
8.97500000 1.00000000 
9.02500000 1.00000000 
9.07500000 1.00000000 
9.12500000 1.00000000 
9.17500000 1.00000000 
9.22500000 1.00000000 
9.27500000 1.00000000 
9.32500000 1.00000000 
9.37500000 1.00000000 
9.42500000 1.00000000 
9.47500000 1.00000000 
9.52500000 1.00000000 
9.57500000 1.00000000 
9.62500000 1.00000000 
9.67500000 1.00000000 
9.72500000 1.00000000 
9.77500000 1.00000000 
9.82500000 1.00000000 
9.87500000 1.00000000 
9.92500000 1.00000000 
9.97500000 1.00000000 
10.02500000 1.00000000 
10.07500000 1.00000000 
10.12500000 1.00000000 
10.17500000 1.00000000 
10.22500000 1.00000000 
10.27500000 1.00000000 
10.32500000 1.00000000 
10.37500000 1.00000000 
10.42500000 1.00000000 
10.47500000 1.00000000 
10.52500000 1.00000000 
10.57500000 1.00000000 
10.62500000 1.00000000 
10.67500000 1.00000000 
10.72500000 1.00000000 
10.77500000 1.00000000 
10.82500000 1.00000000 
10.87500000 1.00000000 
10.92500000 1.00000000 
10.97500000 1.00000000 
11.02500000 1.00000000 
11.07500000 1.00000000 
11.12500000 1.00000000 
11.17500000 1.00000000 
11.22500000 1.00000000 
11.27500000 1.00000000 
11.32500000 1.00000000 
11.37500000 1.00000000 
11.42500000 1.00000000 
11.47500000 1.00000000 
11.52500000 1.00000000 
11.57500000 1.00000000 
11.62500000 1.00000000 
11.67500000 1.00000000 
11.72500000 1.00000000 
11.77500000 1.00000000 
11.82500000 1.00000000 
11.87500000 1.00000000 
11.92500000 1.00000000 
11.97500000 1.00000000 
12.02500000 1.00000000 
12.07500000 1.00000000 
12.12500000 1.00000000 
12.17500000 1.00000000 
12.22500000 1.00000000 
12.27500000 1.00000000 
12.32500000 1.00000000 
12.37500000 1.00000000 
12.42500000 1.00000000 
12.47500000 1.00000000 
12.52500000 1.00000000 
12.57500000 1.00000000 
12.62500000 1.00000000 
12.67500000 1.00000000 
12.72500000 1.00000000 
12.77500000 1.00000000 
12.82500000 1.00000000 
12.87500000 1.00000000 
12.92500000 1.00000000 
12.97500000 1.00000000 
13.02500000 1.00000000 
13.07500000 1.00000000 
13.12500000 1.00000000 
13.17500000 1.00000000 
13.22500000 1.00000000 
13.27500000 1.00000000 
13.32500000 1.00000000 
13.37500000 1.00000000 
13.42500000 1.00000000 
13.47500000 1.00000000 
13.52500000 1.00000000 
13.57500000 1.00000000 
13.62500000 1.00000000 
13.67500000 1.00000000 
13.72500000 1.00000000 
13.77500000 1.00000000 
13.82500000 1.00000000 
13.87500000 1.00000000 
13.92500000 1.00000000 
13.97500000 1.00000000 
14.02500000 1.00000000 
14.07500000 1.00000000 
14.12500000 1.00000000 
14.17500000 1.00000000 
14.22500000 1.00000000 
14.27500000 1.00000000 
14.32500000 1.00000000 
14.37500000 1.00000000 
14.42500000 1.00000000 
14.47500000 1.00000000 
14.52500000 1.00000000 
14.57500000 1.00000000 
14.62500000 1.00000000 
14.67500000 1.00000000 
14.72500000 1.00000000 
14.77500000 1.00000000 
14.82500000 1.00000000 
14.87500000 1.00000000 
14.92500000 1.00000000 
14.97500000 1.00000000 
15.02500000 1.00000000 
15.07500000 1.00000000 
15.12500000 1.00000000 
15.17500000 1.00000000 
15.22500000 1.00000000 
15.27500000 1.00000000 
15.32500000 1.00000000 
15.37500000 1.00000000 
15.42500000 1.00000000 
15.47500000 1.00000000 
15.52500000 1.00000000 
15.57500000 1.00000000 
15.62500000 1.00000000 
15.67500000 1.00000000 
15.72500000 1.00000000 
15.77500000 1.00000000 
15.82500000 1.00000000 
15.87500000 1.00000000 
15.92500000 1.00000000 
15.97500000 1.00000000 
16.02500000 1.00000000 
16.07500000 1.00000000 
16.12500000 1.00000000 
16.17500000 1.00000000 
16.22500000 1.00000000 
16.27500000 1.00000000 
16.32500000 1.00000000 
16.37500000 1.00000000 
16.42500000 1.00000000 
16.47500000 1.00000000 
16.52500000 1.00000000 
16.57500000 1.00000000 
16.62500000 1.00000000 
16.67500000 1.00000000 
16.72500000 1.00000000 
16.77500000 1.00000000 
16.82500000 1.00000000 
16.87500000 1.00000000 
16.92500000 1.00000000 
16.97500000 1.00000000 
17.02500000 1.00000000 
17.07500000 1.00000000 
17.12500000 1.00000000 
17.17500000 1.00000000 
17.22500000 1.00000000 
17.27500000 1.00000000 
17.32500000 1.00000000 
17.37500000 1.00000000 
17.42500000 1.00000000 
17.47500000 1.00000000 
17.52500000 1.00000000 
17.57500000 1.00000000 
17.62500000 1.00000000 
17.67500000 1.00000000 
17.72500000 1.00000000 
17.77500000 1.00000000 
17.82500000 1.00000000 
17.87500000 1.00000000 
17.92500000 1.00000000 
17.97500000 1.00000000 
18.02500000 1.00000000 
18.07500000 1.00000000 
18.12500000 1.00000000 
18.17500000 1.00000000 
18.22500000 1.00000000 
18.27500000 1.00000000 
18.32500000 1.00000000 
18.37500000 1.00000000 
18.42500000 1.00000000 
18.47500000 1.00000000 
18.52500000 1.00000000 
18.57500000 1.00000000 
18.62500000 1.00000000 
18.67500000 1.00000000 
18.72500000 1.00000000 
18.77500000 1.00000000 
18.82500000 1.00000000 
18.87500000 1.00000000 
18.92500000 1.00000000 
18.97500000 1.00000000 
19.02500000 1.00000000 
19.07500000 1.00000000 
19.12500000 1.00000000 
19.17500000 1.00000000 
19.22500000 1.00000000 
19.27500000 1.00000000 
19.32500000 1.00000000 
19.37500000 1.00000000 
19.42500000 1.00000000 
19.47500000 1.00000000 
19.52500000 1.00000000 
19.57500000 1.00000000 
19.62500000 1.00000000 
19.67500000 1.00000000 
19.72500000 1.00000000 
19.77500000 1.00000000 
19.82500000 1.00000000 
19.87500000 1.00000000 
19.92500000 1.00000000 
19.97500000 1.00000000 
20.02500000 1.00000000 
20.07500000 1.00000000 
20.12500000 1.00000000 
20.17500000 1.00000000 
20.22500000 1.00000000 
20.27500000 1.00000000 
20.32500000 1.00000000 
20.37500000 1.00000000 
20.42500000 1.00000000 
20.47500000 1.00000000 
20.52500000 1.00000000 
20.57500000 1.00000000 
20.62500000 1.00000000 
20.67500000 1.00000000 
20.72500000 1.00000000 
20.77500000 1.00000000 
20.82500000 1.00000000 
20.87500000 1.00000000 
20.92500000 1.00000000 
20.97500000 1.00000000 
21.02500000 1.00000000 
21.07500000 1.00000000 
21.12500000 1.00000000 
21.17500000 1.00000000 
21.22500000 1.00000000 
21.27500000 1.00000000 
21.32500000 1.00000000 
21.37500000 1.00000000 
21.42500000 1.00000000 
21.47500000 1.00000000 
21.52500000 1.00000000 
21.57500000 1.00000000 
21.62500000 1.00000000 
21.67500000 1.00000000 
21.72500000 1.00000000 
21.77500000 1.00000000 
21.82500000 1.00000000 
21.87500000 1.00000000 
21.92500000 1.00000000 
21.97500000 1.00000000 
22.02500000 1.00000000 
22.07500000 1.00000000 
22.12500000 1.00000000 
22.17500000 1.00000000 
22.22500000 1.00000000 
22.27500000 1.00000000 
22.32500000 1.00000000 
22.37500000 1.00000000 
22.42500000 1.00000000 
22.47500000 1.00000000 
22.52500000 1.00000000 
22.57500000 1.00000000 
22.62500000 1.00000000 
22.67500000 1.00000000 
22.72500000 1.00000000 
22.77500000 1.00000000 
22.82500000 1.00000000 
22.87500000 1.00000000 
22.92500000 1.00000000 
22.97500000 1.00000000 
23.02500000 1.00000000 
23.07500000 1.00000000 
23.12500000 1.00000000 
23.17500000 1.00000000 
23.22500000 1.00000000 
23.27500000 1.00000000 
23.32500000 1.00000000 
23.37500000 1.00000000 
23.42500000 1.00000000 
23.47500000 1.00000000 
23.52500000 1.00000000 
23.57500000 1.00000000 
23.62500000 1.00000000 
23.67500000 1.00000000 
23.72500000 1.00000000 
23.77500000 1.00000000 
23.82500000 1.00000000 
23.87500000 1.00000000 
23.92500000 1.00000000 
23.97500000 1.00000000 
24.02500000 1.00000000 
24.07500000 1.00000000 
24.12500000 1.00000000 
24.17500000 1.00000000 
24.22500000 1.00000000 
24.27500000 1.00000000 
24.32500000 1.00000000 
24.37500000 1.00000000 
24.42500000 1.00000000 
24.47500000 1.00000000 
24.52500000 1.00000000 
24.57500000 1.00000000 
24.62500000 1.00000000 
24.67500000 1.00000000 
24.72500000 1.00000000 
24.77500000 1.00000000 
24.82500000 1.00000000 
24.87500000 1.00000000 
24.92500000 1.00000000 
24.97500000 1.00000000 
25.02500000 1.00000000 
25.07500000 1.00000000 
25.12500000 1.00000000 
25.17500000 1.00000000 
25.22500000 1.00000000 
25.27500000 1.00000000 
25.32500000 1.00000000 
25.37500000 1.00000000 
25.42500000 1.00000000 
25.47500000 1.00000000 
25.52500000 1.00000000 
25.57500000 1.00000000 
25.62500000 1.00000000 
25.67500000 1.00000000 
25.72500000 1.00000000 
25.77500000 1.00000000 
25.82500000 1.00000000 
25.87500000 1.00000000 
25.92500000 1.00000000 
25.97500000 1.00000000 
26.02500000 1.00000000 
26.07500000 1.00000000 
26.12500000 1.00000000 
26.17500000 1.00000000 
26.22500000 1.00000000 
26.27500000 1.00000000 
26.32500000 1.00000000 
26.37500000 1.00000000 
26.42500000 1.00000000 
26.47500000 1.00000000 
26.52500000 1.00000000 
26.57500000 1.00000000 
26.62500000 1.00000000 
26.67500000 1.00000000 
26.72500000 1.00000000 
26.77500000 1.00000000 
26.82500000 1.00000000 
26.87500000 1.00000000 
26.92500000 1.00000000 
26.97500000 1.00000000 
27.02500000 1.00000000 
27.07500000 1.00000000 
27.12500000 1.00000000 
27.17500000 1.00000000 
27.22500000 1.00000000 
27.27500000 1.00000000 
27.32500000 1.00000000 
27.37500000 1.00000000 
27.42500000 1.00000000 
27.47500000 1.00000000 
27.52500000 1.00000000 
27.57500000 1.00000000 
27.62500000 1.00000000 
27.67500000 1.00000000 
27.72500000 1.00000000 
27.77500000 1.00000000 
27.82500000 1.00000000 
27.87500000 1.00000000 
27.92500000 1.00000000 
27.97500000 1.00000000 
28.02500000 1.00000000 
28.07500000 1.00000000 
28.12500000 1.00000000 
28.17500000 1.00000000 
28.22500000 1.00000000 
28.27500000 1.00000000 
28.32500000 1.00000000 
28.37500000 1.00000000 
28.42500000 1.00000000 
28.47500000 1.00000000 
28.52500000 1.00000000 
28.57500000 1.00000000 
28.62500000 1.00000000 
28.67500000 1.00000000 
28.72500000 1.00000000 
28.77500000 1.00000000 
28.82500000 1.00000000 
28.87500000 1.00000000 
28.92500000 1.00000000 
28.97500000 1.00000000 
29.02500000 1.00000000 
29.07500000 1.00000000 
29.12500000 1.00000000 
29.17500000 1.00000000 
29.22500000 1.00000000 
29.27500000 1.00000000 
29.32500000 1.00000000 
29.37500000 1.00000000 
29.42500000 1.00000000 
29.47500000 1.00000000 
29.52500000 1.00000000 
29.57500000 1.00000000 
29.62500000 1.00000000 
29.67500000 1.00000000 
29.72500000 1.00000000 
29.77500000 1.00000000 
29.82500000 1.00000000 
29.87500000 1.00000000 
29.92500000 1.00000000 
29.97500000 1.00000000 
30.02500000 1.00000000 
30.07500000 1.00000000 
30.12500000 1.00000000 
30.17500000 1.00000000 
30.22500000 1.00000000 
30.27500000 1.00000000 
30.32500000 1.00000000 
30.37500000 1.00000000 
30.42500000 1.00000000 
30.47500000 1.00000000 
30.52500000 1.00000000 
30.57500000 1.00000000 
30.62500000 1.00000000 
30.67500000 1.00000000 
30.72500000 1.00000000 
30.77500000 1.00000000 
30.82500000 1.00000000 
30.87500000 1.00000000 
30.92500000 1.00000000 
30.97500000 1.00000000 
31.02500000 1.00000000 
31.07500000 1.00000000 
31.12500000 1.00000000 
31.17500000 1.00000000 
31.22500000 1.00000000 
31.27500000 1.00000000 
31.32500000 1.00000000 
31.37500000 1.00000000 
31.42500000 1.00000000 
31.47500000 1.00000000 
31.52500000 1.00000000 
31.57500000 1.00000000 
31.62500000 1.00000000 
31.67500000 1.00000000 
31.72500000 1.00000000 
31.77500000 1.00000000 
31.82500000 1.00000000 
31.87500000 1.00000000 
31.92500000 1.00000000 
31.97500000 1.00000000 
32.02500000 1.00000000 
32.07500000 1.00000000 
32.12500000 1.00000000 
32.17500000 1.00000000 
32.22500000 1.00000000 
32.27500000 1.00000000 
32.32500000 1.00000000 
32.37500000 1.00000000 
32.42500000 1.00000000 
32.47500000 1.00000000 
32.52500000 1.00000000 
32.57500000 1.00000000 
32.62500000 1.00000000 
32.67500000 1.00000000 
32.72500000 1.00000000 
32.77500000 1.00000000 
32.82500000 1.00000000 
32.87500000 1.00000000 
32.92500000 1.00000000 
32.97500000 1.00000000 
33.02500000 1.00000000 
33.07500000 1.00000000 
33.12500000 1.00000000 
33.17500000 1.00000000 
33.22500000 1.00000000 
33.27500000 1.00000000 
33.32500000 1.00000000 
33.37500000 1.00000000 
33.42500000 1.00000000 
33.47500000 1.00000000 
33.52500000 1.00000000 
33.57500000 1.00000000 
33.62500000 1.00000000 
33.67500000 1.00000000 
33.72500000 1.00000000 
33.77500000 1.00000000 
33.82500000 1.00000000 
33.87500000 1.00000000 
33.92500000 1.00000000 
33.97500000 1.00000000 
34.02500000 1.00000000 
34.07500000 1.00000000 
34.12500000 1.00000000 
34.17500000 1.00000000 
34.22500000 1.00000000 
34.27500000 1.00000000 
34.32500000 1.00000000 
34.37500000 1.00000000 
34.42500000 1.00000000 
34.47500000 1.00000000 
34.52500000 1.00000000 
34.57500000 1.00000000 
34.62500000 1.00000000 
34.67500000 1.00000000 
34.72500000 1.00000000 
34.77500000 1.00000000 
34.82500000 1.00000000 
34.87500000 1.00000000 
34.92500000 1.00000000 
34.97500000 1.00000000 
35.02500000 1.00000000 
35.07500000 1.00000000 
35.12500000 1.00000000 
35.17500000 1.00000000 
35.22500000 1.00000000 
35.27500000 1.00000000 
35.32500000 1.00000000 
35.37500000 1.00000000 
35.42500000 1.00000000 
35.47500000 1.00000000 
35.52500000 1.00000000 
35.57500000 1.00000000 
35.62500000 1.00000000 
35.67500000 1.00000000 
35.72500000 1.00000000 
35.77500000 1.00000000 
35.82500000 1.00000000 
35.87500000 1.00000000 
35.92500000 1.00000000 
35.97500000 1.00000000 
36.02500000 1.00000000 
36.07500000 1.00000000 
36.12500000 1.00000000 
36.17500000 1.00000000 
36.22500000 1.00000000 
36.27500000 1.00000000 
36.32500000 1.00000000 
36.37500000 1.00000000 
36.42500000 1.00000000 
36.47500000 1.00000000 
36.52500000 1.00000000 
36.57500000 1.00000000 
36.62500000 1.00000000 
36.67500000 1.00000000 
36.72500000 1.00000000 
36.77500000 1.00000000 
36.82500000 1.00000000 
36.87500000 1.00000000 
36.92500000 1.00000000 
36.97500000 1.00000000 
37.02500000 1.00000000 
37.07500000 1.00000000 
37.12500000 1.00000000 
37.17500000 1.00000000 
37.22500000 1.00000000 
37.27500000 1.00000000 
37.32500000 1.00000000 
37.37500000 1.00000000 
37.42500000 1.00000000 
37.47500000 1.00000000 
37.52500000 1.00000000 
37.57500000 1.00000000 
37.62500000 1.00000000 
37.67500000 1.00000000 
37.72500000 1.00000000 
37.77500000 1.00000000 
37.82500000 1.00000000 
37.87500000 1.00000000 
37.92500000 1.00000000 
37.97500000 1.00000000 
38.02500000 1.00000000 
38.07500000 1.00000000 
38.12500000 1.00000000 
38.17500000 1.00000000 
38.22500000 1.00000000 
38.27500000 1.00000000 
38.32500000 1.00000000 
38.37500000 1.00000000 
38.42500000 1.00000000 
38.47500000 1.00000000 
38.52500000 1.00000000 
38.57500000 1.00000000 
38.62500000 1.00000000 
38.67500000 1.00000000 
38.72500000 1.00000000 
38.77500000 1.00000000 
38.82500000 1.00000000 
38.87500000 1.00000000 
38.92500000 1.00000000 
38.97500000 1.00000000 
39.02500000 1.00000000 
39.07500000 1.00000000 
39.12500000 1.00000000 
39.17500000 1.00000000 
39.22500000 1.00000000 
39.27500000 1.00000000 
39.32500000 1.00000000 
39.37500000 1.00000000 
39.42500000 1.00000000 
39.47500000 1.00000000 
39.52500000 1.00000000 
39.57500000 1.00000000 
39.62500000 1.00000000 
39.67500000 1.00000000 
39.72500000 1.00000000 
39.77500000 1.00000000 
39.82500000 1.00000000 
39.87500000 1.00000000 
39.92500000 1.00000000 
39.97500000 1.00000000 
40.02500000 1.00000000 
40.07500000 1.00000000 
40.12500000 1.00000000 
40.17500000 1.00000000 
40.22500000 1.00000000 
40.27500000 1.00000000 
40.32500000 1.00000000 
40.37500000 1.00000000 
40.42500000 1.00000000 
40.47500000 1.00000000 
40.52500000 1.00000000 
40.57500000 1.00000000 
40.62500000 1.00000000 
40.67500000 1.00000000 
40.72500000 1.00000000 
40.77500000 1.00000000 
40.82500000 1.00000000 
40.87500000 1.00000000 
40.92500000 1.00000000 
40.97500000 1.00000000 
41.02500000 1.00000000 
41.07500000 1.00000000 
41.12500000 1.00000000 
41.17500000 1.00000000 
41.22500000 1.00000000 
41.27500000 1.00000000 
41.32500000 1.00000000 
41.37500000 1.00000000 
41.42500000 1.00000000 
41.47500000 1.00000000 
41.52500000 1.00000000 
41.57500000 1.00000000 
41.62500000 1.00000000 
41.67500000 1.00000000 
41.72500000 1.00000000 
41.77500000 1.00000000 
41.82500000 1.00000000 
41.87500000 1.00000000 
41.92500000 1.00000000 
41.97500000 1.00000000 
42.02500000 1.00000000 
42.07500000 1.00000000 
42.12500000 1.00000000 
42.17500000 1.00000000 
42.22500000 1.00000000 
42.27500000 1.00000000 
42.32500000 1.00000000 
42.37500000 1.00000000 
42.42500000 1.00000000 
42.47500000 1.00000000 
42.52500000 1.00000000 
42.57500000 1.00000000 
42.62500000 1.00000000 
42.67500000 1.00000000 
42.72500000 1.00000000 
42.77500000 1.00000000 
42.82500000 1.00000000 
42.87500000 1.00000000 
42.92500000 1.00000000 
42.97500000 1.00000000 
43.02500000 1.00000000 
43.07500000 1.00000000 
43.12500000 1.00000000 
43.17500000 1.00000000 
43.22500000 1.00000000 
43.27500000 1.00000000 
43.32500000 1.00000000 
43.37500000 1.00000000 
43.42500000 1.00000000 
43.47500000 1.00000000 
43.52500000 1.00000000 
43.57500000 1.00000000 
43.62500000 1.00000000 
43.67500000 1.00000000 
43.72500000 1.00000000 
43.77500000 1.00000000 
43.82500000 1.00000000 
43.87500000 1.00000000 
43.92500000 1.00000000 
43.97500000 1.00000000 
44.02500000 1.00000000 
44.07500000 1.00000000 
44.12500000 1.00000000 
44.17500000 1.00000000 
44.22500000 1.00000000 
44.27500000 1.00000000 
44.32500000 1.00000000 
44.37500000 1.00000000 
44.42500000 1.00000000 
44.47500000 1.00000000 
44.52500000 1.00000000 
44.57500000 1.00000000 
44.62500000 1.00000000 
44.67500000 1.00000000 
44.72500000 1.00000000 
44.77500000 1.00000000 
44.82500000 1.00000000 
44.87500000 1.00000000 
44.92500000 1.00000000 
44.97500000 1.00000000 
45.02500000 1.00000000 
45.07500000 1.00000000 
45.12500000 1.00000000 
45.17500000 1.00000000 
45.22500000 1.00000000 
45.27500000 1.00000000 
45.32500000 1.00000000 
45.37500000 1.00000000 
45.42500000 1.00000000 
45.47500000 1.00000000 
45.52500000 1.00000000 
45.57500000 1.00000000 
45.62500000 1.00000000 
45.67500000 1.00000000 
45.72500000 1.00000000 
45.77500000 1.00000000 
45.82500000 1.00000000 
45.87500000 1.00000000 
45.92500000 1.00000000 
45.97500000 1.00000000 
46.02500000 1.00000000 
46.07500000 1.00000000 
46.12500000 1.00000000 
46.17500000 1.00000000 
46.22500000 1.00000000 
46.27500000 1.00000000 
46.32500000 1.00000000 
46.37500000 1.00000000 
46.42500000 1.00000000 
46.47500000 1.00000000 
46.52500000 1.00000000 
46.57500000 1.00000000 
46.62500000 1.00000000 
46.67500000 1.00000000 
46.72500000 1.00000000 
46.77500000 1.00000000 
46.82500000 1.00000000 
46.87500000 1.00000000 
46.92500000 1.00000000 
46.97500000 1.00000000 
47.02500000 1.00000000 
47.07500000 1.00000000 
47.12500000 1.00000000 
47.17500000 1.00000000 
47.22500000 1.00000000 
47.27500000 1.00000000 
47.32500000 1.00000000 
47.37500000 1.00000000 
47.42500000 1.00000000 
47.47500000 1.00000000 
47.52500000 1.00000000 
47.57500000 1.00000000 
47.62500000 1.00000000 
47.67500000 1.00000000 
47.72500000 1.00000000 
47.77500000 1.00000000 
47.82500000 1.00000000 
47.87500000 1.00000000 
47.92500000 1.00000000 
47.97500000 1.00000000 
48.02500000 1.00000000 
48.07500000 1.00000000 
48.12500000 1.00000000 
48.17500000 1.00000000 
48.22500000 1.00000000 
48.27500000 1.00000000 
48.32500000 1.00000000 
48.37500000 1.00000000 
48.42500000 1.00000000 
48.47500000 1.00000000 
48.52500000 1.00000000 
48.57500000 1.00000000 
48.62500000 1.00000000 
48.67500000 1.00000000 
48.72500000 1.00000000 
48.77500000 1.00000000 
48.82500000 1.00000000 
48.87500000 1.00000000 
48.92500000 1.00000000 
48.97500000 1.00000000 
49.02500000 1.00000000 
49.07500000 1.00000000 
49.12500000 1.00000000 
49.17500000 1.00000000 
49.22500000 1.00000000 
49.27500000 1.00000000 
49.32500000 1.00000000 
49.37500000 1.00000000 
49.42500000 1.00000000 
49.47500000 1.00000000 
49.52500000 1.00000000 
49.57500000 1.00000000 
49.62500000 1.00000000 
49.67500000 1.00000000 
49.72500000 1.00000000 
49.77500000 1.00000000 
49.82500000 1.00000000 
49.87500000 1.00000000 
49.92500000 1.00000000 
49.97500000 1.00000000 
50.02500000 1.00000000 
50.07500000 1.00000000 
50.12500000 1.00000000 
50.17500000 1.00000000 
50.22500000 1.00000000 
50.27500000 1.00000000 
50.32500000 1.00000000 
50.37500000 1.00000000 
50.42500000 1.00000000 
50.47500000 1.00000000 
50.52500000 1.00000000 
50.57500000 1.00000000 
50.62500000 1.00000000 
50.67500000 1.00000000 
50.72500000 1.00000000 
50.77500000 1.00000000 
50.82500000 1.00000000 
50.87500000 1.00000000 
50.92500000 1.00000000 
50.97500000 1.00000000 
51.02500000 1.00000000 
51.07500000 1.00000000 
51.12500000 1.00000000 
51.17500000 1.00000000 
51.22500000 1.00000000 
51.27500000 1.00000000 
51.32500000 1.00000000 
51.37500000 1.00000000 
51.42500000 1.00000000 
51.47500000 1.00000000 
51.52500000 1.00000000 
51.57500000 1.00000000 
51.62500000 1.00000000 
51.67500000 1.00000000 
51.72500000 1.00000000 
51.77500000 1.00000000 
51.82500000 1.00000000 
51.87500000 1.00000000 
51.92500000 1.00000000 
51.97500000 1.00000000 
52.02500000 1.00000000 
52.07500000 1.00000000 
52.12500000 1.00000000 
52.17500000 1.00000000 
52.22500000 1.00000000 
52.27500000 1.00000000 
52.32500000 1.00000000 
52.37500000 1.00000000 
52.42500000 1.00000000 
52.47500000 1.00000000 
52.52500000 1.00000000 
52.57500000 1.00000000 
52.62500000 1.00000000 
52.67500000 1.00000000 
52.72500000 1.00000000 
52.77500000 1.00000000 
52.82500000 1.00000000 
52.87500000 1.00000000 
52.92500000 1.00000000 
52.97500000 1.00000000 
53.02500000 1.00000000 
53.07500000 1.00000000 
53.12500000 1.00000000 
53.17500000 1.00000000 
53.22500000 1.00000000 
53.27500000 1.00000000 
53.32500000 1.00000000 
53.37500000 1.00000000 
53.42500000 1.00000000 
53.47500000 1.00000000 
53.52500000 1.00000000 
53.57500000 1.00000000 
53.62500000 1.00000000 
53.67500000 1.00000000 
53.72500000 1.00000000 
53.77500000 1.00000000 
53.82500000 1.00000000 
53.87500000 1.00000000 
53.92500000 1.00000000 
53.97500000 1.00000000 
54.02500000 1.00000000 
54.07500000 1.00000000 
54.12500000 1.00000000 
54.17500000 1.00000000 
54.22500000 1.00000000 
54.27500000 1.00000000 
54.32500000 1.00000000 
54.37500000 1.00000000 
54.42500000 1.00000000 
54.47500000 1.00000000 
54.52500000 1.00000000 
54.57500000 1.00000000 
54.62500000 1.00000000 
54.67500000 1.00000000 
54.72500000 1.00000000 
54.77500000 1.00000000 
54.82500000 1.00000000 
54.87500000 1.00000000 
54.92500000 1.00000000 
54.97500000 1.00000000 
55.02500000 1.00000000 
55.07500000 1.00000000 
55.12500000 1.00000000 
55.17500000 1.00000000 
55.22500000 1.00000000 
55.27500000 1.00000000 
55.32500000 1.00000000 
55.37500000 1.00000000 
55.42500000 1.00000000 
55.47500000 1.00000000 
55.52500000 1.00000000 
55.57500000 1.00000000 
55.62500000 1.00000000 
55.67500000 1.00000000 
55.72500000 1.00000000 
55.77500000 1.00000000 
55.82500000 1.00000000 
55.87500000 1.00000000 
55.92500000 1.00000000 
55.97500000 1.00000000 
56.02500000 1.00000000 
56.07500000 1.00000000 
56.12500000 1.00000000 
56.17500000 1.00000000 
56.22500000 1.00000000 
56.27500000 1.00000000 
56.32500000 1.00000000 
56.37500000 1.00000000 
56.42500000 1.00000000 
56.47500000 1.00000000 
56.52500000 1.00000000 
56.57500000 1.00000000 
56.62500000 1.00000000 
56.67500000 1.00000000 
56.72500000 1.00000000 
56.77500000 1.00000000 
56.82500000 1.00000000 
56.87500000 1.00000000 
56.92500000 1.00000000 
56.97500000 1.00000000 
57.02500000 1.00000000 
57.07500000 1.00000000 
57.12500000 1.00000000 
57.17500000 1.00000000 
57.22500000 1.00000000 
57.27500000 1.00000000 
57.32500000 1.00000000 
57.37500000 1.00000000 
57.42500000 1.00000000 
57.47500000 1.00000000 
57.52500000 1.00000000 
57.57500000 1.00000000 
57.62500000 1.00000000 
57.67500000 1.00000000 
57.72500000 1.00000000 
57.77500000 1.00000000 
57.82500000 1.00000000 
57.87500000 1.00000000 
57.92500000 1.00000000 
57.97500000 1.00000000 
58.02500000 1.00000000 
58.07500000 1.00000000 
58.12500000 1.00000000 
58.17500000 1.00000000 
58.22500000 1.00000000 
58.27500000 1.00000000 
58.32500000 1.00000000 
58.37500000 1.00000000 
58.42500000 1.00000000 
58.47500000 1.00000000 
58.52500000 1.00000000 
58.57500000 1.00000000 
58.62500000 1.00000000 
58.67500000 1.00000000 
58.72500000 1.00000000 
58.77500000 1.00000000 
58.82500000 1.00000000 
58.87500000 1.00000000 
58.92500000 1.00000000 
58.97500000 1.00000000 
59.02500000 1.00000000 
59.07500000 1.00000000 
59.12500000 1.00000000 
59.17500000 1.00000000 
59.22500000 1.00000000 
59.27500000 1.00000000 
59.32500000 1.00000000 
59.37500000 1.00000000 
59.42500000 1.00000000 
59.47500000 1.00000000 
59.52500000 1.00000000 
59.57500000 1.00000000 
59.62500000 1.00000000 
59.67500000 1.00000000 
59.72500000 1.00000000 
59.77500000 1.00000000 
59.82500000 1.00000000 
59.87500000 1.00000000 
59.92500000 1.00000000 
59.97500000 1.00000000 
60.02500000 1.00000000 
60.07500000 1.00000000 
60.12500000 1.00000000 
60.17500000 1.00000000 
60.22500000 1.00000000 
60.27500000 1.00000000 
60.32500000 1.00000000 
60.37500000 1.00000000 
60.42500000 1.00000000 
60.47500000 1.00000000 
60.52500000 1.00000000 
60.57500000 1.00000000 
60.62500000 1.00000000 
60.67500000 1.00000000 
60.72500000 1.00000000 
60.77500000 1.00000000 
60.82500000 1.00000000 
60.87500000 1.00000000 
60.92500000 1.00000000 
60.97500000 1.00000000 
61.02500000 1.00000000 
61.07500000 1.00000000 
61.12500000 1.00000000 
61.17500000 1.00000000 
61.22500000 1.00000000 
61.27500000 1.00000000 
61.32500000 1.00000000 
61.37500000 1.00000000 
61.42500000 1.00000000 
61.47500000 1.00000000 
61.52500000 1.00000000 
61.57500000 1.00000000 
61.62500000 1.00000000 
61.67500000 1.00000000 
61.72500000 1.00000000 
61.77500000 1.00000000 
61.82500000 1.00000000 
61.87500000 1.00000000 
61.92500000 1.00000000 
61.97500000 1.00000000 
62.02500000 1.00000000 
62.07500000 1.00000000 
62.12500000 1.00000000 
62.17500000 1.00000000 
62.22500000 1.00000000 
62.27500000 1.00000000 
62.32500000 1.00000000 
62.37500000 1.00000000 
62.42500000 1.00000000 
62.47500000 1.00000000 
62.52500000 1.00000000 
62.57500000 1.00000000 
62.62500000 1.00000000 
62.67500000 1.00000000 
62.72500000 1.00000000 
62.77500000 1.00000000 
62.82500000 1.00000000 
62.87500000 1.00000000 
62.92500000 1.00000000 
62.97500000 1.00000000 
63.02500000 1.00000000 
63.07500000 1.00000000 
63.12500000 1.00000000 
63.17500000 1.00000000 
63.22500000 1.00000000 
63.27500000 1.00000000 
63.32500000 1.00000000 
63.37500000 1.00000000 
63.42500000 1.00000000 
63.47500000 1.00000000 
63.52500000 1.00000000 
63.57500000 1.00000000 
63.62500000 1.00000000 
63.67500000 1.00000000 
63.72500000 1.00000000 
63.77500000 1.00000000 
63.82500000 1.00000000 
63.87500000 1.00000000 
63.92500000 1.00000000 
63.97500000 1.00000000 
64.02500000 1.00000000 
64.07500000 1.00000000 
64.12500000 1.00000000 
64.17500000 1.00000000 
64.22500000 1.00000000 
64.27500000 1.00000000 
64.32500000 1.00000000 
64.37500000 1.00000000 
64.42500000 1.00000000 
64.47500000 1.00000000 
64.52500000 1.00000000 
64.57500000 1.00000000 
64.62500000 1.00000000 
64.67500000 1.00000000 
64.72500000 1.00000000 
64.77500000 1.00000000 
64.82500000 1.00000000 
64.87500000 1.00000000 
64.92500000 1.00000000 
64.97500000 1.00000000 
65.02500000 0.99999999 
65.07500000 0.99999999 
65.12500000 0.99999999 
65.17500000 0.99999999 
65.22500000 0.99999999 
65.27500000 0.99999999 
65.32500000 0.99999999 
65.37500000 0.99999999 
65.42500000 0.99999999 
65.47500000 0.99999999 
65.52500000 0.99999999 
65.57500000 0.99999999 
65.62500000 0.99999999 
65.67500000 0.99999999 
65.72500000 0.99999999 
65.77500000 0.99999999 
65.82500000 0.99999999 
65.87500000 0.99999999 
65.92500000 0.99999999 
65.97500000 0.99999999 
66.02500000 0.99999999 
66.07500000 0.99999999 
66.12500000 0.99999999 
66.17500000 0.99999999 
66.22500000 0.99999999 
66.27500000 0.99999999 
66.32500000 0.99999999 
66.37500000 0.99999999 
66.42500000 0.99999999 
66.47500000 0.99999999 
66.52500000 0.99999999 
66.57500000 0.99999999 
66.62500000 0.99999999 
66.67500000 0.99999999 
66.72500000 0.99999999 
66.77500000 0.99999999 
66.82500000 0.99999999 
66.87500000 0.99999999 
66.92500000 0.99999999 
66.97500000 0.99999999 
67.02500000 0.99999999 
67.07500000 0.99999999 
67.12500000 0.99999999 
67.17500000 0.99999999 
67.22500000 0.99999999 
67.27500000 0.99999999 
67.32500000 0.99999999 
67.37500000 0.99999999 
67.42500000 0.99999999 
67.47500000 0.99999999 
67.52500000 0.99999999 
67.57500000 0.99999999 
67.62500000 0.99999999 
67.67500000 0.99999999 
67.72500000 0.99999999 
67.77500000 0.99999999 
67.82500000 0.99999999 
67.87500000 0.99999999 
67.92500000 0.99999999 
67.97500000 0.99999999 
68.02500000 0.99999999 
68.07500000 0.99999999 
68.12500000 0.99999999 
68.17500000 0.99999998 
68.22500000 0.99999998 
68.27500000 0.99999998 
68.32500000 0.99999998 
68.37500000 0.99999998 
68.42500000 0.99999998 
68.47500000 0.99999998 
68.52500000 0.99999998 
68.57500000 0.99999998 
68.62500000 0.99999998 
68.67500000 0.99999998 
68.72500000 0.99999998 
68.77500000 0.99999998 
68.82500000 0.99999998 
68.87500000 0.99999998 
68.92500000 0.99999998 
68.97500000 0.99999998 
69.02500000 0.99999998 
69.07500000 0.99999998 
69.12500000 0.99999998 
69.17500000 0.99999998 
69.22500000 0.99999998 
69.27500000 0.99999998 
69.32500000 0.99999998 
69.37500000 0.99999998 
69.42500000 0.99999998 
69.47500000 0.99999998 
69.52500000 0.99999998 
69.57500000 0.99999998 
69.62500000 0.99999997 
69.67500000 0.99999997 
69.72500000 0.99999997 
69.77500000 0.99999997 
69.82500000 0.99999997 
69.87500000 0.99999997 
69.92500000 0.99999997 
69.97500000 0.99999997 
70.02500000 0.99999997 
70.07500000 0.99999997 
70.12500000 0.99999997 
70.17500000 0.99999997 
70.22500000 0.99999997 
70.27500000 0.99999997 
70.32500000 0.99999997 
70.37500000 0.99999997 
70.42500000 0.99999997 
70.47500000 0.99999997 
70.52500000 0.99999997 
70.57500000 0.99999996 
70.62500000 0.99999996 
70.67500000 0.99999996 
70.72500000 0.99999996 
70.77500000 0.99999996 
70.82500000 0.99999996 
70.87500000 0.99999996 
70.92500000 0.99999996 
70.97500000 0.99999996 
71.02500000 0.99999996 
71.07500000 0.99999996 
71.12500000 0.99999996 
71.17500000 0.99999996 
71.22500000 0.99999996 
71.27500000 0.99999996 
71.32500000 0.99999995 
71.37500000 0.99999995 
71.42500000 0.99999995 
71.47500000 0.99999995 
71.52500000 0.99999995 
71.57500000 0.99999995 
71.62500000 0.99999995 
71.67500000 0.99999995 
71.72500000 0.99999995 
71.77500000 0.99999995 
71.82500000 0.99999995 
71.87500000 0.99999994 
71.92500000 0.99999994 
71.97500000 0.99999994 
72.02500000 0.99999994 
72.07500000 0.99999994 
72.12500000 0.99999994 
72.17500000 0.99999994 
72.22500000 0.99999994 
72.27500000 0.99999994 
72.32500000 0.99999993 
72.37500000 0.99999993 
72.42500000 0.99999993 
72.47500000 0.99999993 
72.52500000 0.99999993 
72.57500000 0.99999993 
72.62500000 0.99999993 
72.67500000 0.99999993 
72.72500000 0.99999993 
72.77500000 0.99999992 
72.82500000 0.99999992 
72.87500000 0.99999992 
72.92500000 0.99999992 
72.97500000 0.99999992 
73.02500000 0.99999992 
73.07500000 0.99999992 
73.12500000 0.99999991 
73.17500000 0.99999991 
73.22500000 0.99999991 
73.27500000 0.99999991 
73.32500000 0.99999991 
73.37500000 0.99999991 
73.42500000 0.99999990 
73.47500000 0.99999990 
73.52500000 0.99999990 
73.57500000 0.99999990 
73.62500000 0.99999990 
73.67500000 0.99999990 
73.72500000 0.99999989 
73.77500000 0.99999989 
73.82500000 0.99999989 
73.87500000 0.99999989 
73.92500000 0.99999989 
73.97500000 0.99999988 
74.02500000 0.99999988 
74.07500000 0.99999988 
74.12500000 0.99999988 
74.17500000 0.99999988 
74.22500000 0.99999987 
74.27500000 0.99999987 
74.32500000 0.99999987 
74.37500000 0.99999987 
74.42500000 0.99999986 
74.47500000 0.99999986 
74.52500000 0.99999986 
74.57500000 0.99999986 
74.62500000 0.99999985 
74.67500000 0.99999985 
74.72500000 0.99999985 
74.77500000 0.99999985 
74.82500000 0.99999984 
74.87500000 0.99999984 
74.92500000 0.99999984 
74.97500000 0.99999984 
75.02500000 0.99999983 
75.07500000 0.99999983 
75.12500000 0.99999983 
75.17500000 0.99999982 
75.22500000 0.99999982 
75.27500000 0.99999982 
75.32500000 0.99999981 
75.37500000 0.99999981 
75.42500000 0.99999981 
75.47500000 0.99999980 
75.52500000 0.99999980 
75.57500000 0.99999980 
75.62500000 0.99999979 
75.67500000 0.99999979 
75.72500000 0.99999979 
75.77500000 0.99999978 
75.82500000 0.99999978 
75.87500000 0.99999977 
75.92500000 0.99999977 
75.97500000 0.99999977 
76.02500000 0.99999976 
76.07500000 0.99999976 
76.12500000 0.99999975 
76.17500000 0.99999975 
76.22500000 0.99999974 
76.27500000 0.99999974 
76.32500000 0.99999974 
76.37500000 0.99999973 
76.42500000 0.99999973 
76.47500000 0.99999972 
76.52500000 0.99999972 
76.57500000 0.99999971 
76.62500000 0.99999971 
76.67500000 0.99999970 
76.72500000 0.99999970 
76.77500000 0.99999969 
76.82500000 0.99999968 
76.87500000 0.99999968 
76.92500000 0.99999967 
76.97500000 0.99999967 
77.02500000 0.99999966 
77.07500000 0.99999966 
77.12500000 0.99999965 
77.17500000 0.99999964 
77.22500000 0.99999964 
77.27500000 0.99999963 
77.32500000 0.99999962 
77.37500000 0.99999962 
77.42500000 0.99999961 
77.47500000 0.99999960 
77.52500000 0.99999960 
77.57500000 0.99999959 
77.62500000 0.99999958 
77.67500000 0.99999957 
77.72500000 0.99999957 
77.77500000 0.99999956 
77.82500000 0.99999955 
77.87500000 0.99999954 
77.92500000 0.99999954 
77.97500000 0.99999953 
78.02500000 0.99999952 
78.07500000 0.99999951 
78.12500000 0.99999950 
78.17500000 0.99999949 
78.22500000 0.99999948 
78.27500000 0.99999947 
78.32500000 0.99999947 
78.37500000 0.99999946 
78.42500000 0.99999945 
78.47500000 0.99999944 
78.52500000 0.99999943 
78.57500000 0.99999942 
78.62500000 0.99999941 
78.67500000 0.99999940 
78.72500000 0.99999938 
78.77500000 0.99999937 
78.82500000 0.99999936 
78.87500000 0.99999935 
78.92500000 0.99999934 
78.97500000 0.99999933 
79.02500000 0.99999932 
79.07500000 0.99999930 
79.12500000 0.99999929 
79.17500000 0.99999928 
79.22500000 0.99999927 
79.27500000 0.99999925 
79.32500000 0.99999924 
79.37500000 0.99999923 
79.42500000 0.99999921 
79.47500000 0.99999920 
79.52500000 0.99999919 
79.57500000 0.99999917 
79.62500000 0.99999916 
79.67500000 0.99999914 
79.72500000 0.99999913 
79.77500000 0.99999911 
79.82500000 0.99999910 
79.87500000 0.99999908 
79.92500000 0.99999906 
79.97500000 0.99999905 
80.02500000 0.99999903 
80.07500000 0.99999901 
80.12500000 0.99999899 
80.17500000 0.99999898 
80.22500000 0.99999896 
80.27500000 0.99999894 
80.32500000 0.99999892 
80.37500000 0.99999890 
80.42500000 0.99999888 
80.47500000 0.99999886 
80.52500000 0.99999884 
80.57500000 0.99999882 
80.62500000 0.99999880 
80.67500000 0.99999878 
80.72500000 0.99999876 
80.77500000 0.99999874 
80.82500000 0.99999871 
80.87500000 0.99999869 
80.92500000 0.99999867 
80.97500000 0.99999864 
81.02500000 0.99999862 
81.07500000 0.99999860 
81.12500000 0.99999857 
81.17500000 0.99999855 
81.22500000 0.99999852 
81.27500000 0.99999849 
81.32500000 0.99999847 
81.37500000 0.99999844 
81.42500000 0.99999841 
81.47500000 0.99999838 
81.52500000 0.99999836 
81.57500000 0.99999833 
81.62500000 0.99999830 
81.67500000 0.99999827 
81.72500000 0.99999824 
81.77500000 0.99999821 
81.82500000 0.99999817 
81.87500000 0.99999814 
81.92500000 0.99999811 
81.97500000 0.99999808 
82.02500000 0.99999804 
82.07500000 0.99999801 
82.12500000 0.99999797 
82.17500000 0.99999794 
82.22500000 0.99999790 
82.27500000 0.99999786 
82.32500000 0.99999782 
82.37500000 0.99999778 
82.42500000 0.99999775 
82.47500000 0.99999771 
82.52500000 0.99999767 
82.57500000 0.99999762 
82.62500000 0.99999758 
82.67500000 0.99999754 
82.72500000 0.99999750 
82.77500000 0.99999745 
82.82500000 0.99999741 
82.87500000 0.99999736 
82.92500000 0.99999731 
82.97500000 0.99999727 
83.02500000 0.99999722 
83.07500000 0.99999717 
83.12500000 0.99999712 
83.17500000 0.99999707 
83.22500000 0.99999701 
83.27500000 0.99999696 
83.32500000 0.99999691 
83.37500000 0.99999685 
83.42500000 0.99999680 
83.47500000 0.99999674 
83.52500000 0.99999668 
83.57500000 0.99999662 
83.62500000 0.99999656 
83.67500000 0.99999650 
83.72500000 0.99999644 
83.77500000 0.99999638 
83.82500000 0.99999631 
83.87500000 0.99999625 
83.92500000 0.99999618 
83.97500000 0.99999612 
84.02500000 0.99999605 
84.07500000 0.99999598 
84.12500000 0.99999591 
84.17500000 0.99999583 
84.22500000 0.99999576 
84.27500000 0.99999568 
84.32500000 0.99999561 
84.37500000 0.99999553 
84.42500000 0.99999545 
84.47500000 0.99999537 
84.52500000 0.99999529 
84.57500000 0.99999520 
84.62500000 0.99999512 
84.67500000 0.99999503 
84.72500000 0.99999495 
84.77500000 0.99999486 
84.82500000 0.99999476 
84.87500000 0.99999467 
84.92500000 0.99999458 
84.97500000 0.99999448 
85.02500000 0.99999438 
85.07500000 0.99999428 
85.12500000 0.99999418 
85.17500000 0.99999408 
85.22500000 0.99999398 
85.27500000 0.99999387 
85.32500000 0.99999376 
85.37500000 0.99999365 
85.42500000 0.99999354 
85.47500000 0.99999342 
85.52500000 0.99999331 
85.57500000 0.99999319 
85.62500000 0.99999307 
85.67500000 0.99999294 
85.72500000 0.99999282 
85.77500000 0.99999269 
85.82500000 0.99999256 
85.87500000 0.99999243 
85.92500000 0.99999230 
85.97500000 0.99999216 
86.02500000 0.99999202 
86.07500000 0.99999188 
86.12500000 0.99999174 
86.17500000 0.99999159 
86.22500000 0.99999144 
86.27500000 0.99999129 
86.32500000 0.99999114 
86.37500000 0.99999098 
86.42500000 0.99999082 
86.47500000 0.99999066 
86.52500000 0.99999049 
86.57500000 0.99999032 
86.62500000 0.99999015 
86.67500000 0.99998998 
86.72500000 0.99998980 
86.77500000 0.99998962 
86.82500000 0.99998944 
86.87500000 0.99998925 
86.92500000 0.99998906 
86.97500000 0.99998886 
87.02500000 0.99998867 
87.07500000 0.99998847 
87.12500000 0.99998826 
87.17500000 0.99998805 
87.22500000 0.99998784 
87.27500000 0.99998763 
87.32500000 0.99998741 
87.37500000 0.99998719 
87.42500000 0.99998696 
87.47500000 0.99998673 
87.52500000 0.99998649 
87.57500000 0.99998625 
87.62500000 0.99998601 
87.67500000 0.99998576 
87.72500000 0.99998551 
87.77500000 0.99998525 
87.82500000 0.99998499 
87.87500000 0.99998473 
87.92500000 0.99998446 
87.97500000 0.99998418 
88.02500000 0.99998390 
88.07500000 0.99998362 
88.12500000 0.99998333 
88.17500000 0.99998303 
88.22500000 0.99998273 
88.27500000 0.99998242 
88.32500000 0.99998211 
88.37500000 0.99998180 
88.42500000 0.99998147 
88.47500000 0.99998115 
88.52500000 0.99998081 
88.57500000 0.99998047 
88.62500000 0.99998013 
88.67500000 0.99997977 
88.72500000 0.99997942 
88.77500000 0.99997905 
88.82500000 0.99997868 
88.87500000 0.99997830 
88.92500000 0.99997792 
88.97500000 0.99997753 
89.02500000 0.99997713 
89.07500000 0.99997673 
89.12500000 0.99997631 
89.17500000 0.99997589 
89.22500000 0.99997547 
89.27500000 0.99997503 
89.32500000 0.99997459 
89.37500000 0.99997414 
89.42500000 0.99997368 
89.47500000 0.99997322 
89.52500000 0.99997274 
89.57500000 0.99997226 
89.62500000 0.99997177 
89.67500000 0.99997127 
89.72500000 0.99997076 
89.77500000 0.99997024 
89.82500000 0.99996971 
89.87500000 0.99996918 
89.92500000 0.99996863 
89.97500000 0.99996808 
90.02500000 0.99996751 
90.07500000 0.99996694 
90.12500000 0.99996635 
90.17500000 0.99996576 
90.22500000 0.99996515 
90.27500000 0.99996453 
90.32500000 0.99996390 
90.37500000 0.99996326 
90.42500000 0.99996261 
90.47500000 0.99996195 
90.52500000 0.99996128 
90.57500000 0.99996059 
90.62500000 0.99995989 
90.67500000 0.99995918 
90.72500000 0.99995846 
90.77500000 0.99995773 
90.82500000 0.99995698 
90.87500000 0.99995622 
90.92500000 0.99995544 
90.97500000 0.99995465 
91.02500000 0.99995385 
91.07500000 0.99995303 
91.12500000 0.99995220 
91.17500000 0.99995135 
91.22500000 0.99995049 
91.27500000 0.99994962 
91.32500000 0.99994872 
91.37500000 0.99994781 
91.42500000 0.99994689 
91.47500000 0.99994595 
91.52500000 0.99994499 
91.57500000 0.99994402 
91.62500000 0.99994303 
91.67500000 0.99994202 
91.72500000 0.99994099 
91.77500000 0.99993995 
91.82500000 0.99993888 
91.87500000 0.99993780 
91.92500000 0.99993670 
91.97500000 0.99993558 
92.02500000 0.99993444 
92.07500000 0.99993328 
92.12500000 0.99993210 
92.17500000 0.99993089 
92.22500000 0.99992967 
92.27500000 0.99992843 
92.32500000 0.99992716 
92.37500000 0.99992587 
92.42500000 0.99992456 
92.47500000 0.99992322 
92.52500000 0.99992186 
92.57500000 0.99992048 
92.62500000 0.99991907 
92.67500000 0.99991764 
92.72500000 0.99991618 
92.77500000 0.99991469 
92.82500000 0.99991318 
92.87500000 0.99991164 
92.92500000 0.99991008 
92.97500000 0.99990849 
93.02500000 0.99990687 
93.07500000 0.99990522 
93.12500000 0.99990354 
93.17500000 0.99990183 
93.22500000 0.99990009 
93.27500000 0.99989833 
93.32500000 0.99989653 
93.37500000 0.99989469 
93.42500000 0.99989283 
93.47500000 0.99989093 
93.52500000 0.99988900 
93.57500000 0.99988703 
93.62500000 0.99988503 
93.67500000 0.99988300 
93.72500000 0.99988093 
93.77500000 0.99987882 
93.82500000 0.99987667 
93.87500000 0.99987449 
93.92500000 0.99987227 
93.97500000 0.99987000 
94.02500000 0.99986770 
94.07500000 0.99986536 
94.12500000 0.99986298 
94.17500000 0.99986055 
94.22500000 0.99985808 
94.27500000 0.99985557 
94.32500000 0.99985301 
94.37500000 0.99985041 
94.42500000 0.99984776 
94.47500000 0.99984506 
94.52500000 0.99984232 
94.57500000 0.99983953 
94.62500000 0.99983669 
94.67500000 0.99983380 
94.72500000 0.99983085 
94.77500000 0.99982786 
94.82500000 0.99982481 
94.87500000 0.99982171 
94.92500000 0.99981855 
94.97500000 0.99981534 
95.02500000 0.99981207 
95.07500000 0.99980874 
95.12500000 0.99980536 
95.17500000 0.99980191 
95.22500000 0.99979840 
95.27500000 0.99979483 
95.32500000 0.99979120 
95.37500000 0.99978750 
95.42500000 0.99978374 
95.47500000 0.99977991 
95.52500000 0.99977602 
95.57500000 0.99977205 
95.62500000 0.99976801 
95.67500000 0.99976391 
95.72500000 0.99975973 
95.77500000 0.99975547 
95.82500000 0.99975114 
95.87500000 0.99974674 
95.92500000 0.99974225 
95.97500000 0.99973769 
96.02500000 0.99973305 
96.07500000 0.99972832 
96.12500000 0.99972351 
96.17500000 0.99971862 
96.22500000 0.99971363 
96.27500000 0.99970856 
96.32500000 0.99970340 
96.37500000 0.99969815 
96.42500000 0.99969281 
96.47500000 0.99968737 
96.52500000 0.99968184 
96.57500000 0.99967620 
96.62500000 0.99967047 
96.67500000 0.99966464 
96.72500000 0.99965870 
96.77500000 0.99965266 
96.82500000 0.99964651 
96.87500000 0.99964025 
96.92500000 0.99963388 
96.97500000 0.99962740 
97.02500000 0.99962081 
97.07500000 0.99961409 
97.12500000 0.99960726 
97.17500000 0.99960031 
97.22500000 0.99959323 
97.27500000 0.99958603 
97.32500000 0.99957870 
97.37500000 0.99957125 
97.42500000 0.99956366 
97.47500000 0.99955593 
97.52500000 0.99954807 
97.57500000 0.99954007 
97.62500000 0.99953193 
97.67500000 0.99952365 
97.72500000 0.99951521 
97.77500000 0.99950663 
97.82500000 0.99949790 
97.87500000 0.99948901 
97.92500000 0.99947997 
97.97500000 0.99947076 
98.02500000 0.99946139 
98.07500000 0.99945186 
98.12500000 0.99944216 
98.17500000 0.99943228 
98.22500000 0.99942224 
98.27500000 0.99941201 
98.32500000 0.99940160 
98.37500000 0.99939101 
98.42500000 0.99938023 
98.47500000 0.99936926 
98.52500000 0.99935810 
98.57500000 0.99934674 
98.62500000 0.99933518 
98.67500000 0.99932341 
98.72500000 0.99931143 
98.77500000 0.99929925 
98.82500000 0.99928685 
98.87500000 0.99927422 
98.92500000 0.99926138 
98.97500000 0.99924831 
99.02500000 0.99923501 
99.07500000 0.99922147 
99.12500000 0.99920769 
99.17500000 0.99919367 
99.22500000 0.99917940 
99.27500000 0.99916488 
99.32500000 0.99915010 
99.37500000 0.99913506 
99.42500000 0.99911975 
99.47500000 0.99910418 
99.52500000 0.99908832 
99.57500000 0.99907219 
99.62500000 0.99905577 
99.67500000 0.99903907 
99.72500000 0.99902206 
99.77500000 0.99900476 
99.82500000 0.99898715 
99.87500000 0.99896923 
99.92500000 0.99895099 
99.97500000 0.99893243 
100.02500000 0.99891354 
100.07500000 0.99889432 
100.12500000 0.99887476 
100.17500000 0.99885485 
100.22500000 0.99883459 
100.27500000 0.99881397 
100.32500000 0.99879299 
100.37500000 0.99877164 
100.42500000 0.99874991 
100.47500000 0.99872779 
100.52500000 0.99870529 
100.57500000 0.99868239 
100.62500000 0.99865908 
100.67500000 0.99863536 
100.72500000 0.99861122 
100.77500000 0.99858666 
100.82500000 0.99856166 
100.87500000 0.99853622 
100.92500000 0.99851033 
100.97500000 0.99848398 
101.02500000 0.99845717 
101.07500000 0.99842988 
101.12500000 0.99840211 
101.17500000 0.99837385 
101.22500000 0.99834509 
101.27500000 0.99831583 
101.32500000 0.99828605 
101.37500000 0.99825574 
101.42500000 0.99822489 
101.47500000 0.99819350 
101.52500000 0.99816156 
101.57500000 0.99812906 
101.62500000 0.99809597 
101.67500000 0.99806231 
101.72500000 0.99802805 
101.77500000 0.99799319 
101.82500000 0.99795771 
101.87500000 0.99792160 
101.92500000 0.99788486 
101.97500000 0.99784747 
102.02500000 0.99780942 
102.07500000 0.99777070 
102.12500000 0.99773129 
102.17500000 0.99769119 
102.22500000 0.99765038 
102.27500000 0.99760886 
102.32500000 0.99756660 
102.37500000 0.99752359 
102.42500000 0.99747983 
102.47500000 0.99743529 
102.52500000 0.99738997 
102.57500000 0.99734385 
102.62500000 0.99729691 
102.67500000 0.99724915 
102.72500000 0.99720055 
102.77500000 0.99715109 
102.82500000 0.99710076 
102.87500000 0.99704954 
102.92500000 0.99699742 
102.97500000 0.99694438 
103.02500000 0.99689040 
103.07500000 0.99683548 
103.12500000 0.99677958 
103.17500000 0.99672270 
103.22500000 0.99666482 
103.27500000 0.99660593 
103.32500000 0.99654599 
103.37500000 0.99648500 
103.42500000 0.99642293 
103.47500000 0.99635977 
103.52500000 0.99629550 
103.57500000 0.99623010 
103.62500000 0.99616355 
103.67500000 0.99609582 
103.72500000 0.99602691 
103.77500000 0.99595678 
103.82500000 0.99588542 
103.87500000 0.99581280 
103.92500000 0.99573890 
103.97500000 0.99566371 
104.02500000 0.99558719 
104.07500000 0.99550933 
104.12500000 0.99543010 
104.17500000 0.99534948 
104.22500000 0.99526744 
104.27500000 0.99518396 
104.32500000 0.99509901 
104.37500000 0.99501257 
104.42500000 0.99492461 
104.47500000 0.99483511 
104.52500000 0.99474403 
104.57500000 0.99465136 
104.62500000 0.99455706 
104.67500000 0.99446110 
104.72500000 0.99436346 
104.77500000 0.99426411 
104.82500000 0.99416301 
104.87500000 0.99406014 
104.92500000 0.99395547 
104.97500000 0.99384896 
105.02500000 0.99374058 
105.07500000 0.99363030 
105.12500000 0.99351809 
105.17500000 0.99340392 
105.22500000 0.99328774 
105.27500000 0.99316953 
105.32500000 0.99304925 
105.37500000 0.99292686 
105.42500000 0.99280234 
105.47500000 0.99267563 
105.52500000 0.99254670 
105.57500000 0.99241552 
105.62500000 0.99228204 
105.67500000 0.99214624 
105.72500000 0.99200805 
105.77500000 0.99186745 
105.82500000 0.99172440 
105.87500000 0.99157884 
105.92500000 0.99143074 
105.97500000 0.99128006 
106.02500000 0.99112675 
106.07500000 0.99097076 
106.12500000 0.99081204 
106.17500000 0.99065056 
106.22500000 0.99048627 
106.27500000 0.99031911 
106.32500000 0.99014903 
106.37500000 0.98997599 
106.42500000 0.98979994 
106.47500000 0.98962082 
106.52500000 0.98943858 
106.57500000 0.98925317 
106.62500000 0.98906454 
106.67500000 0.98887262 
106.72500000 0.98867737 
106.77500000 0.98847872 
106.82500000 0.98827662 
106.87500000 0.98807101 
106.92500000 0.98786183 
106.97500000 0.98764902 
107.02500000 0.98743251 
107.07500000 0.98721225 
107.12500000 0.98698817 
107.17500000 0.98676021 
107.22500000 0.98652829 
107.27500000 0.98629236 
107.32500000 0.98605235 
107.37500000 0.98580818 
107.42500000 0.98555978 
107.47500000 0.98530709 
107.52500000 0.98505003 
107.57500000 0.98478853 
107.62500000 0.98452252 
107.67500000 0.98425191 
107.72500000 0.98397663 
107.77500000 0.98369661 
107.82500000 0.98341176 
107.87500000 0.98312200 
107.92500000 0.98282724 
107.97500000 0.98252742 
108.02500000 0.98222244 
108.07500000 0.98191221 
108.12500000 0.98159665 
108.17500000 0.98127567 
108.22500000 0.98094917 
108.27500000 0.98061708 
108.32500000 0.98027929 
108.37500000 0.97993571 
108.42500000 0.97958624 
108.47500000 0.97923079 
108.52500000 0.97886926 
108.57500000 0.97850155 
108.62500000 0.97812755 
108.67500000 0.97774717 
108.72500000 0.97736029 
108.77500000 0.97696682 
108.82500000 0.97656664 
108.87500000 0.97615964 
108.92500000 0.97574571 
108.97500000 0.97532475 
109.02500000 0.97489663 
109.07500000 0.97446123 
109.12500000 0.97401845 
109.17500000 0.97356816 
109.22500000 0.97311024 
109.27500000 0.97264456 
109.32500000 0.97217101 
109.37500000 0.97168945 
109.42500000 0.97119975 
109.47500000 0.97070179 
109.52500000 0.97019544 
109.57500000 0.96968055 
109.62500000 0.96915699 
109.67500000 0.96862463 
109.72500000 0.96808333 
109.77500000 0.96753294 
109.82500000 0.96697331 
109.87500000 0.96640431 
109.92500000 0.96582579 
109.97500000 0.96523759 
110.02500000 0.96463957 
110.07500000 0.96403157 
110.12500000 0.96341343 
110.17500000 0.96278500 
110.22500000 0.96214612 
110.27500000 0.96149663 
110.32500000 0.96083635 
110.37500000 0.96016513 
110.42500000 0.95948280 
110.47500000 0.95878918 
110.52500000 0.95808411 
110.57500000 0.95736741 
110.62500000 0.95663890 
110.67500000 0.95589840 
110.72500000 0.95514574 
110.77500000 0.95438072 
110.82500000 0.95360317 
110.87500000 0.95281289 
110.92500000 0.95200970 
110.97500000 0.95119340 
111.02500000 0.95036380 
111.07500000 0.94952070 
111.12500000 0.94866391 
111.17500000 0.94779322 
111.22500000 0.94690843 
111.27500000 0.94600933 
111.32500000 0.94509572 
111.37500000 0.94416738 
111.42500000 0.94322411 
111.47500000 0.94226569 
111.52500000 0.94129190 
111.57500000 0.94030253 
111.62500000 0.93929735 
111.67500000 0.93827615 
111.72500000 0.93723869 
111.77500000 0.93618476 
111.82500000 0.93511411 
111.87500000 0.93402652 
111.92500000 0.93292177 
111.97500000 0.93179960 
112.02500000 0.93065979 
112.07500000 0.92950209 
112.12500000 0.92832627 
112.17500000 0.92713207 
112.22500000 0.92591927 
112.27500000 0.92468760 
112.32500000 0.92343683 
112.37500000 0.92216670 
112.42500000 0.92087696 
112.47500000 0.91956735 
112.52500000 0.91823762 
112.57500000 0.91688752 
112.62500000 0.91551679 
112.67500000 0.91412516 
112.72500000 0.91271238 
112.77500000 0.91127818 
112.82500000 0.90982231 
112.87500000 0.90834449 
112.92500000 0.90684445 
112.97500000 0.90532195 
113.02500000 0.90377669 
113.07500000 0.90220843 
113.12500000 0.90061688 
113.17500000 0.89900178 
113.22500000 0.89736286 
113.27500000 0.89569985 
113.32500000 0.89401247 
113.37500000 0.89230046 
113.42500000 0.89056354 
113.47500000 0.88880144 
113.52500000 0.88701388 
113.57500000 0.88520061 
113.62500000 0.88336134 
113.67500000 0.88149581 
113.72500000 0.87960374 
113.77500000 0.87768487 
113.82500000 0.87573893 
113.87500000 0.87376564 
113.92500000 0.87176475 
113.97500000 0.86973599 
114.02500000 0.86767910 
114.07500000 0.86559381 
114.12500000 0.86347986 
114.17500000 0.86133700 
114.22500000 0.85916497 
114.27500000 0.85696352 
114.32500000 0.85473239 
114.37500000 0.85247134 
114.42500000 0.85018012 
114.47500000 0.84785850 
114.52500000 0.84550623 
114.57500000 0.84312308 
114.62500000 0.84070881 
114.67500000 0.83826320 
114.72500000 0.83578603 
114.77500000 0.83327708 
114.82500000 0.83073614 
114.87500000 0.82816299 
114.92500000 0.82555743 
114.97500000 0.82291927 
115.02500000 0.82024831 
115.07500000 0.81754437 
115.12500000 0.81480726 
115.17500000 0.81203682 
115.22500000 0.80923287 
115.27500000 0.80639526 
115.32500000 0.80352383 
115.37500000 0.80061844 
115.42500000 0.79767895 
115.47500000 0.79470523 
115.52500000 0.79169716 
115.57500000 0.78865463 
115.62500000 0.78557754 
115.67500000 0.78246579 
115.72500000 0.77931930 
115.77500000 0.77613799 
115.82500000 0.77292180 
115.87500000 0.76967067 
115.92500000 0.76638457 
115.97500000 0.76306346 
116.02500000 0.75970732 
116.07500000 0.75631613 
116.12500000 0.75288991 
116.17500000 0.74942867 
116.22500000 0.74593243 
116.27500000 0.74240124 
116.32500000 0.73883514 
116.37500000 0.73523420 
116.42500000 0.73159851 
116.47500000 0.72792816 
116.52500000 0.72422325 
116.57500000 0.72048391 
116.62500000 0.71671026 
116.67500000 0.71290248 
116.72500000 0.70906071 
116.77500000 0.70518515 
116.82500000 0.70127598 
116.87500000 0.69733343 
116.92500000 0.69335772 
116.97500000 0.68934909 
117.02500000 0.68530781 
117.07500000 0.68123416 
117.12500000 0.67712842 
117.17500000 0.67299092 
117.22500000 0.66882197 
117.27500000 0.66462193 
117.32500000 0.66039116 
117.37500000 0.65613003 
117.42500000 0.65183894 
117.47500000 0.64751831 
117.52500000 0.64316857 
117.57500000 0.63879016 
117.62500000 0.63438356 
117.67500000 0.62994925 
117.72500000 0.62548773 
117.77500000 0.62099953 
117.82500000 0.61648517 
117.87500000 0.61194521 
117.92500000 0.60738022 
117.97500000 0.60279080 
118.02500000 0.59817755 
118.07500000 0.59354108 
118.12500000 0.58888205 
118.17500000 0.58420110 
118.22500000 0.57949891 
118.27500000 0.57477617 
118.32500000 0.57003359 
118.37500000 0.56527187 
118.42500000 0.56049176 
118.47500000 0.55569401 
118.52500000 0.55087938 
118.57500000 0.54604866 
118.62500000 0.54120263 
118.67500000 0.53634211 
118.72500000 0.53146791 
118.77500000 0.52658086 
118.82500000 0.52168182 
118.87500000 0.51677164 
118.92500000 0.51185118 
118.97500000 0.50692134 
119.02500000 0.50198298 
119.07500000 0.49703703 
119.12500000 0.49208438 
119.17500000 0.48712594 
119.22500000 0.48216266 
119.27500000 0.47719545 
119.32500000 0.47222526 
119.37500000 0.46725303 
119.42500000 0.46227971 
119.47500000 0.45730627 
119.52500000 0.45233365 
119.57500000 0.44736282 
119.62500000 0.44239474 
119.67500000 0.43743039 
119.72500000 0.43247074 
119.77500000 0.42751674 
119.82500000 0.42256938 
119.87500000 0.41762961 
119.92500000 0.41269841 
119.97500000 0.40777674 
120.02500000 0.40286556 
120.07500000 0.39796584 
120.12500000 0.39307851 
120.17500000 0.38820453 
120.22500000 0.38334485 
120.27500000 0.37850038 
120.32500000 0.37367208 
120.37500000 0.36886084 
120.42500000 0.36406758 
120.47500000 0.35929321 
120.52500000 0.35453861 
120.57500000 0.34980466 
120.62500000 0.34509222 
120.67500000 0.34040216 
120.72500000 0.33573532 
120.77500000 0.33109252 
120.82500000 0.32647459 
120.87500000 0.32188231 
120.92500000 0.31731648 
120.97500000 0.31277786 
121.02500000 0.30826720 
121.07500000 0.30378525 
121.12500000 0.29933272 
121.17500000 0.29491030 
121.22500000 0.29051870 
121.27500000 0.28615855 
121.32500000 0.28183052 
121.37500000 0.27753523 
121.42500000 0.27327328 
121.47500000 0.26904526 
121.52500000 0.26485173 
121.57500000 0.26069324 
121.62500000 0.25657031 
121.67500000 0.25248345 
121.72500000 0.24843313 
121.77500000 0.24441982 
121.82500000 0.24044396 
121.87500000 0.23650596 
121.92500000 0.23260622 
121.97500000 0.22874511 
122.02500000 0.22492298 
122.07500000 0.22114017 
122.12500000 0.21739698 
122.17500000 0.21369371 
122.22500000 0.21003061 
122.27500000 0.20640792 
122.32500000 0.20282588 
122.37500000 0.19928468 
122.42500000 0.19578450 
122.47500000 0.19232551 
122.52500000 0.18890783 
122.57500000 0.18553159 
122.62500000 0.18219688 
122.67500000 0.17890379 
122.72500000 0.17565236 
122.77500000 0.17244265 
122.82500000 0.16927466 
122.87500000 0.16614839 
122.92500000 0.16306384 
122.97500000 0.16002096 
123.02500000 0.15701970 
123.07500000 0.15405999 
123.12500000 0.15114174 
123.17500000 0.14826485 
123.22500000 0.14542919 
123.27500000 0.14263463 
123.32500000 0.13988102 
123.37500000 0.13716819 
123.42500000 0.13449596 
123.47500000 0.13186413 
123.52500000 0.12927251 
123.57500000 0.12672085 
123.62500000 0.12420894 
123.67500000 0.12173652 
123.72500000 0.11930334 
123.77500000 0.11690913 
123.82500000 0.11455360 
123.87500000 0.11223648 
123.92500000 0.10995745 
123.97500000 0.10771620 
124.02500000 0.10551243 
124.07500000 0.10334580 
124.12500000 0.10121598 
124.17500000 0.09912262 
124.22500000 0.09706538 
124.27500000 0.09504390 
124.32500000 0.09305781 
124.37500000 0.09110675 
124.42500000 0.08919035 
124.47500000 0.08730821 
124.52500000 0.08545997 
124.57500000 0.08364523 
124.62500000 0.08186359 
124.67500000 0.08011467 
124.72500000 0.07839807 
124.77500000 0.07671337 
124.82500000 0.07506019 
124.87500000 0.07343811 
124.92500000 0.07184672 
124.97500000 0.07028561 
125.02500000 0.06875438 
125.07500000 0.06725261 
125.12500000 0.06577989 
125.17500000 0.06433580 
125.22500000 0.06291994 
125.27500000 0.06153190 
125.32500000 0.06017125 
125.37500000 0.05883759 
125.42500000 0.05753052 
125.47500000 0.05624961 
125.52500000 0.05499447 
125.57500000 0.05376468 
125.62500000 0.05255985 
125.67500000 0.05137958 
125.72500000 0.05022345 
125.77500000 0.04909108 
125.82500000 0.04798208 
125.87500000 0.04689604 
125.92500000 0.04583259 
125.97500000 0.04479133 
126.02500000 0.04377188 
126.07500000 0.04277387 
126.12500000 0.04179691 
126.17500000 0.04084064 
126.22500000 0.03990468 
126.27500000 0.03898868 
126.32500000 0.03809226 
126.37500000 0.03721508 
126.42500000 0.03635677 
126.47500000 0.03551699 
126.52500000 0.03469540 
126.57500000 0.03389164 
126.62500000 0.03310539 
126.67500000 0.03233632 
126.72500000 0.03158408 
126.77500000 0.03084836 
126.82500000 0.03012884 
126.87500000 0.02942521 
126.92500000 0.02873715 
126.97500000 0.02806435 
127.02500000 0.02740651 
127.07500000 0.02676334 
127.12500000 0.02613454 
127.17500000 0.02551981 
127.22500000 0.02491889 
127.27500000 0.02433149 
127.32500000 0.02375732 
127.37500000 0.02319612 
127.42500000 0.02264763 
127.47500000 0.02211157 
127.52500000 0.02158770 
127.57500000 0.02107575 
127.62500000 0.02057548 
127.67500000 0.02008664 
127.72500000 0.01960899 
127.77500000 0.01914230 
127.82500000 0.01868633 
127.87500000 0.01824084 
127.92500000 0.01780563 
127.97500000 0.01738046 
128.02500000 0.01696512 
128.07500000 0.01655940 
128.12500000 0.01616308 
128.17500000 0.01577597 
128.22500000 0.01539787 
128.27500000 0.01502856 
128.32500000 0.01466788 
128.37500000 0.01431561 
128.42500000 0.01397158 
128.47500000 0.01363561 
128.52500000 0.01330751 
128.57500000 0.01298711 
128.62500000 0.01267424 
128.67500000 0.01236873 
128.72500000 0.01207042 
128.77500000 0.01177914 
128.82500000 0.01149473 
128.87500000 0.01121705 
128.92500000 0.01094593 
128.97500000 0.01068124 
129.02500000 0.01042282 
129.07500000 0.01017052 
129.12500000 0.00992422 
129.17500000 0.00968378 
129.22500000 0.00944905 
129.27500000 0.00921991 
129.32500000 0.00899624 
129.37500000 0.00877789 
129.42500000 0.00856476 
129.47500000 0.00835673 
129.52500000 0.00815366 
129.57500000 0.00795546 
129.62500000 0.00776200 
129.67500000 0.00757317 
129.72500000 0.00738888 
129.77500000 0.00720901 
129.82500000 0.00703345 
129.87500000 0.00686212 
129.92500000 0.00669490 
129.97500000 0.00653171 
130.02500000 0.00637244 
130.07500000 0.00621702 
130.12500000 0.00606534 
130.17500000 0.00591731 
130.22500000 0.00577286 
130.27500000 0.00563190 
130.32500000 0.00549434 
130.37500000 0.00536011 
130.42500000 0.00522912 
130.47500000 0.00510131 
130.52500000 0.00497658 
130.57500000 0.00485488 
130.62500000 0.00473613 
130.67500000 0.00462025 
130.72500000 0.00450719 
130.77500000 0.00439686 
130.82500000 0.00428922 
130.87500000 0.00418419 
130.92500000 0.00408171 
130.97500000 0.00398172 
131.02500000 0.00388416 
131.07500000 0.00378898 
131.12500000 0.00369611 
131.17500000 0.00360550 
131.22500000 0.00351710 
131.27500000 0.00343084 
131.32500000 0.00334670 
131.37500000 0.00326460 
131.42500000 0.00318450 
131.47500000 0.00310636 
131.52500000 0.00303012 
131.57500000 0.00295574 
131.62500000 0.00288318 
131.67500000 0.00281239 
131.72500000 0.00274333 
131.77500000 0.00267595 
131.82500000 0.00261022 
131.87500000 0.00254610 
131.92500000 0.00248354 
131.97500000 0.00242252 
132.02500000 0.00236299 
132.07500000 0.00230491 
132.12500000 0.00224825 
132.17500000 0.00219299 
132.22500000 0.00213907 
132.27500000 0.00208647 
132.32500000 0.00203517 
132.37500000 0.00198512 
132.42500000 0.00193629 
132.47500000 0.00188866 
132.52500000 0.00184220 
132.57500000 0.00179688 
132.62500000 0.00175267 
132.67500000 0.00170954 
132.72500000 0.00166747 
132.77500000 0.00162643 
132.82500000 0.00158640 
132.87500000 0.00154736 
132.92500000 0.00150927 
132.97500000 0.00147211 
133.02500000 0.00143587 
133.07500000 0.00140051 
133.12500000 0.00136603 
133.17500000 0.00133239 
133.22500000 0.00129958 
133.27500000 0.00126757 
133.32500000 0.00123635 
133.37500000 0.00120590 
133.42500000 0.00117620 
133.47500000 0.00114722 
133.52500000 0.00111896 
133.57500000 0.00109139 
133.62500000 0.00106450 
133.67500000 0.00103827 
133.72500000 0.00101269 
133.77500000 0.00098774 
133.82500000 0.00096340 
133.87500000 0.00093965 
133.92500000 0.00091650 
133.97500000 0.00089391 
134.02500000 0.00087188 
134.07500000 0.00085039 
134.12500000 0.00082942 
134.17500000 0.00080898 
134.22500000 0.00078904 
134.27500000 0.00076958 
134.32500000 0.00075061 
134.37500000 0.00073211 
134.42500000 0.00071406 
134.47500000 0.00069645 
134.52500000 0.00067928 
134.57500000 0.00066253 
134.62500000 0.00064619 
134.67500000 0.00063026 
134.72500000 0.00061472 
134.77500000 0.00059956 
134.82500000 0.00058477 
134.87500000 0.00057035 
134.92500000 0.00055628 
134.97500000 0.00054256 
135.02500000 0.00052918 
135.07500000 0.00051613 
135.12500000 0.00050340 
135.17500000 0.00049098 
135.22500000 0.00047887 
135.27500000 0.00046706 
135.32500000 0.00045554 
135.37500000 0.00044430 
135.42500000 0.00043334 
135.47500000 0.00042265 
135.52500000 0.00041222 
135.57500000 0.00040205 
135.62500000 0.00039213 
135.67500000 0.00038246 
135.72500000 0.00037302 
135.77500000 0.00036382 
135.82500000 0.00035484 
135.87500000 0.00034609 
135.92500000 0.00033755 
135.97500000 0.00032922 
136.02500000 0.00032110 
136.07500000 0.00031317 
136.12500000 0.00030545 
136.17500000 0.00029791 
136.22500000 0.00029056 
136.27500000 0.00028339 
136.32500000 0.00027640 
136.37500000 0.00026958 
136.42500000 0.00026292 
136.47500000 0.00025643 
136.52500000 0.00025011 
136.57500000 0.00024393 
136.62500000 0.00023791 
136.67500000 0.00023204 
136.72500000 0.00022632 
136.77500000 0.00022073 
136.82500000 0.00021528 
136.87500000 0.00020997 
136.92500000 0.00020479 
136.97500000 0.00019973 
137.02500000 0.00019480 
137.07500000 0.00019000 
137.12500000 0.00018531 
137.17500000 0.00018073 
137.22500000 0.00017627 
137.27500000 0.00017192 
137.32500000 0.00016768 
137.37500000 0.00016354 
137.42500000 0.00015950 
137.47500000 0.00015557 
137.52500000 0.00015173 
137.57500000 0.00014798 
137.62500000 0.00014433 
137.67500000 0.00014077 
137.72500000 0.00013729 
137.77500000 0.00013390 
137.82500000 0.00013060 
137.87500000 0.00012737 
137.92500000 0.00012423 
137.97500000 0.00012116 
138.02500000 0.00011817 
138.07500000 0.00011526 
138.12500000 0.00011241 
138.17500000 0.00010964 
138.22500000 0.00010693 
138.27500000 0.00010429 
138.32500000 0.00010172 
138.37500000 0.00009920 
138.42500000 0.00009676 
138.47500000 0.00009437 
138.52500000 0.00009204 
138.57500000 0.00008977 
138.62500000 0.00008755 
138.67500000 0.00008539 
138.72500000 0.00008328 
138.77500000 0.00008122 
138.82500000 0.00007922 
138.87500000 0.00007726 
138.92500000 0.00007536 
138.97500000 0.00007350 
139.02500000 0.00007168 
139.07500000 0.00006991 
139.12500000 0.00006819 
139.17500000 0.00006650 
139.22500000 0.00006486 
139.27500000 0.00006326 
139.32500000 0.00006170 
139.37500000 0.00006018 
139.42500000 0.00005869 
139.47500000 0.00005724 
139.52500000 0.00005583 
139.57500000 0.00005445 
139.62500000 0.00005311 
139.67500000 0.00005179 
139.72500000 0.00005052 
139.77500000 0.00004927 
139.82500000 0.00004805 
139.87500000 0.00004687 
139.92500000 0.00004571 
139.97500000 0.00004458 
140.02500000 0.00004348 
140.07500000 0.00004241 
140.12500000 0.00004136 
140.17500000 0.00004034 
140.22500000 0.00003934 
140.27500000 0.00003837 
140.32500000 0.00003742 
140.37500000 0.00003650 
140.42500000 0.00003560 
140.47500000 0.00003472 
140.52500000 0.00003386 
140.57500000 0.00003303 
140.62500000 0.00003221 
140.67500000 0.00003142 
140.72500000 0.00003064 
140.77500000 0.00002988 
140.82500000 0.00002915 
140.87500000 0.00002843 
140.92500000 0.00002772 
140.97500000 0.00002704 
141.02500000 0.00002637 
141.07500000 0.00002572 
141.12500000 0.00002509 
141.17500000 0.00002447 
141.22500000 0.00002386 
141.27500000 0.00002327 
141.32500000 0.00002270 
141.37500000 0.00002214 
141.42500000 0.00002159 
141.47500000 0.00002106 
141.52500000 0.00002054 
141.57500000 0.00002003 
141.62500000 0.00001954 
141.67500000 0.00001906 
141.72500000 0.00001858 
141.77500000 0.00001813 
141.82500000 0.00001768 
141.87500000 0.00001724 
141.92500000 0.00001682 
141.97500000 0.00001640 
142.02500000 0.00001600 
142.07500000 0.00001560 
142.12500000 0.00001522 
142.17500000 0.00001484 
142.22500000 0.00001447 
142.27500000 0.00001412 
142.32500000 0.00001377 
142.37500000 0.00001343 
142.42500000 0.00001310 
142.47500000 0.00001277 
142.52500000 0.00001246 
142.57500000 0.00001215 
142.62500000 0.00001185 
142.67500000 0.00001156 
142.72500000 0.00001127 
142.77500000 0.00001099 
142.82500000 0.00001072 
142.87500000 0.00001046 
142.92500000 0.00001020 
142.97500000 0.00000995 
143.02500000 0.00000970 
143.07500000 0.00000946 
143.12500000 0.00000923 
143.17500000 0.00000900 
143.22500000 0.00000878 
143.27500000 0.00000856 
143.32500000 0.00000835 
143.37500000 0.00000814 
143.42500000 0.00000794 
143.47500000 0.00000775 
143.52500000 0.00000756 
143.57500000 0.00000737 
143.62500000 0.00000719 
143.67500000 0.00000701 
143.72500000 0.00000684 
143.77500000 0.00000667 
143.82500000 0.00000650 
143.87500000 0.00000634 
143.92500000 0.00000619 
143.97500000 0.00000603 
144.02500000 0.00000588 
144.07500000 0.00000574 
144.12500000 0.00000560 
144.17500000 0.00000546 
144.22500000 0.00000532 
144.27500000 0.00000519 
144.32500000 0.00000507 
144.37500000 0.00000494 
144.42500000 0.00000482 
144.47500000 0.00000470 
144.52500000 0.00000458 
144.57500000 0.00000447 
144.62500000 0.00000436 
144.67500000 0.00000425 
144.72500000 0.00000415 
144.77500000 0.00000404 
144.82500000 0.00000394 
144.87500000 0.00000385 
144.92500000 0.00000375 
144.97500000 0.00000366 
145.02500000 0.00000357 
145.07500000 0.00000348 
145.12500000 0.00000340 
145.17500000 0.00000331 
145.22500000 0.00000323 
145.27500000 0.00000315 
145.32500000 0.00000307 
145.37500000 0.00000300 
145.42500000 0.00000292 
145.47500000 0.00000285 
145.52500000 0.00000278 
145.57500000 0.00000271 
145.62500000 0.00000264 
145.67500000 0.00000258 
145.72500000 0.00000252 
145.77500000 0.00000245 
145.82500000 0.00000239 
145.87500000 0.00000233 
145.92500000 0.00000228 
145.97500000 0.00000222 
146.02500000 0.00000216 
146.07500000 0.00000211 
146.12500000 0.00000206 
146.17500000 0.00000201 
146.22500000 0.00000196 
146.27500000 0.00000191 
146.32500000 0.00000186 
146.37500000 0.00000182 
146.42500000 0.00000177 
146.47500000 0.00000173 
146.52500000 0.00000169 
146.57500000 0.00000164 
146.62500000 0.00000160 
146.67500000 0.00000156 
146.72500000 0.00000153 
146.77500000 0.00000149 
146.82500000 0.00000145 
146.87500000 0.00000142 
146.92500000 0.00000138 
146.97500000 0.00000135 
147.02500000 0.00000131 
147.07500000 0.00000128 
147.12500000 0.00000125 
147.17500000 0.00000122 
147.22500000 0.00000119 
147.27500000 0.00000116 
147.32500000 0.00000113 
147.37500000 0.00000110 
147.42500000 0.00000108 
147.47500000 0.00000105 
147.52500000 0.00000102 
147.57500000 0.00000100 
147.62500000 0.00000097 
147.67500000 0.00000095 
147.72500000 0.00000093 
147.77500000 0.00000090 
147.82500000 0.00000088 
147.87500000 0.00000086 
147.92500000 0.00000084 
147.97500000 0.00000082 
148.02500000 0.00000080 
148.07500000 0.00000078 
148.12500000 0.00000076 
148.17500000 0.00000074 
148.22500000 0.00000072 
148.27500000 0.00000070 
148.32500000 0.00000069 
148.37500000 0.00000067 
148.42500000 0.00000065 
148.47500000 0.00000064 
148.52500000 0.00000062 
148.57500000 0.00000060 
148.62500000 0.00000059 
148.67500000 0.00000058 
148.72500000 0.00000056 
148.77500000 0.00000055 
148.82500000 0.00000053 
148.87500000 0.00000052 
148.92500000 0.00000051 
148.97500000 0.00000050 
149.02500000 0.00000048 
149.07500000 0.00000047 
149.12500000 0.00000046 
149.17500000 0.00000045 
149.22500000 0.00000044 
149.27500000 0.00000043 
149.32500000 0.00000042 
149.37500000 0.00000041 
149.42500000 0.00000040 
149.47500000 0.00000039 
149.52500000 0.00000038 
149.57500000 0.00000037 
149.62500000 0.00000036 
149.67500000 0.00000035 
149.72500000 0.00000034 
149.77500000 0.00000033 
149.82500000 0.00000032 
149.87500000 0.00000032 
149.92500000 0.00000031 
149.97500000 0.00000030 
150.02500000 0.00000029 
150.07500000 0.00000029 
150.12500000 0.00000028 
150.17500000 0.00000027 
150.22500000 0.00000027 
150.27500000 0.00000026 
150.32500000 0.00000025 
150.37500000 0.00000025 
150.42500000 0.00000024 
150.47500000 0.00000023 
150.52500000 0.00000023 
150.57500000 0.00000022 
150.62500000 0.00000022 
150.67500000 0.00000021 
150.72500000 0.00000021 
150.77500000 0.00000020 
150.82500000 0.00000020 
150.87500000 0.00000019 
150.92500000 0.00000019 
150.97500000 0.00000018 
151.02500000 0.00000018 
151.07500000 0.00000017 
151.12500000 0.00000017 
151.17500000 0.00000016 
151.22500000 0.00000016 
151.27500000 0.00000016 
151.32500000 0.00000015 
151.37500000 0.00000015 
151.42500000 0.00000015 
151.47500000 0.00000014 
151.52500000 0.00000014 
151.57500000 0.00000013 
151.62500000 0.00000013 
151.67500000 0.00000013 
151.72500000 0.00000013 
151.77500000 0.00000012 
151.82500000 0.00000012 
151.87500000 0.00000012 
151.92500000 0.00000011 
151.97500000 0.00000011 
152.02500000 0.00000011 
152.07500000 0.00000011 
152.12500000 0.00000010 
152.17500000 0.00000010 
152.22500000 0.00000010 
152.27500000 0.00000010 
152.32500000 0.00000009 
152.37500000 0.00000009 
152.42500000 0.00000009 
152.47500000 0.00000009 
152.52500000 0.00000008 
152.57500000 0.00000008 
152.62500000 0.00000008 
152.67500000 0.00000008 
152.72500000 0.00000008 
152.77500000 0.00000007 
152.82500000 0.00000007 
152.87500000 0.00000007 
152.92500000 0.00000007 
152.97500000 0.00000007 
153.02500000 0.00000007 
153.07500000 0.00000006 
153.12500000 0.00000006 
153.17500000 0.00000006 
153.22500000 0.00000006 
153.27500000 0.00000006 
153.32500000 0.00000006 
153.37500000 0.00000005 
153.42500000 0.00000005 
153.47500000 0.00000005 
153.52500000 0.00000005 
153.57500000 0.00000005 
153.62500000 0.00000005 
153.67500000 0.00000005 
153.72500000 0.00000005 
153.77500000 0.00000004 
153.82500000 0.00000004 
153.87500000 0.00000004 
153.92500000 0.00000004 
153.97500000 0.00000004 
154.02500000 0.00000004 
154.07500000 0.00000004 
154.12500000 0.00000004 
154.17500000 0.00000004 
154.22500000 0.00000004 
154.27500000 0.00000003 
154.32500000 0.00000003 
154.37500000 0.00000003 
154.42500000 0.00000003 
154.47500000 0.00000003 
154.52500000 0.00000003 
154.57500000 0.00000003 
154.62500000 0.00000003 
154.67500000 0.00000003 
154.72500000 0.00000003 
154.77500000 0.00000003 
154.82500000 0.00000003 
154.87500000 0.00000003 
154.92500000 0.00000003 
154.97500000 0.00000002 
155.02500000 0.00000002 
155.07500000 0.00000002 
155.12500000 0.00000002 
155.17500000 0.00000002 
155.22500000 0.00000002 
155.27500000 0.00000002 
155.32500000 0.00000002 
155.37500000 0.00000002 
155.42500000 0.00000002 
155.47500000 0.00000002 
155.52500000 0.00000002 
155.57500000 0.00000002 
155.62500000 0.00000002 
155.67500000 0.00000002 
155.72500000 0.00000002 
155.77500000 0.00000002 
155.82500000 0.00000002 
155.87500000 0.00000002 
155.92500000 0.00000002 
155.97500000 0.00000001 
156.02500000 0.00000001 
156.07500000 0.00000001 
156.12500000 0.00000001 
156.17500000 0.00000001 
156.22500000 0.00000001 
156.27500000 0.00000001 
156.32500000 0.00000001 
156.37500000 0.00000001 
156.42500000 0.00000001 
156.47500000 0.00000001 
156.52500000 0.00000001 
156.57500000 0.00000001 
156.62500000 0.00000001 
156.67500000 0.00000001 
156.72500000 0.00000001 
156.77500000 0.00000001 
156.82500000 0.00000001 
156.87500000 0.00000001 
156.92500000 0.00000001 
156.97500000 0.00000001 
157.02500000 0.00000001 
157.07500000 0.00000001 
157.12500000 0.00000001 
157.17500000 0.00000001 
157.22500000 0.00000001 
157.27500000 0.00000001 
157.32500000 0.00000001 
157.37500000 0.00000001 
157.42500000 0.00000001 
157.47500000 0.00000001 
157.52500000 0.00000001 
157.57500000 0.00000001 
157.62500000 0.00000001 
157.67500000 0.00000001 
157.72500000 0.00000001 
157.77500000 0.00000001 
157.82500000 0.00000001 
157.87500000 0.00000001 
157.92500000 0.00000001 
157.97500000 0.00000001 
158.02500000 0.00000001 
158.07500000 0.00000001 
158.12500000 0.00000001 
158.17500000 0.00000000 
158.22500000 0.00000000 
158.27500000 0.00000000 
158.32500000 0.00000000 
158.37500000 0.00000000 
158.42500000 0.00000000 
158.47500000 0.00000000 
158.52500000 0.00000000 
158.57500000 0.00000000 
158.62500000 0.00000000 
158.67500000 0.00000000 
158.72500000 0.00000000 
158.77500000 0.00000000 
158.82500000 0.00000000 
158.87500000 0.00000000 
158.92500000 0.00000000 
158.97500000 0.00000000 
159.02500000 0.00000000 
159.07500000 0.00000000 
159.12500000 0.00000000 
159.17500000 0.00000000 
159.22500000 0.00000000 
159.27500000 0.00000000 
159.32500000 0.00000000 
159.37500000 0.00000000 
159.42500000 0.00000000 
159.47500000 0.00000000 
159.52500000 0.00000000 
159.57500000 0.00000000 
159.62500000 0.00000000 
159.67500000 0.00000000 
159.72500000 0.00000000 
159.77500000 0.00000000 
159.82500000 0.00000000 
159.87500000 0.00000000 
159.92500000 0.00000000 
159.97500000 0.00000000 
160.02500000 0.00000000 
160.07500000 0.00000000 
160.12500000 0.00000000 
160.17500000 0.00000000 
160.22500000 0.00000000 
160.27500000 0.00000000 
160.32500000 0.00000000 
160.37500000 0.00000000 
160.42500000 0.00000000 
160.47500000 0.00000000 
160.52500000 0.00000000 
160.57500000 0.00000000 
160.62500000 0.00000000 
160.67500000 0.00000000 
160.72500000 0.00000000 
160.77500000 0.00000000 
160.82500000 0.00000000 
160.87500000 0.00000000 
160.92500000 0.00000000 
160.97500000 0.00000000 
161.02500000 0.00000000 
161.07500000 0.00000000 
161.12500000 0.00000000 
161.17500000 0.00000000 
161.22500000 0.00000000 
161.27500000 0.00000000 
161.32500000 0.00000000 
161.37500000 0.00000000 
161.42500000 0.00000000 
161.47500000 0.00000000 
161.52500000 0.00000000 
161.57500000 0.00000000 
161.62500000 0.00000000 
161.67500000 0.00000000 
161.72500000 0.00000000 
161.77500000 0.00000000 
161.82500000 0.00000000 
161.87500000 0.00000000 
161.92500000 0.00000000 
161.97500000 0.00000000 
162.02500000 0.00000000 
162.07500000 0.00000000 
162.12500000 0.00000000 
162.17500000 0.00000000 
162.22500000 0.00000000 
162.27500000 0.00000000 
162.32500000 0.00000000 
162.37500000 0.00000000 
162.42500000 0.00000000 
162.47500000 0.00000000 
162.52500000 0.00000000 
162.57500000 0.00000000 
162.62500000 0.00000000 
162.67500000 0.00000000 
162.72500000 0.00000000 
162.77500000 0.00000000 
162.82500000 0.00000000 
162.87500000 0.00000000 
162.92500000 0.00000000 
162.97500000 0.00000000 
163.02500000 0.00000000 
163.07500000 0.00000000 
163.12500000 0.00000000 
163.17500000 0.00000000 
163.22500000 0.00000000 
163.27500000 0.00000000 
163.32500000 0.00000000 
163.37500000 0.00000000 
163.42500000 0.00000000 
163.47500000 0.00000000 
163.52500000 0.00000000 
163.57500000 0.00000000 
163.62500000 0.00000000 
163.67500000 0.00000000 
163.72500000 0.00000000 
163.77500000 0.00000000 
163.82500000 0.00000000 
163.87500000 0.00000000 
163.92500000 0.00000000 
163.97500000 0.00000000 
164.02500000 0.00000000 
164.07500000 0.00000000 
164.12500000 0.00000000 
164.17500000 0.00000000 
164.22500000 0.00000000 
164.27500000 0.00000000 
164.32500000 0.00000000 
164.37500000 0.00000000 
164.42500000 0.00000000 
164.47500000 0.00000000 
164.52500000 0.00000000 
164.57500000 0.00000000 
164.62500000 0.00000000 
164.67500000 0.00000000 
164.72500000 0.00000000 
164.77500000 0.00000000 
164.82500000 0.00000000 
164.87500000 0.00000000 
164.92500000 0.00000000 
164.97500000 0.00000000 
165.02500000 0.00000000 
165.07500000 0.00000000 
165.12500000 0.00000000 
165.17500000 0.00000000 
165.22500000 0.00000000 
165.27500000 0.00000000 
165.32500000 0.00000000 
165.37500000 0.00000000 
165.42500000 0.00000000 
165.47500000 0.00000000 
165.52500000 0.00000000 
165.57500000 0.00000000 
165.62500000 0.00000000 
165.67500000 0.00000000 
165.72500000 0.00000000 
165.77500000 0.00000000 
165.82500000 0.00000000 
165.87500000 0.00000000 
165.92500000 0.00000000 
165.97500000 0.00000000 
166.02500000 0.00000000 
166.07500000 0.00000000 
166.12500000 0.00000000 
166.17500000 0.00000000 
166.22500000 0.00000000 
166.27500000 0.00000000 
166.32500000 0.00000000 
166.37500000 0.00000000 
166.42500000 0.00000000 
166.47500000 0.00000000 
166.52500000 0.00000000 
166.57500000 0.00000000 
166.62500000 0.00000000 
166.67500000 0.00000000 
166.72500000 0.00000000 
166.77500000 0.00000000 
166.82500000 0.00000000 
166.87500000 0.00000000 
166.92500000 0.00000000 
166.97500000 0.00000000 
167.02500000 0.00000000 
167.07500000 0.00000000 
167.12500000 0.00000000 
167.17500000 0.00000000 
167.22500000 0.00000000 
167.27500000 0.00000000 
167.32500000 0.00000000 
167.37500000 0.00000000 
167.42500000 0.00000000 
167.47500000 0.00000000 
167.52500000 0.00000000 
167.57500000 0.00000000 
167.62500000 0.00000000 
167.67500000 0.00000000 
167.72500000 0.00000000 
167.77500000 0.00000000 
167.82500000 0.00000000 
167.87500000 0.00000000 
167.92500000 0.00000000 
167.97500000 0.00000000 
168.02500000 0.00000000 
168.07500000 0.00000000 
168.12500000 0.00000000 
168.17500000 0.00000000 
168.22500000 0.00000000 
168.27500000 0.00000000 
168.32500000 0.00000000 
168.37500000 0.00000000 
168.42500000 0.00000000 
168.47500000 0.00000000 
168.52500000 0.00000000 
168.57500000 0.00000000 
168.62500000 0.00000000 
168.67500000 0.00000000 
168.72500000 0.00000000 
168.77500000 0.00000000 
168.82500000 0.00000000 
168.87500000 0.00000000 
168.92500000 0.00000000 
168.97500000 0.00000000 
169.02500000 0.00000000 
169.07500000 0.00000000 
169.12500000 0.00000000 
169.17500000 0.00000000 
169.22500000 0.00000000 
169.27500000 0.00000000 
169.32500000 0.00000000 
169.37500000 0.00000000 
169.42500000 0.00000000 
169.47500000 0.00000000 
169.52500000 0.00000000 
169.57500000 0.00000000 
169.62500000 0.00000000 
169.67500000 0.00000000 
169.72500000 0.00000000 
169.77500000 0.00000000 
169.82500000 0.00000000 
169.87500000 0.00000000 
169.92500000 0.00000000 
169.97500000 0.00000000 
170.02500000 0.00000000 
170.07500000 0.00000000 
170.12500000 0.00000000 
170.17500000 0.00000000 
170.22500000 0.00000000 
170.27500000 0.00000000 
170.32500000 0.00000000 
170.37500000 0.00000000 
170.42500000 0.00000000 
170.47500000 0.00000000 
170.52500000 0.00000000 
170.57500000 0.00000000 
170.62500000 0.00000000 
170.67500000 0.00000000 
170.72500000 0.00000000 
170.77500000 0.00000000 
170.82500000 0.00000000 
170.87500000 0.00000000 
170.92500000 0.00000000 
170.97500000 0.00000000 
171.02500000 0.00000000 
171.07500000 0.00000000 
171.12500000 0.00000000 
171.17500000 0.00000000 
171.22500000 0.00000000 
171.27500000 0.00000000 
171.32500000 0.00000000 
171.37500000 0.00000000 
171.42500000 0.00000000 
171.47500000 0.00000000 
171.52500000 0.00000000 
171.57500000 0.00000000 
171.62500000 0.00000000 
171.67500000 0.00000000 
171.72500000 0.00000000 
171.77500000 0.00000000 
171.82500000 0.00000000 
171.87500000 0.00000000 
171.92500000 0.00000000 
171.97500000 0.00000000 
172.02500000 0.00000000 
172.07500000 0.00000000 
172.12500000 0.00000000 
172.17500000 0.00000000 
172.22500000 0.00000000 
172.27500000 0.00000000 
172.32500000 0.00000000 
172.37500000 0.00000000 
172.42500000 0.00000000 
172.47500000 0.00000000 
172.52500000 0.00000000 
172.57500000 0.00000000 
172.62500000 0.00000000 
172.67500000 0.00000000 
172.72500000 0.00000000 
172.77500000 0.00000000 
172.82500000 0.00000000 
172.87500000 0.00000000 
172.92500000 0.00000000 
172.97500000 0.00000000 
173.02500000 0.00000000 
173.07500000 0.00000000 
173.12500000 0.00000000 
173.17500000 0.00000000 
173.22500000 0.00000000 
173.27500000 0.00000000 
173.32500000 0.00000000 
173.37500000 0.00000000 
173.42500000 0.00000000 
173.47500000 0.00000000 
173.52500000 0.00000000 
173.57500000 0.00000000 
173.62500000 0.00000000 
173.67500000 0.00000000 
173.72500000 0.00000000 
173.77500000 0.00000000 
173.82500000 0.00000000 
173.87500000 0.00000000 
173.92500000 0.00000000 
173.97500000 0.00000000 
174.02500000 0.00000000 
174.07500000 0.00000000 
174.12500000 0.00000000 
174.17500000 0.00000000 
174.22500000 0.00000000 
174.27500000 0.00000000 
174.32500000 0.00000000 
174.37500000 0.00000000 
174.42500000 0.00000000 
174.47500000 0.00000000 
174.52500000 0.00000000 
174.57500000 0.00000000 
174.62500000 0.00000000 
174.67500000 0.00000000 
174.72500000 0.00000000 
174.77500000 0.00000000 
174.82500000 0.00000000 
174.87500000 0.00000000 
174.92500000 0.00000000 
174.97500000 0.00000000 
175.02500000 0.00000000 
175.07500000 0.00000000 
175.12500000 0.00000000 
175.17500000 0.00000000 
175.22500000 0.00000000 
175.27500000 0.00000000 
175.32500000 0.00000000 
175.37500000 0.00000000 
175.42500000 0.00000000 
175.47500000 0.00000000 
175.52500000 0.00000000 
175.57500000 0.00000000 
175.62500000 0.00000000 
175.67500000 0.00000000 
175.72500000 0.00000000 
175.77500000 0.00000000 
175.82500000 0.00000000 
175.87500000 0.00000000 
175.92500000 0.00000000 
175.97500000 0.00000000 
176.02500000 0.00000000 
176.07500000 0.00000000 
176.12500000 0.00000000 
176.17500000 0.00000000 
176.22500000 0.00000000 
176.27500000 0.00000000 
176.32500000 0.00000000 
176.37500000 0.00000000 
176.42500000 0.00000000 
176.47500000 0.00000000 
176.52500000 0.00000000 
176.57500000 0.00000000 
176.62500000 0.00000000 
176.67500000 0.00000000 
176.72500000 0.00000000 
176.77500000 0.00000000 
176.82500000 0.00000000 
176.87500000 0.00000000 
176.92500000 0.00000000 
176.97500000 0.00000000 
177.02500000 0.00000000 
177.07500000 0.00000000 
177.12500000 0.00000000 
177.17500000 0.00000000 
177.22500000 0.00000000 
177.27500000 0.00000000 
177.32500000 0.00000000 
177.37500000 0.00000000 
177.42500000 0.00000000 
177.47500000 0.00000000 
177.52500000 0.00000000 
177.57500000 0.00000000 
177.62500000 0.00000000 
177.67500000 0.00000000 
177.72500000 0.00000000 
177.77500000 0.00000000 
177.82500000 0.00000000 
177.87500000 0.00000000 
177.92500000 0.00000000 
177.97500000 0.00000000 
178.02500000 0.00000000 
178.07500000 0.00000000 
178.12500000 0.00000000 
178.17500000 0.00000000 
178.22500000 0.00000000 
178.27500000 0.00000000 
178.32500000 0.00000000 
178.37500000 0.00000000 
178.42500000 0.00000000 
178.47500000 0.00000000 
178.52500000 0.00000000 
178.57500000 0.00000000 
178.62500000 0.00000000 
178.67500000 0.00000000 
178.72500000 0.00000000 
178.77500000 0.00000000 
178.82500000 0.00000000 
178.87500000 0.00000000 
178.92500000 0.00000000 
178.97500000 0.00000000 
179.02500000 0.00000000 
179.07500000 0.00000000 
179.12500000 0.00000000 
179.17500000 0.00000000 
179.22500000 0.00000000 
179.27500000 0.00000000 
179.32500000 0.00000000 
179.37500000 0.00000000 
179.42500000 0.00000000 
179.47500000 0.00000000 
179.52500000 0.00000000 
179.57500000 0.00000000 
179.62500000 0.00000000 
179.67500000 0.00000000 
179.72500000 0.00000000 
179.77500000 0.00000000 
179.82500000 0.00000000 
179.87500000 0.00000000 
179.92500000 0.00000000 
179.97500000 0.00000000 
180.02500000 0.00000000 
180.07500000 0.00000000 
180.12500000 0.00000000 
180.17500000 0.00000000 
180.22500000 0.00000000 
180.27500000 0.00000000 
180.32500000 0.00000000 
180.37500000 0.00000000 
180.42500000 0.00000000 
180.47500000 0.00000000 
180.52500000 0.00000000 
180.57500000 0.00000000 
180.62500000 0.00000000 
180.67500000 0.00000000 
180.72500000 0.00000000 
180.77500000 0.00000000 
180.82500000 0.00000000 
180.87500000 0.00000000 
180.92500000 0.00000000 
180.97500000 0.00000000 
181.02500000 0.00000000 
181.07500000 0.00000000 
181.12500000 0.00000000 
181.17500000 0.00000000 
181.22500000 0.00000000 
181.27500000 0.00000000 
181.32500000 0.00000000 
181.37500000 0.00000000 
181.42500000 0.00000000 
181.47500000 0.00000000 
181.52500000 0.00000000 
181.57500000 0.00000000 
181.62500000 0.00000000 
181.67500000 0.00000000 
181.72500000 0.00000000 
181.77500000 0.00000000 
181.82500000 0.00000000 
181.87500000 0.00000000 
181.92500000 0.00000000 
181.97500000 0.00000000 
182.02500000 0.00000000 
182.07500000 0.00000000 
182.12500000 0.00000000 
182.17500000 0.00000000 
182.22500000 0.00000000 
182.27500000 0.00000000 
182.32500000 0.00000000 
182.37500000 0.00000000 
182.42500000 0.00000000 
182.47500000 0.00000000 
182.52500000 0.00000000 
182.57500000 0.00000000 
182.62500000 0.00000000 
182.67500000 0.00000000 
182.72500000 0.00000000 
182.77500000 0.00000000 
182.82500000 0.00000000 
182.87500000 0.00000000 
182.92500000 0.00000000 
182.97500000 0.00000000 
183.02500000 0.00000000 
183.07500000 0.00000000 
183.12500000 0.00000000 
183.17500000 0.00000000 
183.22500000 0.00000000 
183.27500000 0.00000000 
183.32500000 0.00000000 
183.37500000 0.00000000 
183.42500000 0.00000000 
183.47500000 0.00000000 
183.52500000 0.00000000 
183.57500000 0.00000000 
183.62500000 0.00000000 
183.67500000 0.00000000 
183.72500000 0.00000000 
183.77500000 0.00000000 
183.82500000 0.00000000 
183.87500000 0.00000000 
183.92500000 0.00000000 
183.97500000 0.00000000 
184.02500000 0.00000000 
184.07500000 0.00000000 
184.12500000 0.00000000 
184.17500000 0.00000000 
184.22500000 0.00000000 
184.27500000 0.00000000 
184.32500000 0.00000000 
184.37500000 0.00000000 
184.42500000 0.00000000 
184.47500000 0.00000000 
184.52500000 0.00000000 
184.57500000 0.00000000 
184.62500000 0.00000000 
184.67500000 0.00000000 
184.72500000 0.00000000 
184.77500000 0.00000000 
184.82500000 0.00000000 
184.87500000 0.00000000 
184.92500000 0.00000000 
184.97500000 0.00000000 
185.02500000 0.00000000 
185.07500000 0.00000000 
185.12500000 0.00000000 
185.17500000 0.00000000 
185.22500000 0.00000000 
185.27500000 0.00000000 
185.32500000 0.00000000 
185.37500000 0.00000000 
185.42500000 0.00000000 
185.47500000 0.00000000 
185.52500000 0.00000000 
185.57500000 0.00000000 
185.62500000 0.00000000 
185.67500000 0.00000000 
185.72500000 0.00000000 
185.77500000 0.00000000 
185.82500000 0.00000000 
185.87500000 0.00000000 
185.92500000 0.00000000 
185.97500000 0.00000000 
186.02500000 0.00000000 
186.07500000 0.00000000 
186.12500000 0.00000000 
186.17500000 0.00000000 
186.22500000 0.00000000 
186.27500000 0.00000000 
186.32500000 0.00000000 
186.37500000 0.00000000 
186.42500000 0.00000000 
186.47500000 0.00000000 
186.52500000 0.00000000 
186.57500000 0.00000000 
186.62500000 0.00000000 
186.67500000 0.00000000 
186.72500000 0.00000000 
186.77500000 0.00000000 
186.82500000 0.00000000 
186.87500000 0.00000000 
186.92500000 0.00000000 
186.97500000 0.00000000 
187.02500000 0.00000000 
187.07500000 0.00000000 
187.12500000 0.00000000 
187.17500000 0.00000000 
187.22500000 0.00000000 
187.27500000 0.00000000 
187.32500000 0.00000000 
187.37500000 0.00000000 
187.42500000 0.00000000 
187.47500000 0.00000000 
187.52500000 0.00000000 
187.57500000 0.00000000 
187.62500000 0.00000000 
187.67500000 0.00000000 
187.72500000 0.00000000 
187.77500000 0.00000000 
187.82500000 0.00000000 
187.87500000 0.00000000 
187.92500000 0.00000000 
187.97500000 0.00000000 
188.02500000 0.00000000 
188.07500000 0.00000000 
188.12500000 0.00000000 
188.17500000 0.00000000 
188.22500000 0.00000000 
188.27500000 0.00000000 
188.32500000 0.00000000 
188.37500000 0.00000000 
188.42500000 0.00000000 
188.47500000 0.00000000 
188.52500000 0.00000000 
188.57500000 0.00000000 
188.62500000 0.00000000 
188.67500000 0.00000000 
188.72500000 0.00000000 
188.77500000 0.00000000 
188.82500000 0.00000000 
188.87500000 0.00000000 
188.92500000 0.00000000 
188.97500000 0.00000000 
189.02500000 0.00000000 
189.07500000 0.00000000 
189.12500000 0.00000000 
189.17500000 0.00000000 
189.22500000 0.00000000 
189.27500000 0.00000000 
189.32500000 0.00000000 
189.37500000 0.00000000 
189.42500000 0.00000000 
189.47500000 0.00000000 
189.52500000 0.00000000 
189.57500000 0.00000000 
189.62500000 0.00000000 
189.67500000 0.00000000 
189.72500000 0.00000000 
189.77500000 0.00000000 
189.82500000 0.00000000 
189.87500000 0.00000000 
189.92500000 0.00000000 
189.97500000 0.00000000 
190.02500000 0.00000000 
190.07500000 0.00000000 
190.12500000 0.00000000 
190.17500000 0.00000000 
190.22500000 0.00000000 
190.27500000 0.00000000 
190.32500000 0.00000000 
190.37500000 0.00000000 
190.42500000 0.00000000 
190.47500000 0.00000000 
190.52500000 0.00000000 
190.57500000 0.00000000 
190.62500000 0.00000000 
190.67500000 0.00000000 
190.72500000 0.00000000 
190.77500000 0.00000000 
190.82500000 0.00000000 
190.87500000 0.00000000 
190.92500000 0.00000000 
190.97500000 0.00000000 
191.02500000 0.00000000 
191.07500000 0.00000000 
191.12500000 0.00000000 
191.17500000 0.00000000 
191.22500000 0.00000000 
191.27500000 0.00000000 
191.32500000 0.00000000 
191.37500000 0.00000000 
191.42500000 0.00000000 
191.47500000 0.00000000 
191.52500000 0.00000000 
191.57500000 0.00000000 
191.62500000 0.00000000 
191.67500000 0.00000000 
191.72500000 0.00000000 
191.77500000 0.00000000 
191.82500000 0.00000000 
191.87500000 0.00000000 
191.92500000 0.00000000 
191.97500000 0.00000000 
192.02500000 0.00000000 
192.07500000 0.00000000 
192.12500000 0.00000000 
192.17500000 0.00000000 
192.22500000 0.00000000 
192.27500000 0.00000000 
192.32500000 0.00000000 
192.37500000 0.00000000 
192.42500000 0.00000000 
192.47500000 0.00000000 
192.52500000 0.00000000 
192.57500000 0.00000000 
192.62500000 0.00000000 
192.67500000 0.00000000 
192.72500000 0.00000000 
192.77500000 0.00000000 
192.82500000 0.00000000 
192.87500000 0.00000000 
192.92500000 0.00000000 
192.97500000 0.00000000 
193.02500000 0.00000000 
193.07500000 0.00000000 
193.12500000 0.00000000 
193.17500000 0.00000000 
193.22500000 0.00000000 
193.27500000 0.00000000 
193.32500000 0.00000000 
193.37500000 0.00000000 
193.42500000 0.00000000 
193.47500000 0.00000000 
193.52500000 0.00000000 
193.57500000 0.00000000 
193.62500000 0.00000000 
193.67500000 0.00000000 
193.72500000 0.00000000 
193.77500000 0.00000000 
193.82500000 0.00000000 
193.87500000 0.00000000 
193.92500000 0.00000000 
193.97500000 0.00000000 
194.02500000 0.00000000 
194.07500000 0.00000000 
194.12500000 0.00000000 
194.17500000 0.00000000 
194.22500000 0.00000000 
194.27500000 0.00000000 
194.32500000 0.00000000 
194.37500000 0.00000000 
194.42500000 0.00000000 
194.47500000 0.00000000 
194.52500000 0.00000000 
194.57500000 0.00000000 
194.62500000 0.00000000 
194.67500000 0.00000000 
194.72500000 0.00000000 
194.77500000 0.00000000 
194.82500000 0.00000000 
194.87500000 0.00000000 
194.92500000 0.00000000 
194.97500000 0.00000000 
195.02500000 0.00000000 
195.07500000 0.00000000 
195.12500000 0.00000000 
195.17500000 0.00000000 
195.22500000 0.00000000 
195.27500000 0.00000000 
195.32500000 0.00000000 
195.37500000 0.00000000 
195.42500000 0.00000000 
195.47500000 0.00000000 
195.52500000 0.00000000 
195.57500000 0.00000000 
195.62500000 0.00000000 
195.67500000 0.00000000 
195.72500000 0.00000000 
195.77500000 0.00000000 
195.82500000 0.00000000 
195.87500000 0.00000000 
195.92500000 0.00000000 
195.97500000 0.00000000 
196.02500000 0.00000000 
196.07500000 0.00000000 
196.12500000 0.00000000 
196.17500000 0.00000000 
196.22500000 0.00000000 
196.27500000 0.00000000 
196.32500000 0.00000000 
196.37500000 0.00000000 
196.42500000 0.00000000 
196.47500000 0.00000000 
196.52500000 0.00000000 
196.57500000 0.00000000 
196.62500000 0.00000000 
196.67500000 0.00000000 
196.72500000 0.00000000 
196.77500000 0.00000000 
196.82500000 0.00000000 
196.87500000 0.00000000 
196.92500000 0.00000000 
196.97500000 0.00000000 
197.02500000 0.00000000 
197.07500000 0.00000000 
197.12500000 0.00000000 
197.17500000 0.00000000 
197.22500000 0.00000000 
197.27500000 0.00000000 
197.32500000 0.00000000 
197.37500000 0.00000000 
197.42500000 0.00000000 
197.47500000 0.00000000 
197.52500000 0.00000000 
197.57500000 0.00000000 
197.62500000 0.00000000 
197.67500000 0.00000000 
197.72500000 0.00000000 
197.77500000 0.00000000 
197.82500000 0.00000000 
197.87500000 0.00000000 
197.92500000 0.00000000 
197.97500000 0.00000000 
198.02500000 0.00000000 
198.07500000 0.00000000 
198.12500000 0.00000000 
198.17500000 0.00000000 
198.22500000 0.00000000 
198.27500000 0.00000000 
198.32500000 0.00000000 
198.37500000 0.00000000 
198.42500000 0.00000000 
198.47500000 0.00000000 
198.52500000 0.00000000 
198.57500000 0.00000000 
198.62500000 0.00000000 
198.67500000 0.00000000 
198.72500000 0.00000000 
198.77500000 0.00000000 
198.82500000 0.00000000 
198.87500000 0.00000000 
198.92500000 0.00000000 
198.97500000 0.00000000 
199.02500000 0.00000000 
199.07500000 0.00000000 
199.12500000 0.00000000 
199.17500000 0.00000000 
199.22500000 0.00000000 
199.27500000 0.00000000 
199.32500000 0.00000000 
199.37500000 0.00000000 
199.42500000 0.00000000 
199.47500000 0.00000000 
199.52500000 0.00000000 
199.57500000 0.00000000 
199.62500000 0.00000000 
199.67500000 0.00000000 
199.72500000 0.00000000 
199.77500000 0.00000000 
199.82500000 0.00000000 
199.87500000 0.00000000 
199.92500000 0.00000000 
199.97500000 0.00000000 
