0.02500000 0.00715622 
0.07500000 0.00719989 
0.12500000 0.00728734 
0.17500000 0.00741879 
0.22500000 0.00759457 
0.27500000 0.00781512 
0.32500000 0.00808100 
0.37500000 0.00839284 
0.42500000 0.00875142 
0.47500000 0.00915757 
0.52500000 0.00961225 
0.57500000 0.01011650 
0.62500000 0.01067145 
0.67500000 0.01127830 
0.72500000 0.01193835 
0.77500000 0.01265296 
0.82500000 0.01342354 
0.87500000 0.01425159 
0.92500000 0.01513865 
0.97500000 0.01608628 
1.02500000 0.01709611 
1.07500000 0.01816979 
1.12500000 0.01930897 
1.17500000 0.02051534 
1.22500000 0.02179056 
1.27500000 0.02313629 
1.32500000 0.02455418 
1.37500000 0.02604585 
1.42500000 0.02761285 
1.47500000 0.02925672 
1.52500000 0.03097888 
1.57500000 0.03278072 
1.62500000 0.03466352 
1.67500000 0.03662845 
1.72500000 0.03867658 
1.77500000 0.04080885 
1.82500000 0.04302606 
1.87500000 0.04532884 
1.92500000 0.04771769 
1.97500000 0.05019290 
2.02500000 0.05275459 
2.07500000 0.05540267 
2.12500000 0.05813685 
2.17500000 0.06095661 
2.22500000 0.06386119 
2.27500000 0.06684960 
2.32500000 0.06992059 
2.37500000 0.07307265 
2.42500000 0.07630400 
2.47500000 0.07961259 
2.52500000 0.08299610 
2.57500000 0.08645190 
2.62500000 0.08997708 
2.67500000 0.09356845 
2.72500000 0.09722250 
2.77500000 0.10093546 
2.82500000 0.10470325 
2.87500000 0.10852148 
2.92500000 0.11238551 
2.97500000 0.11629039 
3.02500000 0.12023090 
3.07500000 0.12420157 
3.12500000 0.12819665 
3.17500000 0.13221016 
3.22500000 0.13623585 
3.27500000 0.14026730 
3.32500000 0.14429785 
3.37500000 0.14832064 
3.42500000 0.15232867 
3.47500000 0.15631475 
3.52500000 0.16027159 
3.57500000 0.16419175 
3.62500000 0.16806774 
3.67500000 0.17189196 
3.72500000 0.17565679 
3.77500000 0.17935459 
3.82500000 0.18297772 
3.87500000 0.18651856 
3.92500000 0.18996957 
3.97500000 0.19332329 
4.02500000 0.19657234 
4.07500000 0.19970952 
4.12500000 0.20272777 
4.17500000 0.20562022 
4.22500000 0.20838023 
4.27500000 0.21100138 
4.32500000 0.21347753 
4.37500000 0.21580283 
4.42500000 0.21797174 
4.47500000 0.21997905 
4.52500000 0.22181993 
4.57500000 0.22348988 
4.62500000 0.22498484 
4.67500000 0.22630113 
4.72500000 0.22743551 
4.77500000 0.22838517 
4.82500000 0.22914775 
4.87500000 0.22972136 
4.92500000 0.23010456 
4.97500000 0.23029640 
5.02500000 0.23029640 
5.07500000 0.23010456 
5.12500000 0.22972136 
5.17500000 0.22914775 
5.22500000 0.22838517 
5.27500000 0.22743551 
5.32500000 0.22630113 
5.37500000 0.22498484 
5.42500000 0.22348988 
5.47500000 0.22181993 
5.52500000 0.21997905 
5.57500000 0.21797174 
5.62500000 0.21580283 
5.67500000 0.21347753 
5.72500000 0.21100138 
5.77500000 0.20838023 
5.82500000 0.20562022 
5.87500000 0.20272777 
5.92500000 0.19970952 
5.97500000 0.19657234 
6.02500000 0.19332329 
6.07500000 0.18996957 
6.12500000 0.18651856 
6.17500000 0.18297772 
6.22500000 0.17935459 
6.27500000 0.17565679 
6.32500000 0.17189196 
6.37500000 0.16806774 
6.42500000 0.16419175 
6.47500000 0.16027159 
6.52500000 0.15631475 
6.57500000 0.15232867 
6.62500000 0.14832064 
6.67500000 0.14429785 
6.72500000 0.14026730 
6.77500000 0.13623585 
6.82500000 0.13221016 
6.87500000 0.12819665 
6.92500000 0.12420157 
6.97500000 0.12023090 
7.02500000 0.11629039 
7.07500000 0.11238551 
7.12500000 0.10852148 
7.17500000 0.10470325 
7.22500000 0.10093546 
7.27500000 0.09722250 
7.32500000 0.09356845 
7.37500000 0.08997708 
7.42500000 0.08645190 
7.47500000 0.08299610 
7.52500000 0.07961259 
7.57500000 0.07630400 
7.62500000 0.07307265 
7.67500000 0.06992059 
7.72500000 0.06684960 
7.77500000 0.06386119 
7.82500000 0.06095661 
7.87500000 0.05813685 
7.92500000 0.05540267 
7.97500000 0.05275459 
8.02500000 0.05019290 
8.07500000 0.04771769 
8.12500000 0.04532884 
8.17500000 0.04302606 
8.22500000 0.04080885 
8.27500000 0.03867658 
8.32500000 0.03662845 
8.37500000 0.03466352 
8.42500000 0.03278072 
8.47500000 0.03097888 
8.52500000 0.02925672 
8.57500000 0.02761285 
8.62500000 0.02604585 
8.67500000 0.02455418 
8.72500000 0.02313629 
8.77500000 0.02179056 
8.82500000 0.02051534 
8.87500000 0.01930897 
8.92500000 0.01816979 
8.97500000 0.01709611 
9.02500000 0.01608628 
9.07500000 0.01513865 
9.12500000 0.01425159 
9.17500000 0.01342354 
9.22500000 0.01265296 
9.27500000 0.01193835 
9.32500000 0.01127830 
9.37500000 0.01067145 
9.42500000 0.01011650 
9.47500000 0.00961225 
9.52500000 0.00915757 
9.57500000 0.00875142 
9.62500000 0.00839284 
9.67500000 0.00808100 
9.72500000 0.00781512 
9.77500000 0.00759457 
9.82500000 0.00741879 
9.87500000 0.00728734 
9.92500000 0.00719989 
9.97500000 0.00715622 
