0.02500000 0.00174313 
0.07500000 0.00348597 
0.12500000 0.00522825 
0.17500000 0.00696969 
0.22500000 0.00871000 
0.27500000 0.01044890 
0.32500000 0.01218610 
0.37500000 0.01392132 
0.42500000 0.01565426 
0.47500000 0.01738465 
0.52500000 0.01911218 
0.57500000 0.02083656 
0.62500000 0.02255750 
0.67500000 0.02427469 
0.72500000 0.02598784 
0.77500000 0.02769663 
0.82500000 0.02940075 
0.87500000 0.03109990 
0.92500000 0.03279376 
0.97500000 0.03448200 
1.02500000 0.03616430 
1.07500000 0.03784034 
1.12500000 0.03950978 
1.17500000 0.04117229 
1.22500000 0.04282752 
1.27500000 0.04447513 
1.32500000 0.04611478 
1.37500000 0.04774609 
1.42500000 0.04936873 
1.47500000 0.05098233 
1.52500000 0.05258651 
1.57500000 0.05418090 
1.62500000 0.05576514 
1.67500000 0.05733885 
1.72500000 0.05890162 
1.77500000 0.06045309 
1.82500000 0.06199285 
1.87500000 0.06352051 
1.92500000 0.06503567 
1.97500000 0.06653793 
2.02500000 0.06802688 
2.07500000 0.06950210 
2.12500000 0.07096319 
2.17500000 0.07240973 
2.22500000 0.07384130 
2.27500000 0.07525748 
2.32500000 0.07665785 
2.37500000 0.07804198 
2.42500000 0.07940944 
2.47500000 0.08075982 
2.52500000 0.08209267 
2.57500000 0.08340757 
2.62500000 0.08470410 
2.67500000 0.08598182 
2.72500000 0.08724030 
2.77500000 0.08847912 
2.82500000 0.08969785 
2.87500000 0.09089606 
2.92500000 0.09207333 
2.97500000 0.09322924 
3.02500000 0.09436338 
3.07500000 0.09547532 
3.12500000 0.09656465 
3.17500000 0.09763098 
3.22500000 0.09867388 
3.27500000 0.09969298 
3.32500000 0.10068786 
3.37500000 0.10165815 
3.42500000 0.10260347 
3.47500000 0.10352343 
3.52500000 0.10441767 
3.57500000 0.10528583 
3.62500000 0.10612756 
3.67500000 0.10694250 
3.72500000 0.10773032 
3.77500000 0.10849070 
3.82500000 0.10922331 
3.87500000 0.10992785 
3.92500000 0.11060401 
3.97500000 0.11125150 
4.02500000 0.11187005 
4.07500000 0.11245939 
4.12500000 0.11301927 
4.17500000 0.11354943 
4.22500000 0.11404964 
4.27500000 0.11451969 
4.32500000 0.11495936 
4.37500000 0.11536845 
4.42500000 0.11574680 
4.47500000 0.11609422 
4.52500000 0.11641056 
4.57500000 0.11669567 
4.62500000 0.11694944 
4.67500000 0.11717174 
4.72500000 0.11736247 
4.77500000 0.11752154 
4.82500000 0.11764889 
4.87500000 0.11774445 
4.92500000 0.11780818 
4.97500000 0.11784005 
5.02500000 0.11784005 
5.07500000 0.11780818 
5.12500000 0.11774445 
5.17500000 0.11764889 
5.22500000 0.11752154 
5.27500000 0.11736247 
5.32500000 0.11717174 
5.37500000 0.11694944 
5.42500000 0.11669567 
5.47500000 0.11641056 
5.52500000 0.11609422 
5.57500000 0.11574680 
5.62500000 0.11536845 
5.67500000 0.11495936 
5.72500000 0.11451969 
5.77500000 0.11404964 
5.82500000 0.11354943 
5.87500000 0.11301927 
5.92500000 0.11245939 
5.97500000 0.11187005 
6.02500000 0.11125150 
6.07500000 0.11060401 
6.12500000 0.10992785 
6.17500000 0.10922331 
6.22500000 0.10849070 
6.27500000 0.10773032 
6.32500000 0.10694250 
6.37500000 0.10612756 
6.42500000 0.10528583 
6.47500000 0.10441767 
6.52500000 0.10352343 
6.57500000 0.10260347 
6.62500000 0.10165815 
6.67500000 0.10068786 
6.72500000 0.09969298 
6.77500000 0.09867388 
6.82500000 0.09763098 
6.87500000 0.09656465 
6.92500000 0.09547532 
6.97500000 0.09436338 
7.02500000 0.09322924 
7.07500000 0.09207333 
7.12500000 0.09089606 
7.17500000 0.08969785 
7.22500000 0.08847912 
7.27500000 0.08724030 
7.32500000 0.08598182 
7.37500000 0.08470410 
7.42500000 0.08340757 
7.47500000 0.08209267 
7.52500000 0.08075982 
7.57500000 0.07940944 
7.62500000 0.07804198 
7.67500000 0.07665785 
7.72500000 0.07525748 
7.77500000 0.07384130 
7.82500000 0.07240973 
7.87500000 0.07096319 
7.92500000 0.06950210 
7.97500000 0.06802688 
8.02500000 0.06653793 
8.07500000 0.06503567 
8.12500000 0.06352051 
8.17500000 0.06199285 
8.22500000 0.06045309 
8.27500000 0.05890162 
8.32500000 0.05733885 
8.37500000 0.05576514 
8.42500000 0.05418090 
8.47500000 0.05258651 
8.52500000 0.05098233 
8.57500000 0.04936873 
8.62500000 0.04774609 
8.67500000 0.04611478 
8.72500000 0.04447513 
8.77500000 0.04282752 
8.82500000 0.04117229 
8.87500000 0.03950978 
8.92500000 0.03784034 
8.97500000 0.03616430 
9.02500000 0.03448200 
9.07500000 0.03279376 
9.12500000 0.03109990 
9.17500000 0.02940075 
9.22500000 0.02769663 
9.27500000 0.02598784 
9.32500000 0.02427469 
9.37500000 0.02255750 
9.42500000 0.02083656 
9.47500000 0.01911218 
9.52500000 0.01738465 
9.57500000 0.01565426 
9.62500000 0.01392132 
9.67500000 0.01218610 
9.72500000 0.01044890 
9.77500000 0.00871000 
9.82500000 0.00696969 
9.87500000 0.00522825 
9.92500000 0.00348597 
9.97500000 0.00174313 
