0.02500000 1.00000000 
0.07500000 1.00000000 
0.12500000 1.00000000 
0.17500000 1.00000000 
0.22500000 1.00000000 
0.27500000 1.00000000 
0.32500000 1.00000000 
0.37500000 1.00000000 
0.42500000 1.00000000 
0.47500000 1.00000000 
0.52500000 1.00000000 
0.57500000 1.00000000 
0.62500000 1.00000000 
0.67500000 1.00000000 
0.72500000 1.00000000 
0.77500000 1.00000000 
0.82500000 1.00000000 
0.87500000 1.00000000 
0.92500000 1.00000000 
0.97500000 1.00000000 
1.02500000 1.00000000 
1.07500000 1.00000000 
1.12500000 1.00000000 
1.17500000 1.00000000 
1.22500000 1.00000000 
1.27500000 1.00000000 
1.32500000 1.00000000 
1.37500000 1.00000000 
1.42500000 1.00000000 
1.47500000 1.00000000 
1.52500000 1.00000000 
1.57500000 1.00000000 
1.62500000 1.00000000 
1.67500000 1.00000000 
1.72500000 1.00000000 
1.77500000 1.00000000 
1.82500000 1.00000000 
1.87500000 1.00000000 
1.92500000 1.00000000 
1.97500000 1.00000000 
2.02500000 1.00000000 
2.07500000 1.00000000 
2.12500000 1.00000000 
2.17500000 1.00000000 
2.22500000 1.00000000 
2.27500000 1.00000000 
2.32500000 1.00000000 
2.37500000 1.00000000 
2.42500000 1.00000000 
2.47500000 1.00000000 
2.52500000 1.00000000 
2.57500000 1.00000000 
2.62500000 1.00000000 
2.67500000 1.00000000 
2.72500000 1.00000000 
2.77500000 1.00000000 
2.82500000 1.00000000 
2.87500000 1.00000000 
2.92500000 1.00000000 
2.97500000 1.00000000 
3.02500000 1.00000000 
3.07500000 1.00000000 
3.12500000 1.00000000 
3.17500000 1.00000000 
3.22500000 1.00000000 
3.27500000 1.00000000 
3.32500000 1.00000000 
3.37500000 1.00000000 
3.42500000 1.00000000 
3.47500000 1.00000000 
3.52500000 1.00000000 
3.57500000 1.00000000 
3.62500000 1.00000000 
3.67500000 1.00000000 
3.72500000 1.00000000 
3.77500000 1.00000000 
3.82500000 1.00000000 
3.87500000 1.00000000 
3.92500000 1.00000000 
3.97500000 1.00000000 
4.02500000 1.00000000 
4.07500000 1.00000000 
4.12500000 1.00000000 
4.17500000 1.00000000 
4.22500000 1.00000000 
4.27500000 1.00000000 
4.32500000 1.00000000 
4.37500000 1.00000000 
4.42500000 1.00000000 
4.47500000 1.00000000 
4.52500000 1.00000000 
4.57500000 1.00000000 
4.62500000 1.00000000 
4.67500000 1.00000000 
4.72500000 1.00000000 
4.77500000 1.00000000 
4.82500000 1.00000000 
4.87500000 1.00000000 
4.92500000 1.00000000 
4.97500000 1.00000000 
5.02500000 1.00000000 
5.07500000 1.00000000 
5.12500000 1.00000000 
5.17500000 1.00000000 
5.22500000 1.00000000 
5.27500000 1.00000000 
5.32500000 1.00000000 
5.37500000 1.00000000 
5.42500000 1.00000000 
5.47500000 1.00000000 
5.52500000 1.00000000 
5.57500000 1.00000000 
5.62500000 1.00000000 
5.67500000 1.00000000 
5.72500000 1.00000000 
5.77500000 1.00000000 
5.82500000 1.00000000 
5.87500000 1.00000000 
5.92500000 1.00000000 
5.97500000 1.00000000 
6.02500000 1.00000000 
6.07500000 1.00000000 
6.12500000 1.00000000 
6.17500000 1.00000000 
6.22500000 1.00000000 
6.27500000 1.00000000 
6.32500000 1.00000000 
6.37500000 1.00000000 
6.42500000 1.00000000 
6.47500000 1.00000000 
6.52500000 1.00000000 
6.57500000 1.00000000 
6.62500000 1.00000000 
6.67500000 1.00000000 
6.72500000 1.00000000 
6.77500000 1.00000000 
6.82500000 1.00000000 
6.87500000 1.00000000 
6.92500000 1.00000000 
6.97500000 1.00000000 
7.02500000 1.00000000 
7.07500000 1.00000000 
7.12500000 1.00000000 
7.17500000 1.00000000 
7.22500000 1.00000000 
7.27500000 1.00000000 
7.32500000 1.00000000 
7.37500000 1.00000000 
7.42500000 1.00000000 
7.47500000 1.00000000 
7.52500000 1.00000000 
7.57500000 1.00000000 
7.62500000 1.00000000 
7.67500000 1.00000000 
7.72500000 1.00000000 
7.77500000 1.00000000 
7.82500000 1.00000000 
7.87500000 1.00000000 
7.92500000 1.00000000 
7.97500000 1.00000000 
8.02500000 1.00000000 
8.07500000 1.00000000 
8.12500000 1.00000000 
8.17500000 1.00000000 
8.22500000 1.00000000 
8.27500000 1.00000000 
8.32500000 1.00000000 
8.37500000 1.00000000 
8.42500000 1.00000000 
8.47500000 1.00000000 
8.52500000 1.00000000 
8.57500000 1.00000000 
8.62500000 1.00000000 
8.67500000 1.00000000 
8.72500000 1.00000000 
8.77500000 1.00000000 
8.82500000 1.00000000 
8.87500000 1.00000000 
8.92500000 1.00000000 
8.97500000 1.00000000 
9.02500000 1.00000000 
9.07500000 1.00000000 
9.12500000 1.00000000 
9.17500000 1.00000000 
9.22500000 1.00000000 
9.27500000 1.00000000 
9.32500000 1.00000000 
9.37500000 1.00000000 
9.42500000 1.00000000 
9.47500000 1.00000000 
9.52500000 1.00000000 
9.57500000 1.00000000 
9.62500000 1.00000000 
9.67500000 1.00000000 
9.72500000 1.00000000 
9.77500000 1.00000000 
9.82500000 1.00000000 
9.87500000 1.00000000 
9.92500000 1.00000000 
9.97500000 1.00000000 
10.02500000 1.00000000 
10.07500000 1.00000000 
10.12500000 1.00000000 
10.17500000 1.00000000 
10.22500000 1.00000000 
10.27500000 1.00000000 
10.32500000 1.00000000 
10.37500000 1.00000000 
10.42500000 1.00000000 
10.47500000 1.00000000 
10.52500000 1.00000000 
10.57500000 1.00000000 
10.62500000 1.00000000 
10.67500000 1.00000000 
10.72500000 1.00000000 
10.77500000 1.00000000 
10.82500000 1.00000000 
10.87500000 1.00000000 
10.92500000 1.00000000 
10.97500000 1.00000000 
11.02500000 1.00000000 
11.07500000 1.00000000 
11.12500000 1.00000000 
11.17500000 1.00000000 
11.22500000 1.00000000 
11.27500000 1.00000000 
11.32500000 1.00000000 
11.37500000 1.00000000 
11.42500000 1.00000000 
11.47500000 1.00000000 
11.52500000 1.00000000 
11.57500000 1.00000000 
11.62500000 1.00000000 
11.67500000 1.00000000 
11.72500000 1.00000000 
11.77500000 1.00000000 
11.82500000 1.00000000 
11.87500000 1.00000000 
11.92500000 1.00000000 
11.97500000 1.00000000 
12.02500000 1.00000000 
12.07500000 1.00000000 
12.12500000 1.00000000 
12.17500000 1.00000000 
12.22500000 1.00000000 
12.27500000 1.00000000 
12.32500000 1.00000000 
12.37500000 1.00000000 
12.42500000 1.00000000 
12.47500000 1.00000000 
12.52500000 1.00000000 
12.57500000 1.00000000 
12.62500000 1.00000000 
12.67500000 1.00000000 
12.72500000 1.00000000 
12.77500000 1.00000000 
12.82500000 1.00000000 
12.87500000 1.00000000 
12.92500000 1.00000000 
12.97500000 1.00000000 
13.02500000 1.00000000 
13.07500000 1.00000000 
13.12500000 1.00000000 
13.17500000 1.00000000 
13.22500000 1.00000000 
13.27500000 1.00000000 
13.32500000 1.00000000 
13.37500000 1.00000000 
13.42500000 1.00000000 
13.47500000 1.00000000 
13.52500000 1.00000000 
13.57500000 1.00000000 
13.62500000 1.00000000 
13.67500000 1.00000000 
13.72500000 1.00000000 
13.77500000 1.00000000 
13.82500000 1.00000000 
13.87500000 1.00000000 
13.92500000 1.00000000 
13.97500000 1.00000000 
14.02500000 1.00000000 
14.07500000 1.00000000 
14.12500000 1.00000000 
14.17500000 1.00000000 
14.22500000 1.00000000 
14.27500000 1.00000000 
14.32500000 1.00000000 
14.37500000 1.00000000 
14.42500000 1.00000000 
14.47500000 1.00000000 
14.52500000 1.00000000 
14.57500000 1.00000000 
14.62500000 1.00000000 
14.67500000 1.00000000 
14.72500000 1.00000000 
14.77500000 1.00000000 
14.82500000 1.00000000 
14.87500000 1.00000000 
14.92500000 1.00000000 
14.97500000 1.00000000 
15.02500000 1.00000000 
15.07500000 1.00000000 
15.12500000 1.00000000 
15.17500000 1.00000000 
15.22500000 1.00000000 
15.27500000 1.00000000 
15.32500000 1.00000000 
15.37500000 1.00000000 
15.42500000 1.00000000 
15.47500000 1.00000000 
15.52500000 1.00000000 
15.57500000 1.00000000 
15.62500000 1.00000000 
15.67500000 1.00000000 
15.72500000 1.00000000 
15.77500000 1.00000000 
15.82500000 1.00000000 
15.87500000 1.00000000 
15.92500000 1.00000000 
15.97500000 1.00000000 
16.02500000 1.00000000 
16.07500000 1.00000000 
16.12500000 1.00000000 
16.17500000 1.00000000 
16.22500000 1.00000000 
16.27500000 1.00000000 
16.32500000 1.00000000 
16.37500000 1.00000000 
16.42500000 1.00000000 
16.47500000 1.00000000 
16.52500000 1.00000000 
16.57500000 1.00000000 
16.62500000 1.00000000 
16.67500000 1.00000000 
16.72500000 1.00000000 
16.77500000 1.00000000 
16.82500000 1.00000000 
16.87500000 1.00000000 
16.92500000 1.00000000 
16.97500000 1.00000000 
17.02500000 1.00000000 
17.07500000 1.00000000 
17.12500000 1.00000000 
17.17500000 1.00000000 
17.22500000 1.00000000 
17.27500000 1.00000000 
17.32500000 1.00000000 
17.37500000 1.00000000 
17.42500000 1.00000000 
17.47500000 1.00000000 
17.52500000 1.00000000 
17.57500000 1.00000000 
17.62500000 1.00000000 
17.67500000 1.00000000 
17.72500000 1.00000000 
17.77500000 1.00000000 
17.82500000 1.00000000 
17.87500000 1.00000000 
17.92500000 1.00000000 
17.97500000 1.00000000 
18.02500000 1.00000000 
18.07500000 1.00000000 
18.12500000 1.00000000 
18.17500000 1.00000000 
18.22500000 1.00000000 
18.27500000 1.00000000 
18.32500000 1.00000000 
18.37500000 1.00000000 
18.42500000 1.00000000 
18.47500000 1.00000000 
18.52500000 1.00000000 
18.57500000 1.00000000 
18.62500000 1.00000000 
18.67500000 1.00000000 
18.72500000 1.00000000 
18.77500000 1.00000000 
18.82500000 1.00000000 
18.87500000 1.00000000 
18.92500000 1.00000000 
18.97500000 1.00000000 
19.02500000 1.00000000 
19.07500000 1.00000000 
19.12500000 1.00000000 
19.17500000 1.00000000 
19.22500000 1.00000000 
19.27500000 1.00000000 
19.32500000 1.00000000 
19.37500000 1.00000000 
19.42500000 1.00000000 
19.47500000 1.00000000 
19.52500000 1.00000000 
19.57500000 1.00000000 
19.62500000 1.00000000 
19.67500000 1.00000000 
19.72500000 1.00000000 
19.77500000 1.00000000 
19.82500000 1.00000000 
19.87500000 1.00000000 
19.92500000 1.00000000 
19.97500000 1.00000000 
20.02500000 1.00000000 
20.07500000 1.00000000 
20.12500000 1.00000000 
20.17500000 1.00000000 
20.22500000 1.00000000 
20.27500000 1.00000000 
20.32500000 1.00000000 
20.37500000 1.00000000 
20.42500000 1.00000000 
20.47500000 1.00000000 
20.52500000 1.00000000 
20.57500000 1.00000000 
20.62500000 1.00000000 
20.67500000 1.00000000 
20.72500000 1.00000000 
20.77500000 1.00000000 
20.82500000 1.00000000 
20.87500000 1.00000000 
20.92500000 1.00000000 
20.97500000 1.00000000 
21.02500000 1.00000000 
21.07500000 1.00000000 
21.12500000 1.00000000 
21.17500000 1.00000000 
21.22500000 1.00000000 
21.27500000 1.00000000 
21.32500000 1.00000000 
21.37500000 1.00000000 
21.42500000 1.00000000 
21.47500000 1.00000000 
21.52500000 1.00000000 
21.57500000 1.00000000 
21.62500000 1.00000000 
21.67500000 1.00000000 
21.72500000 1.00000000 
21.77500000 1.00000000 
21.82500000 1.00000000 
21.87500000 1.00000000 
21.92500000 1.00000000 
21.97500000 1.00000000 
22.02500000 1.00000000 
22.07500000 1.00000000 
22.12500000 1.00000000 
22.17500000 1.00000000 
22.22500000 1.00000000 
22.27500000 1.00000000 
22.32500000 1.00000000 
22.37500000 1.00000000 
22.42500000 1.00000000 
22.47500000 1.00000000 
22.52500000 1.00000000 
22.57500000 1.00000000 
22.62500000 1.00000000 
22.67500000 1.00000000 
22.72500000 1.00000000 
22.77500000 1.00000000 
22.82500000 1.00000000 
22.87500000 1.00000000 
22.92500000 1.00000000 
22.97500000 1.00000000 
23.02500000 1.00000000 
23.07500000 1.00000000 
23.12500000 1.00000000 
23.17500000 1.00000000 
23.22500000 1.00000000 
23.27500000 1.00000000 
23.32500000 1.00000000 
23.37500000 1.00000000 
23.42500000 1.00000000 
23.47500000 1.00000000 
23.52500000 1.00000000 
23.57500000 1.00000000 
23.62500000 1.00000000 
23.67500000 1.00000000 
23.72500000 1.00000000 
23.77500000 1.00000000 
23.82500000 1.00000000 
23.87500000 1.00000000 
23.92500000 1.00000000 
23.97500000 1.00000000 
24.02500000 1.00000000 
24.07500000 1.00000000 
24.12500000 1.00000000 
24.17500000 1.00000000 
24.22500000 1.00000000 
24.27500000 1.00000000 
24.32500000 1.00000000 
24.37500000 1.00000000 
24.42500000 1.00000000 
24.47500000 1.00000000 
24.52500000 1.00000000 
24.57500000 1.00000000 
24.62500000 1.00000000 
24.67500000 1.00000000 
24.72500000 1.00000000 
24.77500000 1.00000000 
24.82500000 1.00000000 
24.87500000 1.00000000 
24.92500000 1.00000000 
24.97500000 1.00000000 
25.02500000 1.00000000 
25.07500000 1.00000000 
25.12500000 1.00000000 
25.17500000 1.00000000 
25.22500000 1.00000000 
25.27500000 1.00000000 
25.32500000 1.00000000 
25.37500000 1.00000000 
25.42500000 1.00000000 
25.47500000 1.00000000 
25.52500000 1.00000000 
25.57500000 1.00000000 
25.62500000 1.00000000 
25.67500000 1.00000000 
25.72500000 1.00000000 
25.77500000 1.00000000 
25.82500000 1.00000000 
25.87500000 1.00000000 
25.92500000 1.00000000 
25.97500000 1.00000000 
26.02500000 1.00000000 
26.07500000 1.00000000 
26.12500000 1.00000000 
26.17500000 1.00000000 
26.22500000 1.00000000 
26.27500000 1.00000000 
26.32500000 1.00000000 
26.37500000 1.00000000 
26.42500000 1.00000000 
26.47500000 1.00000000 
26.52500000 1.00000000 
26.57500000 1.00000000 
26.62500000 1.00000000 
26.67500000 1.00000000 
26.72500000 1.00000000 
26.77500000 1.00000000 
26.82500000 1.00000000 
26.87500000 1.00000000 
26.92500000 1.00000000 
26.97500000 1.00000000 
27.02500000 1.00000000 
27.07500000 1.00000000 
27.12500000 1.00000000 
27.17500000 1.00000000 
27.22500000 1.00000000 
27.27500000 1.00000000 
27.32500000 1.00000000 
27.37500000 1.00000000 
27.42500000 1.00000000 
27.47500000 1.00000000 
27.52500000 1.00000000 
27.57500000 1.00000000 
27.62500000 1.00000000 
27.67500000 1.00000000 
27.72500000 1.00000000 
27.77500000 1.00000000 
27.82500000 1.00000000 
27.87500000 1.00000000 
27.92500000 1.00000000 
27.97500000 1.00000000 
28.02500000 1.00000000 
28.07500000 1.00000000 
28.12500000 1.00000000 
28.17500000 1.00000000 
28.22500000 1.00000000 
28.27500000 1.00000000 
28.32500000 1.00000000 
28.37500000 1.00000000 
28.42500000 1.00000000 
28.47500000 1.00000000 
28.52500000 1.00000000 
28.57500000 1.00000000 
28.62500000 1.00000000 
28.67500000 1.00000000 
28.72500000 1.00000000 
28.77500000 1.00000000 
28.82500000 1.00000000 
28.87500000 1.00000000 
28.92500000 1.00000000 
28.97500000 1.00000000 
29.02500000 1.00000000 
29.07500000 1.00000000 
29.12500000 1.00000000 
29.17500000 1.00000000 
29.22500000 1.00000000 
29.27500000 1.00000000 
29.32500000 1.00000000 
29.37500000 1.00000000 
29.42500000 1.00000000 
29.47500000 1.00000000 
29.52500000 1.00000000 
29.57500000 1.00000000 
29.62500000 1.00000000 
29.67500000 1.00000000 
29.72500000 1.00000000 
29.77500000 1.00000000 
29.82500000 1.00000000 
29.87500000 1.00000000 
29.92500000 1.00000000 
29.97500000 1.00000000 
30.02500000 1.00000000 
30.07500000 1.00000000 
30.12500000 1.00000000 
30.17500000 1.00000000 
30.22500000 1.00000000 
30.27500000 1.00000000 
30.32500000 1.00000000 
30.37500000 1.00000000 
30.42500000 1.00000000 
30.47500000 1.00000000 
30.52500000 1.00000000 
30.57500000 1.00000000 
30.62500000 1.00000000 
30.67500000 1.00000000 
30.72500000 1.00000000 
30.77500000 1.00000000 
30.82500000 1.00000000 
30.87500000 1.00000000 
30.92500000 1.00000000 
30.97500000 1.00000000 
31.02500000 1.00000000 
31.07500000 1.00000000 
31.12500000 1.00000000 
31.17500000 1.00000000 
31.22500000 1.00000000 
31.27500000 1.00000000 
31.32500000 1.00000000 
31.37500000 1.00000000 
31.42500000 1.00000000 
31.47500000 1.00000000 
31.52500000 1.00000000 
31.57500000 1.00000000 
31.62500000 1.00000000 
31.67500000 1.00000000 
31.72500000 1.00000000 
31.77500000 1.00000000 
31.82500000 1.00000000 
31.87500000 1.00000000 
31.92500000 1.00000000 
31.97500000 1.00000000 
32.02500000 1.00000000 
32.07500000 1.00000000 
32.12500000 1.00000000 
32.17500000 1.00000000 
32.22500000 1.00000000 
32.27500000 1.00000000 
32.32500000 1.00000000 
32.37500000 1.00000000 
32.42500000 1.00000000 
32.47500000 1.00000000 
32.52500000 1.00000000 
32.57500000 1.00000000 
32.62500000 1.00000000 
32.67500000 1.00000000 
32.72500000 1.00000000 
32.77500000 1.00000000 
32.82500000 1.00000000 
32.87500000 1.00000000 
32.92500000 1.00000000 
32.97500000 1.00000000 
33.02500000 1.00000000 
33.07500000 1.00000000 
33.12500000 1.00000000 
33.17500000 1.00000000 
33.22500000 1.00000000 
33.27500000 1.00000000 
33.32500000 1.00000000 
33.37500000 1.00000000 
33.42500000 1.00000000 
33.47500000 1.00000000 
33.52500000 1.00000000 
33.57500000 1.00000000 
33.62500000 1.00000000 
33.67500000 1.00000000 
33.72500000 1.00000000 
33.77500000 1.00000000 
33.82500000 1.00000000 
33.87500000 1.00000000 
33.92500000 1.00000000 
33.97500000 1.00000000 
34.02500000 1.00000000 
34.07500000 1.00000000 
34.12500000 1.00000000 
34.17500000 1.00000000 
34.22500000 1.00000000 
34.27500000 1.00000000 
34.32500000 1.00000000 
34.37500000 1.00000000 
34.42500000 1.00000000 
34.47500000 1.00000000 
34.52500000 1.00000000 
34.57500000 1.00000000 
34.62500000 1.00000000 
34.67500000 1.00000000 
34.72500000 1.00000000 
34.77500000 1.00000000 
34.82500000 1.00000000 
34.87500000 1.00000000 
34.92500000 1.00000000 
34.97500000 1.00000000 
35.02500000 1.00000000 
35.07500000 1.00000000 
35.12500000 1.00000000 
35.17500000 1.00000000 
35.22500000 1.00000000 
35.27500000 1.00000000 
35.32500000 1.00000000 
35.37500000 1.00000000 
35.42500000 1.00000000 
35.47500000 1.00000000 
35.52500000 1.00000000 
35.57500000 1.00000000 
35.62500000 1.00000000 
35.67500000 1.00000000 
35.72500000 1.00000000 
35.77500000 1.00000000 
35.82500000 1.00000000 
35.87500000 1.00000000 
35.92500000 1.00000000 
35.97500000 1.00000000 
36.02500000 1.00000000 
36.07500000 1.00000000 
36.12500000 1.00000000 
36.17500000 1.00000000 
36.22500000 1.00000000 
36.27500000 1.00000000 
36.32500000 1.00000000 
36.37500000 1.00000000 
36.42500000 1.00000000 
36.47500000 1.00000000 
36.52500000 1.00000000 
36.57500000 1.00000000 
36.62500000 1.00000000 
36.67500000 1.00000000 
36.72500000 1.00000000 
36.77500000 1.00000000 
36.82500000 1.00000000 
36.87500000 1.00000000 
36.92500000 1.00000000 
36.97500000 1.00000000 
37.02500000 1.00000000 
37.07500000 1.00000000 
37.12500000 1.00000000 
37.17500000 1.00000000 
37.22500000 1.00000000 
37.27500000 1.00000000 
37.32500000 1.00000000 
37.37500000 1.00000000 
37.42500000 1.00000000 
37.47500000 1.00000000 
37.52500000 1.00000000 
37.57500000 1.00000000 
37.62500000 1.00000000 
37.67500000 1.00000000 
37.72500000 1.00000000 
37.77500000 1.00000000 
37.82500000 1.00000000 
37.87500000 1.00000000 
37.92500000 1.00000000 
37.97500000 1.00000000 
38.02500000 1.00000000 
38.07500000 1.00000000 
38.12500000 1.00000000 
38.17500000 1.00000000 
38.22500000 1.00000000 
38.27500000 1.00000000 
38.32500000 1.00000000 
38.37500000 1.00000000 
38.42500000 1.00000000 
38.47500000 1.00000000 
38.52500000 1.00000000 
38.57500000 1.00000000 
38.62500000 1.00000000 
38.67500000 1.00000000 
38.72500000 1.00000000 
38.77500000 1.00000000 
38.82500000 1.00000000 
38.87500000 1.00000000 
38.92500000 1.00000000 
38.97500000 1.00000000 
39.02500000 1.00000000 
39.07500000 1.00000000 
39.12500000 1.00000000 
39.17500000 1.00000000 
39.22500000 1.00000000 
39.27500000 1.00000000 
39.32500000 1.00000000 
39.37500000 1.00000000 
39.42500000 1.00000000 
39.47500000 1.00000000 
39.52500000 1.00000000 
39.57500000 1.00000000 
39.62500000 1.00000000 
39.67500000 1.00000000 
39.72500000 1.00000000 
39.77500000 1.00000000 
39.82500000 1.00000000 
39.87500000 1.00000000 
39.92500000 1.00000000 
39.97500000 1.00000000 
40.02500000 1.00000000 
40.07500000 1.00000000 
40.12500000 1.00000000 
40.17500000 1.00000000 
40.22500000 1.00000000 
40.27500000 1.00000000 
40.32500000 1.00000000 
40.37500000 1.00000000 
40.42500000 1.00000000 
40.47500000 1.00000000 
40.52500000 1.00000000 
40.57500000 1.00000000 
40.62500000 1.00000000 
40.67500000 1.00000000 
40.72500000 1.00000000 
40.77500000 1.00000000 
40.82500000 0.99999999 
40.87500000 0.99999999 
40.92500000 0.99999999 
40.97500000 0.99999999 
41.02500000 0.99999999 
41.07500000 0.99999999 
41.12500000 0.99999999 
41.17500000 0.99999999 
41.22500000 0.99999999 
41.27500000 0.99999999 
41.32500000 0.99999999 
41.37500000 0.99999999 
41.42500000 0.99999999 
41.47500000 0.99999999 
41.52500000 0.99999999 
41.57500000 0.99999999 
41.62500000 0.99999999 
41.67500000 0.99999999 
41.72500000 0.99999999 
41.77500000 0.99999999 
41.82500000 0.99999999 
41.87500000 0.99999999 
41.92500000 0.99999999 
41.97500000 0.99999999 
42.02500000 0.99999999 
42.07500000 0.99999999 
42.12500000 0.99999999 
42.17500000 0.99999999 
42.22500000 0.99999999 
42.27500000 0.99999999 
42.32500000 0.99999999 
42.37500000 0.99999999 
42.42500000 0.99999999 
42.47500000 0.99999999 
42.52500000 0.99999999 
42.57500000 0.99999999 
42.62500000 0.99999999 
42.67500000 0.99999999 
42.72500000 0.99999999 
42.77500000 0.99999999 
42.82500000 0.99999999 
42.87500000 0.99999999 
42.92500000 0.99999999 
42.97500000 0.99999999 
43.02500000 0.99999999 
43.07500000 0.99999999 
43.12500000 0.99999999 
43.17500000 0.99999999 
43.22500000 0.99999999 
43.27500000 0.99999999 
43.32500000 0.99999999 
43.37500000 0.99999999 
43.42500000 0.99999999 
43.47500000 0.99999998 
43.52500000 0.99999998 
43.57500000 0.99999998 
43.62500000 0.99999998 
43.67500000 0.99999998 
43.72500000 0.99999998 
43.77500000 0.99999998 
43.82500000 0.99999998 
43.87500000 0.99999998 
43.92500000 0.99999998 
43.97500000 0.99999998 
44.02500000 0.99999998 
44.07500000 0.99999998 
44.12500000 0.99999998 
44.17500000 0.99999998 
44.22500000 0.99999998 
44.27500000 0.99999998 
44.32500000 0.99999998 
44.37500000 0.99999998 
44.42500000 0.99999998 
44.47500000 0.99999998 
44.52500000 0.99999998 
44.57500000 0.99999998 
44.62500000 0.99999998 
44.67500000 0.99999997 
44.72500000 0.99999997 
44.77500000 0.99999997 
44.82500000 0.99999997 
44.87500000 0.99999997 
44.92500000 0.99999997 
44.97500000 0.99999997 
45.02500000 0.99999997 
45.07500000 0.99999997 
45.12500000 0.99999997 
45.17500000 0.99999997 
45.22500000 0.99999997 
45.27500000 0.99999997 
45.32500000 0.99999997 
45.37500000 0.99999997 
45.42500000 0.99999997 
45.47500000 0.99999996 
45.52500000 0.99999996 
45.57500000 0.99999996 
45.62500000 0.99999996 
45.67500000 0.99999996 
45.72500000 0.99999996 
45.77500000 0.99999996 
45.82500000 0.99999996 
45.87500000 0.99999996 
45.92500000 0.99999996 
45.97500000 0.99999996 
46.02500000 0.99999996 
46.07500000 0.99999995 
46.12500000 0.99999995 
46.17500000 0.99999995 
46.22500000 0.99999995 
46.27500000 0.99999995 
46.32500000 0.99999995 
46.37500000 0.99999995 
46.42500000 0.99999995 
46.47500000 0.99999995 
46.52500000 0.99999995 
46.57500000 0.99999994 
46.62500000 0.99999994 
46.67500000 0.99999994 
46.72500000 0.99999994 
46.77500000 0.99999994 
46.82500000 0.99999994 
46.87500000 0.99999994 
46.92500000 0.99999994 
46.97500000 0.99999993 
47.02500000 0.99999993 
47.07500000 0.99999993 
47.12500000 0.99999993 
47.17500000 0.99999993 
47.22500000 0.99999993 
47.27500000 0.99999993 
47.32500000 0.99999992 
47.37500000 0.99999992 
47.42500000 0.99999992 
47.47500000 0.99999992 
47.52500000 0.99999992 
47.57500000 0.99999992 
47.62500000 0.99999991 
47.67500000 0.99999991 
47.72500000 0.99999991 
47.77500000 0.99999991 
47.82500000 0.99999991 
47.87500000 0.99999990 
47.92500000 0.99999990 
47.97500000 0.99999990 
48.02500000 0.99999990 
48.07500000 0.99999990 
48.12500000 0.99999989 
48.17500000 0.99999989 
48.22500000 0.99999989 
48.27500000 0.99999989 
48.32500000 0.99999988 
48.37500000 0.99999988 
48.42500000 0.99999988 
48.47500000 0.99999988 
48.52500000 0.99999987 
48.57500000 0.99999987 
48.62500000 0.99999987 
48.67500000 0.99999987 
48.72500000 0.99999986 
48.77500000 0.99999986 
48.82500000 0.99999986 
48.87500000 0.99999985 
48.92500000 0.99999985 
48.97500000 0.99999985 
49.02500000 0.99999984 
49.07500000 0.99999984 
49.12500000 0.99999984 
49.17500000 0.99999983 
49.22500000 0.99999983 
49.27500000 0.99999983 
49.32500000 0.99999982 
49.37500000 0.99999982 
49.42500000 0.99999982 
49.47500000 0.99999981 
49.52500000 0.99999981 
49.57500000 0.99999980 
49.62500000 0.99999980 
49.67500000 0.99999980 
49.72500000 0.99999979 
49.77500000 0.99999979 
49.82500000 0.99999978 
49.87500000 0.99999978 
49.92500000 0.99999977 
49.97500000 0.99999977 
50.02500000 0.99999976 
50.07500000 0.99999976 
50.12500000 0.99999975 
50.17500000 0.99999975 
50.22500000 0.99999974 
50.27500000 0.99999974 
50.32500000 0.99999973 
50.37500000 0.99999973 
50.42500000 0.99999972 
50.47500000 0.99999972 
50.52500000 0.99999971 
50.57500000 0.99999970 
50.62500000 0.99999970 
50.67500000 0.99999969 
50.72500000 0.99999968 
50.77500000 0.99999968 
50.82500000 0.99999967 
50.87500000 0.99999966 
50.92500000 0.99999966 
50.97500000 0.99999965 
51.02500000 0.99999964 
51.07500000 0.99999963 
51.12500000 0.99999963 
51.17500000 0.99999962 
51.22500000 0.99999961 
51.27500000 0.99999960 
51.32500000 0.99999959 
51.37500000 0.99999959 
51.42500000 0.99999958 
51.47500000 0.99999957 
51.52500000 0.99999956 
51.57500000 0.99999955 
51.62500000 0.99999954 
51.67500000 0.99999953 
51.72500000 0.99999952 
51.77500000 0.99999951 
51.82500000 0.99999950 
51.87500000 0.99999949 
51.92500000 0.99999948 
51.97500000 0.99999947 
52.02500000 0.99999946 
52.07500000 0.99999945 
52.12500000 0.99999943 
52.17500000 0.99999942 
52.22500000 0.99999941 
52.27500000 0.99999940 
52.32500000 0.99999938 
52.37500000 0.99999937 
52.42500000 0.99999936 
52.47500000 0.99999934 
52.52500000 0.99999933 
52.57500000 0.99999932 
52.62500000 0.99999930 
52.67500000 0.99999929 
52.72500000 0.99999927 
52.77500000 0.99999926 
52.82500000 0.99999924 
52.87500000 0.99999923 
52.92500000 0.99999921 
52.97500000 0.99999919 
53.02500000 0.99999918 
53.07500000 0.99999916 
53.12500000 0.99999914 
53.17500000 0.99999912 
53.22500000 0.99999910 
53.27500000 0.99999909 
53.32500000 0.99999907 
53.37500000 0.99999905 
53.42500000 0.99999903 
53.47500000 0.99999901 
53.52500000 0.99999898 
53.57500000 0.99999896 
53.62500000 0.99999894 
53.67500000 0.99999892 
53.72500000 0.99999890 
53.77500000 0.99999887 
53.82500000 0.99999885 
53.87500000 0.99999882 
53.92500000 0.99999880 
53.97500000 0.99999877 
54.02500000 0.99999875 
54.07500000 0.99999872 
54.12500000 0.99999870 
54.17500000 0.99999867 
54.22500000 0.99999864 
54.27500000 0.99999861 
54.32500000 0.99999858 
54.37500000 0.99999855 
54.42500000 0.99999852 
54.47500000 0.99999849 
54.52500000 0.99999846 
54.57500000 0.99999843 
54.62500000 0.99999839 
54.67500000 0.99999836 
54.72500000 0.99999832 
54.77500000 0.99999829 
54.82500000 0.99999825 
54.87500000 0.99999822 
54.92500000 0.99999818 
54.97500000 0.99999814 
55.02500000 0.99999810 
55.07500000 0.99999806 
55.12500000 0.99999802 
55.17500000 0.99999798 
55.22500000 0.99999794 
55.27500000 0.99999789 
55.32500000 0.99999785 
55.37500000 0.99999780 
55.42500000 0.99999776 
55.47500000 0.99999771 
55.52500000 0.99999766 
55.57500000 0.99999761 
55.62500000 0.99999756 
55.67500000 0.99999751 
55.72500000 0.99999746 
55.77500000 0.99999740 
55.82500000 0.99999735 
55.87500000 0.99999729 
55.92500000 0.99999724 
55.97500000 0.99999718 
56.02500000 0.99999712 
56.07500000 0.99999706 
56.12500000 0.99999700 
56.17500000 0.99999693 
56.22500000 0.99999687 
56.27500000 0.99999680 
56.32500000 0.99999674 
56.37500000 0.99999667 
56.42500000 0.99999660 
56.47500000 0.99999652 
56.52500000 0.99999645 
56.57500000 0.99999638 
56.62500000 0.99999630 
56.67500000 0.99999622 
56.72500000 0.99999614 
56.77500000 0.99999606 
56.82500000 0.99999598 
56.87500000 0.99999589 
56.92500000 0.99999581 
56.97500000 0.99999572 
57.02500000 0.99999563 
57.07500000 0.99999554 
57.12500000 0.99999544 
57.17500000 0.99999535 
57.22500000 0.99999525 
57.27500000 0.99999515 
57.32500000 0.99999505 
57.37500000 0.99999494 
57.42500000 0.99999483 
57.47500000 0.99999473 
57.52500000 0.99999461 
57.57500000 0.99999450 
57.62500000 0.99999439 
57.67500000 0.99999427 
57.72500000 0.99999415 
57.77500000 0.99999402 
57.82500000 0.99999390 
57.87500000 0.99999377 
57.92500000 0.99999364 
57.97500000 0.99999350 
58.02500000 0.99999337 
58.07500000 0.99999323 
58.12500000 0.99999308 
58.17500000 0.99999294 
58.22500000 0.99999279 
58.27500000 0.99999264 
58.32500000 0.99999248 
58.37500000 0.99999232 
58.42500000 0.99999216 
58.47500000 0.99999200 
58.52500000 0.99999183 
58.57500000 0.99999166 
58.62500000 0.99999148 
58.67500000 0.99999130 
58.72500000 0.99999112 
58.77500000 0.99999093 
58.82500000 0.99999074 
58.87500000 0.99999054 
58.92500000 0.99999035 
58.97500000 0.99999014 
59.02500000 0.99998993 
59.07500000 0.99998972 
59.12500000 0.99998951 
59.17500000 0.99998928 
59.22500000 0.99998906 
59.27500000 0.99998883 
59.32500000 0.99998859 
59.37500000 0.99998835 
59.42500000 0.99998811 
59.47500000 0.99998786 
59.52500000 0.99998760 
59.57500000 0.99998734 
59.62500000 0.99998707 
59.67500000 0.99998680 
59.72500000 0.99998652 
59.77500000 0.99998624 
59.82500000 0.99998595 
59.87500000 0.99998565 
59.92500000 0.99998535 
59.97500000 0.99998504 
60.02500000 0.99998473 
60.07500000 0.99998440 
60.12500000 0.99998408 
60.17500000 0.99998374 
60.22500000 0.99998340 
60.27500000 0.99998305 
60.32500000 0.99998269 
60.37500000 0.99998233 
60.42500000 0.99998195 
60.47500000 0.99998157 
60.52500000 0.99998119 
60.57500000 0.99998079 
60.62500000 0.99998039 
60.67500000 0.99997997 
60.72500000 0.99997955 
60.77500000 0.99997912 
60.82500000 0.99997868 
60.87500000 0.99997823 
60.92500000 0.99997777 
60.97500000 0.99997730 
61.02500000 0.99997683 
61.07500000 0.99997634 
61.12500000 0.99997584 
61.17500000 0.99997533 
61.22500000 0.99997481 
61.27500000 0.99997428 
61.32500000 0.99997374 
61.37500000 0.99997319 
61.42500000 0.99997262 
61.47500000 0.99997204 
61.52500000 0.99997146 
61.57500000 0.99997085 
61.62500000 0.99997024 
61.67500000 0.99996961 
61.72500000 0.99996897 
61.77500000 0.99996832 
61.82500000 0.99996765 
61.87500000 0.99996697 
61.92500000 0.99996628 
61.97500000 0.99996556 
62.02500000 0.99996484 
62.07500000 0.99996410 
62.12500000 0.99996334 
62.17500000 0.99996257 
62.22500000 0.99996178 
62.27500000 0.99996098 
62.32500000 0.99996016 
62.37500000 0.99995932 
62.42500000 0.99995846 
62.47500000 0.99995758 
62.52500000 0.99995669 
62.57500000 0.99995578 
62.62500000 0.99995485 
62.67500000 0.99995390 
62.72500000 0.99995293 
62.77500000 0.99995193 
62.82500000 0.99995092 
62.87500000 0.99994989 
62.92500000 0.99994883 
62.97500000 0.99994776 
63.02500000 0.99994665 
63.07500000 0.99994553 
63.12500000 0.99994438 
63.17500000 0.99994321 
63.22500000 0.99994202 
63.27500000 0.99994080 
63.32500000 0.99993955 
63.37500000 0.99993828 
63.42500000 0.99993698 
63.47500000 0.99993565 
63.52500000 0.99993429 
63.57500000 0.99993291 
63.62500000 0.99993150 
63.67500000 0.99993005 
63.72500000 0.99992858 
63.77500000 0.99992708 
63.82500000 0.99992554 
63.87500000 0.99992397 
63.92500000 0.99992237 
63.97500000 0.99992074 
64.02500000 0.99991907 
64.07500000 0.99991736 
64.12500000 0.99991562 
64.17500000 0.99991385 
64.22500000 0.99991203 
64.27500000 0.99991018 
64.32500000 0.99990829 
64.37500000 0.99990636 
64.42500000 0.99990439 
64.47500000 0.99990237 
64.52500000 0.99990032 
64.57500000 0.99989822 
64.62500000 0.99989607 
64.67500000 0.99989388 
64.72500000 0.99989165 
64.77500000 0.99988937 
64.82500000 0.99988704 
64.87500000 0.99988466 
64.92500000 0.99988223 
64.97500000 0.99987975 
65.02500000 0.99987722 
65.07500000 0.99987463 
65.12500000 0.99987199 
65.17500000 0.99986930 
65.22500000 0.99986655 
65.27500000 0.99986374 
65.32500000 0.99986087 
65.37500000 0.99985794 
65.42500000 0.99985495 
65.47500000 0.99985189 
65.52500000 0.99984877 
65.57500000 0.99984559 
65.62500000 0.99984234 
65.67500000 0.99983902 
65.72500000 0.99983563 
65.77500000 0.99983217 
65.82500000 0.99982863 
65.87500000 0.99982503 
65.92500000 0.99982134 
65.97500000 0.99981758 
66.02500000 0.99981374 
66.07500000 0.99980982 
66.12500000 0.99980581 
66.17500000 0.99980173 
66.22500000 0.99979755 
66.27500000 0.99979329 
66.32500000 0.99978894 
66.37500000 0.99978449 
66.42500000 0.99977995 
66.47500000 0.99977532 
66.52500000 0.99977059 
66.57500000 0.99976576 
66.62500000 0.99976083 
66.67500000 0.99975580 
66.72500000 0.99975065 
66.77500000 0.99974540 
66.82500000 0.99974004 
66.87500000 0.99973457 
66.92500000 0.99972898 
66.97500000 0.99972328 
67.02500000 0.99971745 
67.07500000 0.99971150 
67.12500000 0.99970543 
67.17500000 0.99969923 
67.22500000 0.99969290 
67.27500000 0.99968643 
67.32500000 0.99967983 
67.37500000 0.99967309 
67.42500000 0.99966621 
67.47500000 0.99965918 
67.52500000 0.99965201 
67.57500000 0.99964469 
67.62500000 0.99963721 
67.67500000 0.99962957 
67.72500000 0.99962177 
67.77500000 0.99961381 
67.82500000 0.99960568 
67.87500000 0.99959738 
67.92500000 0.99958891 
67.97500000 0.99958025 
68.02500000 0.99957142 
68.07500000 0.99956240 
68.12500000 0.99955319 
68.17500000 0.99954378 
68.22500000 0.99953418 
68.27500000 0.99952437 
68.32500000 0.99951436 
68.37500000 0.99950414 
68.42500000 0.99949371 
68.47500000 0.99948305 
68.52500000 0.99947217 
68.57500000 0.99946106 
68.62500000 0.99944972 
68.67500000 0.99943814 
68.72500000 0.99942631 
68.77500000 0.99941424 
68.82500000 0.99940191 
68.87500000 0.99938933 
68.92500000 0.99937648 
68.97500000 0.99936335 
69.02500000 0.99934996 
69.07500000 0.99933628 
69.12500000 0.99932231 
69.17500000 0.99930805 
69.22500000 0.99929349 
69.27500000 0.99927862 
69.32500000 0.99926344 
69.37500000 0.99924794 
69.42500000 0.99923212 
69.47500000 0.99921596 
69.52500000 0.99919946 
69.57500000 0.99918262 
69.62500000 0.99916542 
69.67500000 0.99914786 
69.72500000 0.99912993 
69.77500000 0.99911163 
69.82500000 0.99909294 
69.87500000 0.99907386 
69.92500000 0.99905437 
69.97500000 0.99903448 
70.02500000 0.99901416 
70.07500000 0.99899343 
70.12500000 0.99897225 
70.17500000 0.99895063 
70.22500000 0.99892856 
70.27500000 0.99890602 
70.32500000 0.99888301 
70.37500000 0.99885951 
70.42500000 0.99883552 
70.47500000 0.99881103 
70.52500000 0.99878602 
70.57500000 0.99876049 
70.62500000 0.99873442 
70.67500000 0.99870780 
70.72500000 0.99868062 
70.77500000 0.99865287 
70.82500000 0.99862454 
70.87500000 0.99859562 
70.92500000 0.99856608 
70.97500000 0.99853593 
71.02500000 0.99850514 
71.07500000 0.99847371 
71.12500000 0.99844161 
71.17500000 0.99840885 
71.22500000 0.99837539 
71.27500000 0.99834123 
71.32500000 0.99830636 
71.37500000 0.99827075 
71.42500000 0.99823439 
71.47500000 0.99819728 
71.52500000 0.99815938 
71.57500000 0.99812069 
71.62500000 0.99808118 
71.67500000 0.99804085 
71.72500000 0.99799966 
71.77500000 0.99795762 
71.82500000 0.99791469 
71.87500000 0.99787086 
71.92500000 0.99782612 
71.97500000 0.99778043 
72.02500000 0.99773379 
72.07500000 0.99768616 
72.12500000 0.99763754 
72.17500000 0.99758790 
72.22500000 0.99753722 
72.27500000 0.99748547 
72.32500000 0.99743264 
72.37500000 0.99737870 
72.42500000 0.99732363 
72.47500000 0.99726741 
72.52500000 0.99721001 
72.57500000 0.99715140 
72.62500000 0.99709157 
72.67500000 0.99703048 
72.72500000 0.99696811 
72.77500000 0.99690444 
72.82500000 0.99683943 
72.87500000 0.99677306 
72.92500000 0.99670530 
72.97500000 0.99663613 
73.02500000 0.99656550 
73.07500000 0.99649339 
73.12500000 0.99641978 
73.17500000 0.99634462 
73.22500000 0.99626789 
73.27500000 0.99618955 
73.32500000 0.99610958 
73.37500000 0.99602793 
73.42500000 0.99594457 
73.47500000 0.99585947 
73.52500000 0.99577259 
73.57500000 0.99568390 
73.62500000 0.99559335 
73.67500000 0.99550090 
73.72500000 0.99540652 
73.77500000 0.99531017 
73.82500000 0.99521181 
73.87500000 0.99511139 
73.92500000 0.99500888 
73.97500000 0.99490422 
74.02500000 0.99479737 
74.07500000 0.99468830 
74.12500000 0.99457695 
74.17500000 0.99446327 
74.22500000 0.99434722 
74.27500000 0.99422875 
74.32500000 0.99410781 
74.37500000 0.99398435 
74.42500000 0.99385831 
74.47500000 0.99372964 
74.52500000 0.99359829 
74.57500000 0.99346420 
74.62500000 0.99332732 
74.67500000 0.99318759 
74.72500000 0.99304494 
74.77500000 0.99289933 
74.82500000 0.99275068 
74.87500000 0.99259894 
74.92500000 0.99244404 
74.97500000 0.99228592 
75.02500000 0.99212451 
75.07500000 0.99195974 
75.12500000 0.99179155 
75.17500000 0.99161986 
75.22500000 0.99144461 
75.27500000 0.99126571 
75.32500000 0.99108310 
75.37500000 0.99089669 
75.42500000 0.99070642 
75.47500000 0.99051220 
75.52500000 0.99031395 
75.57500000 0.99011159 
75.62500000 0.98990503 
75.67500000 0.98969420 
75.72500000 0.98947899 
75.77500000 0.98925933 
75.82500000 0.98903512 
75.87500000 0.98880627 
75.92500000 0.98857269 
75.97500000 0.98833427 
76.02500000 0.98809093 
76.07500000 0.98784255 
76.12500000 0.98758905 
76.17500000 0.98733031 
76.22500000 0.98706622 
76.27500000 0.98679669 
76.32500000 0.98652161 
76.37500000 0.98624084 
76.42500000 0.98595430 
76.47500000 0.98566185 
76.52500000 0.98536338 
76.57500000 0.98505877 
76.62500000 0.98474789 
76.67500000 0.98443062 
76.72500000 0.98410683 
76.77500000 0.98377639 
76.82500000 0.98343917 
76.87500000 0.98309503 
76.92500000 0.98274383 
76.97500000 0.98238543 
77.02500000 0.98201969 
77.07500000 0.98164646 
77.12500000 0.98126560 
77.17500000 0.98087695 
77.22500000 0.98048036 
77.27500000 0.98007566 
77.32500000 0.97966271 
77.37500000 0.97924134 
77.42500000 0.97881137 
77.47500000 0.97837265 
77.52500000 0.97792499 
77.57500000 0.97746824 
77.62500000 0.97700219 
77.67500000 0.97652668 
77.72500000 0.97604152 
77.77500000 0.97554652 
77.82500000 0.97504149 
77.87500000 0.97452623 
77.92500000 0.97400055 
77.97500000 0.97346424 
78.02500000 0.97291709 
78.07500000 0.97235891 
78.12500000 0.97178947 
78.17500000 0.97120856 
78.22500000 0.97061596 
78.27500000 0.97001144 
78.32500000 0.96939478 
78.37500000 0.96876575 
78.42500000 0.96812410 
78.47500000 0.96746961 
78.52500000 0.96680202 
78.57500000 0.96612109 
78.62500000 0.96542656 
78.67500000 0.96471819 
78.72500000 0.96399571 
78.77500000 0.96325886 
78.82500000 0.96250736 
78.87500000 0.96174095 
78.92500000 0.96095935 
78.97500000 0.96016228 
79.02500000 0.95934945 
79.07500000 0.95852057 
79.12500000 0.95767534 
79.17500000 0.95681348 
79.22500000 0.95593466 
79.27500000 0.95503860 
79.32500000 0.95412496 
79.37500000 0.95319344 
79.42500000 0.95224372 
79.47500000 0.95127546 
79.52500000 0.95028834 
79.57500000 0.94928201 
79.62500000 0.94825615 
79.67500000 0.94721039 
79.72500000 0.94614441 
79.77500000 0.94505783 
79.82500000 0.94395030 
79.87500000 0.94282145 
79.92500000 0.94167092 
79.97500000 0.94049834 
80.02500000 0.93930332 
80.07500000 0.93808548 
80.12500000 0.93684444 
80.17500000 0.93557979 
80.22500000 0.93429116 
80.27500000 0.93297813 
80.32500000 0.93164030 
80.37500000 0.93027727 
80.42500000 0.92888860 
80.47500000 0.92747390 
80.52500000 0.92603273 
80.57500000 0.92456466 
80.62500000 0.92306928 
80.67500000 0.92154613 
80.72500000 0.91999479 
80.77500000 0.91841480 
80.82500000 0.91680573 
80.87500000 0.91516712 
80.92500000 0.91349852 
80.97500000 0.91179948 
81.02500000 0.91006952 
81.07500000 0.90830819 
81.12500000 0.90651502 
81.17500000 0.90468955 
81.22500000 0.90283130 
81.27500000 0.90093979 
81.32500000 0.89901456 
81.37500000 0.89705511 
81.42500000 0.89506098 
81.47500000 0.89303169 
81.52500000 0.89096673 
81.57500000 0.88886565 
81.62500000 0.88672794 
81.67500000 0.88455313 
81.72500000 0.88234072 
81.77500000 0.88009024 
81.82500000 0.87780120 
81.87500000 0.87547310 
81.92500000 0.87310548 
81.97500000 0.87069785 
82.02500000 0.86824971 
82.07500000 0.86576061 
82.12500000 0.86323006 
82.17500000 0.86065759 
82.22500000 0.85804272 
82.27500000 0.85538500 
82.32500000 0.85268396 
82.37500000 0.84993914 
82.42500000 0.84715009 
82.47500000 0.84431636 
82.52500000 0.84143752 
82.57500000 0.83851312 
82.62500000 0.83554275 
82.67500000 0.83252598 
82.72500000 0.82946239 
82.77500000 0.82635160 
82.82500000 0.82319321 
82.87500000 0.81998683 
82.92500000 0.81673208 
82.97500000 0.81342862 
83.02500000 0.81007609 
83.07500000 0.80667416 
83.12500000 0.80322250 
83.17500000 0.79972080 
83.22500000 0.79616876 
83.27500000 0.79256612 
83.32500000 0.78891260 
83.37500000 0.78520796 
83.42500000 0.78145198 
83.47500000 0.77764443 
83.52500000 0.77378513 
83.57500000 0.76987390 
83.62500000 0.76591060 
83.67500000 0.76189509 
83.72500000 0.75782728 
83.77500000 0.75370706 
83.82500000 0.74953438 
83.87500000 0.74530921 
83.92500000 0.74103152 
83.97500000 0.73670134 
84.02500000 0.73231871 
84.07500000 0.72788369 
84.12500000 0.72339639 
84.17500000 0.71885692 
84.22500000 0.71426544 
84.27500000 0.70962214 
84.32500000 0.70492723 
84.37500000 0.70018097 
84.42500000 0.69538363 
84.47500000 0.69053553 
84.52500000 0.68563702 
84.57500000 0.68068848 
84.62500000 0.67569033 
84.67500000 0.67064303 
84.72500000 0.66554706 
84.77500000 0.66040295 
84.82500000 0.65521126 
84.87500000 0.64997260 
84.92500000 0.64468760 
84.97500000 0.63935695 
85.02500000 0.63398136 
85.07500000 0.62856159 
85.12500000 0.62309843 
85.17500000 0.61759271 
85.22500000 0.61204531 
85.27500000 0.60645714 
85.32500000 0.60082916 
85.37500000 0.59516236 
85.42500000 0.58945777 
85.47500000 0.58371646 
85.52500000 0.57793954 
85.57500000 0.57212816 
85.62500000 0.56628351 
85.67500000 0.56040682 
85.72500000 0.55449934 
85.77500000 0.54856238 
85.82500000 0.54259728 
85.87500000 0.53660541 
85.92500000 0.53058817 
85.97500000 0.52454701 
86.02500000 0.51848341 
86.07500000 0.51239886 
86.12500000 0.50629492 
86.17500000 0.50017314 
86.22500000 0.49403514 
86.27500000 0.48788252 
86.32500000 0.48171696 
86.37500000 0.47554011 
86.42500000 0.46935369 
86.47500000 0.46315942 
86.52500000 0.45695905 
86.57500000 0.45075433 
86.62500000 0.44454704 
86.67500000 0.43833899 
86.72500000 0.43213199 
86.77500000 0.42592784 
86.82500000 0.41972840 
86.87500000 0.41353549 
86.92500000 0.40735097 
86.97500000 0.40117668 
87.02500000 0.39501447 
87.07500000 0.38886621 
87.12500000 0.38273374 
87.17500000 0.37661891 
87.22500000 0.37052357 
87.27500000 0.36444953 
87.32500000 0.35839863 
87.37500000 0.35237268 
87.42500000 0.34637347 
87.47500000 0.34040279 
87.52500000 0.33446238 
87.57500000 0.32855400 
87.62500000 0.32267936 
87.67500000 0.31684015 
87.72500000 0.31103804 
87.77500000 0.30527466 
87.82500000 0.29955163 
87.87500000 0.29387050 
87.92500000 0.28823284 
87.97500000 0.28264013 
88.02500000 0.27709384 
88.07500000 0.27159541 
88.12500000 0.26614621 
88.17500000 0.26074760 
88.22500000 0.25540086 
88.27500000 0.25010727 
88.32500000 0.24486802 
88.37500000 0.23968429 
88.42500000 0.23455718 
88.47500000 0.22948776 
88.52500000 0.22447705 
88.57500000 0.21952600 
88.62500000 0.21463554 
88.67500000 0.20980652 
88.72500000 0.20503975 
88.77500000 0.20033598 
88.82500000 0.19569593 
88.87500000 0.19112023 
88.92500000 0.18660948 
88.97500000 0.18216422 
89.02500000 0.17778494 
89.07500000 0.17347207 
89.12500000 0.16922599 
89.17500000 0.16504704 
89.22500000 0.16093548 
89.27500000 0.15689154 
89.32500000 0.15291540 
89.37500000 0.14900716 
89.42500000 0.14516692 
89.47500000 0.14139468 
89.52500000 0.13769043 
89.57500000 0.13405409 
89.62500000 0.13048554 
89.67500000 0.12698461 
89.72500000 0.12355111 
89.77500000 0.12018477 
89.82500000 0.11688531 
89.87500000 0.11365239 
89.92500000 0.11048564 
89.97500000 0.10738464 
90.02500000 0.10434896 
90.07500000 0.10137811 
90.12500000 0.09847157 
90.17500000 0.09562879 
90.22500000 0.09284921 
90.27500000 0.09013220 
90.32500000 0.08747714 
90.37500000 0.08488335 
90.42500000 0.08235016 
90.47500000 0.07987685 
90.52500000 0.07746269 
90.57500000 0.07510692 
90.62500000 0.07280878 
90.67500000 0.07056747 
90.72500000 0.06838218 
90.77500000 0.06625210 
90.82500000 0.06417638 
90.87500000 0.06215419 
90.92500000 0.06018465 
90.97500000 0.05826691 
91.02500000 0.05640009 
91.07500000 0.05458329 
91.12500000 0.05281564 
91.17500000 0.05109624 
91.22500000 0.04942419 
91.27500000 0.04779859 
91.32500000 0.04621854 
91.37500000 0.04468313 
91.42500000 0.04319146 
91.47500000 0.04174263 
91.52500000 0.04033575 
91.57500000 0.03896991 
91.62500000 0.03764423 
91.67500000 0.03635782 
91.72500000 0.03510980 
91.77500000 0.03389930 
91.82500000 0.03272544 
91.87500000 0.03158736 
91.92500000 0.03048422 
91.97500000 0.02941517 
92.02500000 0.02837937 
92.07500000 0.02737601 
92.12500000 0.02640426 
92.17500000 0.02546333 
92.22500000 0.02455242 
92.27500000 0.02367074 
92.32500000 0.02281754 
92.37500000 0.02199204 
92.42500000 0.02119351 
92.47500000 0.02042121 
92.52500000 0.01967442 
92.57500000 0.01895243 
92.62500000 0.01825454 
92.67500000 0.01758008 
92.72500000 0.01692837 
92.77500000 0.01629876 
92.82500000 0.01569061 
92.87500000 0.01510328 
92.92500000 0.01453616 
92.97500000 0.01398864 
93.02500000 0.01346014 
93.07500000 0.01295008 
93.12500000 0.01245789 
93.17500000 0.01198303 
93.22500000 0.01152495 
93.27500000 0.01108314 
93.32500000 0.01065708 
93.37500000 0.01024627 
93.42500000 0.00985023 
93.47500000 0.00946847 
93.52500000 0.00910055 
93.57500000 0.00874601 
93.62500000 0.00840440 
93.67500000 0.00807532 
93.72500000 0.00775833 
93.77500000 0.00745304 
93.82500000 0.00715906 
93.87500000 0.00687600 
93.92500000 0.00660350 
93.97500000 0.00634119 
94.02500000 0.00608872 
94.07500000 0.00584577 
94.12500000 0.00561199 
94.17500000 0.00538708 
94.22500000 0.00517071 
94.27500000 0.00496259 
94.32500000 0.00476243 
94.37500000 0.00456995 
94.42500000 0.00438487 
94.47500000 0.00420694 
94.52500000 0.00403588 
94.57500000 0.00387146 
94.62500000 0.00371344 
94.67500000 0.00356158 
94.72500000 0.00341566 
94.77500000 0.00327546 
94.82500000 0.00314076 
94.87500000 0.00301138 
94.92500000 0.00288711 
94.97500000 0.00276775 
95.02500000 0.00265314 
95.07500000 0.00254308 
95.12500000 0.00243741 
95.17500000 0.00233597 
95.22500000 0.00223859 
95.27500000 0.00214511 
95.32500000 0.00205540 
95.37500000 0.00196931 
95.42500000 0.00188669 
95.47500000 0.00180742 
95.52500000 0.00173137 
95.57500000 0.00165841 
95.62500000 0.00158841 
95.67500000 0.00152128 
95.72500000 0.00145689 
95.77500000 0.00139514 
95.82500000 0.00133593 
95.87500000 0.00127915 
95.92500000 0.00122470 
95.97500000 0.00117251 
96.02500000 0.00112247 
96.07500000 0.00107451 
96.12500000 0.00102854 
96.17500000 0.00098448 
96.22500000 0.00094225 
96.27500000 0.00090178 
96.32500000 0.00086300 
96.37500000 0.00082585 
96.42500000 0.00079025 
96.47500000 0.00075615 
96.52500000 0.00072348 
96.57500000 0.00069218 
96.62500000 0.00066221 
96.67500000 0.00063350 
96.72500000 0.00060600 
96.77500000 0.00057967 
96.82500000 0.00055445 
96.87500000 0.00053031 
96.92500000 0.00050719 
96.97500000 0.00048506 
97.02500000 0.00046387 
97.07500000 0.00044358 
97.12500000 0.00042417 
97.17500000 0.00040558 
97.22500000 0.00038779 
97.27500000 0.00037077 
97.32500000 0.00035447 
97.37500000 0.00033888 
97.42500000 0.00032396 
97.47500000 0.00030968 
97.52500000 0.00029602 
97.57500000 0.00028295 
97.62500000 0.00027044 
97.67500000 0.00025848 
97.72500000 0.00024703 
97.77500000 0.00023609 
97.82500000 0.00022562 
97.87500000 0.00021560 
97.92500000 0.00020602 
97.97500000 0.00019686 
98.02500000 0.00018810 
98.07500000 0.00017972 
98.12500000 0.00017171 
98.17500000 0.00016405 
98.22500000 0.00015672 
98.27500000 0.00014972 
98.32500000 0.00014303 
98.37500000 0.00013662 
98.42500000 0.00013051 
98.47500000 0.00012466 
98.52500000 0.00011906 
98.57500000 0.00011372 
98.62500000 0.00010861 
98.67500000 0.00010373 
98.72500000 0.00009906 
98.77500000 0.00009460 
98.82500000 0.00009034 
98.87500000 0.00008627 
98.92500000 0.00008237 
98.97500000 0.00007865 
99.02500000 0.00007510 
99.07500000 0.00007171 
99.12500000 0.00006846 
99.17500000 0.00006536 
99.22500000 0.00006240 
99.27500000 0.00005957 
99.32500000 0.00005687 
99.37500000 0.00005429 
99.42500000 0.00005182 
99.47500000 0.00004947 
99.52500000 0.00004722 
99.57500000 0.00004507 
99.62500000 0.00004302 
99.67500000 0.00004106 
99.72500000 0.00003919 
99.77500000 0.00003740 
99.82500000 0.00003569 
99.87500000 0.00003406 
99.92500000 0.00003251 
99.97500000 0.00003102 
100.02500000 0.00002960 
100.07500000 0.00002825 
100.12500000 0.00002695 
100.17500000 0.00002572 
100.22500000 0.00002454 
100.27500000 0.00002341 
100.32500000 0.00002234 
100.37500000 0.00002131 
100.42500000 0.00002033 
100.47500000 0.00001940 
100.52500000 0.00001851 
100.57500000 0.00001766 
100.62500000 0.00001684 
100.67500000 0.00001607 
100.72500000 0.00001533 
100.77500000 0.00001462 
100.82500000 0.00001395 
100.87500000 0.00001330 
100.92500000 0.00001269 
100.97500000 0.00001210 
101.02500000 0.00001154 
101.07500000 0.00001101 
101.12500000 0.00001050 
101.17500000 0.00001001 
101.22500000 0.00000955 
101.27500000 0.00000911 
101.32500000 0.00000868 
101.37500000 0.00000828 
101.42500000 0.00000790 
101.47500000 0.00000753 
101.52500000 0.00000718 
101.57500000 0.00000685 
101.62500000 0.00000653 
101.67500000 0.00000623 
101.72500000 0.00000594 
101.77500000 0.00000566 
101.82500000 0.00000540 
101.87500000 0.00000515 
101.92500000 0.00000491 
101.97500000 0.00000468 
102.02500000 0.00000446 
102.07500000 0.00000425 
102.12500000 0.00000405 
102.17500000 0.00000386 
102.22500000 0.00000368 
102.27500000 0.00000351 
102.32500000 0.00000335 
102.37500000 0.00000319 
102.42500000 0.00000304 
102.47500000 0.00000290 
102.52500000 0.00000276 
102.57500000 0.00000263 
102.62500000 0.00000251 
102.67500000 0.00000239 
102.72500000 0.00000228 
102.77500000 0.00000217 
102.82500000 0.00000207 
102.87500000 0.00000197 
102.92500000 0.00000188 
102.97500000 0.00000179 
103.02500000 0.00000171 
103.07500000 0.00000163 
103.12500000 0.00000155 
103.17500000 0.00000148 
103.22500000 0.00000141 
103.27500000 0.00000134 
103.32500000 0.00000128 
103.37500000 0.00000122 
103.42500000 0.00000116 
103.47500000 0.00000111 
103.52500000 0.00000106 
103.57500000 0.00000101 
103.62500000 0.00000096 
103.67500000 0.00000091 
103.72500000 0.00000087 
103.77500000 0.00000083 
103.82500000 0.00000079 
103.87500000 0.00000075 
103.92500000 0.00000072 
103.97500000 0.00000068 
104.02500000 0.00000065 
104.07500000 0.00000062 
104.12500000 0.00000059 
104.17500000 0.00000056 
104.22500000 0.00000054 
104.27500000 0.00000051 
104.32500000 0.00000049 
104.37500000 0.00000046 
104.42500000 0.00000044 
104.47500000 0.00000042 
104.52500000 0.00000040 
104.57500000 0.00000038 
104.62500000 0.00000036 
104.67500000 0.00000035 
104.72500000 0.00000033 
104.77500000 0.00000031 
104.82500000 0.00000030 
104.87500000 0.00000029 
104.92500000 0.00000027 
104.97500000 0.00000026 
105.02500000 0.00000025 
105.07500000 0.00000023 
105.12500000 0.00000022 
105.17500000 0.00000021 
105.22500000 0.00000020 
105.27500000 0.00000019 
105.32500000 0.00000018 
105.37500000 0.00000018 
105.42500000 0.00000017 
105.47500000 0.00000016 
105.52500000 0.00000015 
105.57500000 0.00000014 
105.62500000 0.00000014 
105.67500000 0.00000013 
105.72500000 0.00000012 
105.77500000 0.00000012 
105.82500000 0.00000011 
105.87500000 0.00000011 
105.92500000 0.00000010 
105.97500000 0.00000010 
106.02500000 0.00000009 
106.07500000 0.00000009 
106.12500000 0.00000008 
106.17500000 0.00000008 
106.22500000 0.00000008 
106.27500000 0.00000007 
106.32500000 0.00000007 
106.37500000 0.00000007 
106.42500000 0.00000006 
106.47500000 0.00000006 
106.52500000 0.00000006 
106.57500000 0.00000005 
106.62500000 0.00000005 
106.67500000 0.00000005 
106.72500000 0.00000005 
106.77500000 0.00000004 
106.82500000 0.00000004 
106.87500000 0.00000004 
106.92500000 0.00000004 
106.97500000 0.00000004 
107.02500000 0.00000003 
107.07500000 0.00000003 
107.12500000 0.00000003 
107.17500000 0.00000003 
107.22500000 0.00000003 
107.27500000 0.00000003 
107.32500000 0.00000003 
107.37500000 0.00000002 
107.42500000 0.00000002 
107.47500000 0.00000002 
107.52500000 0.00000002 
107.57500000 0.00000002 
107.62500000 0.00000002 
107.67500000 0.00000002 
107.72500000 0.00000002 
107.77500000 0.00000002 
107.82500000 0.00000002 
107.87500000 0.00000002 
107.92500000 0.00000001 
107.97500000 0.00000001 
108.02500000 0.00000001 
108.07500000 0.00000001 
108.12500000 0.00000001 
108.17500000 0.00000001 
108.22500000 0.00000001 
108.27500000 0.00000001 
108.32500000 0.00000001 
108.37500000 0.00000001 
108.42500000 0.00000001 
108.47500000 0.00000001 
108.52500000 0.00000001 
108.57500000 0.00000001 
108.62500000 0.00000001 
108.67500000 0.00000001 
108.72500000 0.00000001 
108.77500000 0.00000001 
108.82500000 0.00000001 
108.87500000 0.00000001 
108.92500000 0.00000001 
108.97500000 0.00000001 
109.02500000 0.00000000 
109.07500000 0.00000000 
109.12500000 0.00000000 
109.17500000 0.00000000 
109.22500000 0.00000000 
109.27500000 0.00000000 
109.32500000 0.00000000 
109.37500000 0.00000000 
109.42500000 0.00000000 
109.47500000 0.00000000 
109.52500000 0.00000000 
109.57500000 0.00000000 
109.62500000 0.00000000 
109.67500000 0.00000000 
109.72500000 0.00000000 
109.77500000 0.00000000 
109.82500000 0.00000000 
109.87500000 0.00000000 
109.92500000 0.00000000 
109.97500000 0.00000000 
110.02500000 0.00000000 
110.07500000 0.00000000 
110.12500000 0.00000000 
110.17500000 0.00000000 
110.22500000 0.00000000 
110.27500000 0.00000000 
110.32500000 0.00000000 
110.37500000 0.00000000 
110.42500000 0.00000000 
110.47500000 0.00000000 
110.52500000 0.00000000 
110.57500000 0.00000000 
110.62500000 0.00000000 
110.67500000 0.00000000 
110.72500000 0.00000000 
110.77500000 0.00000000 
110.82500000 0.00000000 
110.87500000 0.00000000 
110.92500000 0.00000000 
110.97500000 0.00000000 
111.02500000 0.00000000 
111.07500000 0.00000000 
111.12500000 0.00000000 
111.17500000 0.00000000 
111.22500000 0.00000000 
111.27500000 0.00000000 
111.32500000 0.00000000 
111.37500000 0.00000000 
111.42500000 0.00000000 
111.47500000 0.00000000 
111.52500000 0.00000000 
111.57500000 0.00000000 
111.62500000 0.00000000 
111.67500000 0.00000000 
111.72500000 0.00000000 
111.77500000 0.00000000 
111.82500000 0.00000000 
111.87500000 0.00000000 
111.92500000 0.00000000 
111.97500000 0.00000000 
112.02500000 0.00000000 
112.07500000 0.00000000 
112.12500000 0.00000000 
112.17500000 0.00000000 
112.22500000 0.00000000 
112.27500000 0.00000000 
112.32500000 0.00000000 
112.37500000 0.00000000 
112.42500000 0.00000000 
112.47500000 0.00000000 
112.52500000 0.00000000 
112.57500000 0.00000000 
112.62500000 0.00000000 
112.67500000 0.00000000 
112.72500000 0.00000000 
112.77500000 0.00000000 
112.82500000 0.00000000 
112.87500000 0.00000000 
112.92500000 0.00000000 
112.97500000 0.00000000 
113.02500000 0.00000000 
113.07500000 0.00000000 
113.12500000 0.00000000 
113.17500000 0.00000000 
113.22500000 0.00000000 
113.27500000 0.00000000 
113.32500000 0.00000000 
113.37500000 0.00000000 
113.42500000 0.00000000 
113.47500000 0.00000000 
113.52500000 0.00000000 
113.57500000 0.00000000 
113.62500000 0.00000000 
113.67500000 0.00000000 
113.72500000 0.00000000 
113.77500000 0.00000000 
113.82500000 0.00000000 
113.87500000 0.00000000 
113.92500000 0.00000000 
113.97500000 0.00000000 
114.02500000 0.00000000 
114.07500000 0.00000000 
114.12500000 0.00000000 
114.17500000 0.00000000 
114.22500000 0.00000000 
114.27500000 0.00000000 
114.32500000 0.00000000 
114.37500000 0.00000000 
114.42500000 0.00000000 
114.47500000 0.00000000 
114.52500000 0.00000000 
114.57500000 0.00000000 
114.62500000 0.00000000 
114.67500000 0.00000000 
114.72500000 0.00000000 
114.77500000 0.00000000 
114.82500000 0.00000000 
114.87500000 0.00000000 
114.92500000 0.00000000 
114.97500000 0.00000000 
115.02500000 0.00000000 
115.07500000 0.00000000 
115.12500000 0.00000000 
115.17500000 0.00000000 
115.22500000 0.00000000 
115.27500000 0.00000000 
115.32500000 0.00000000 
115.37500000 0.00000000 
115.42500000 0.00000000 
115.47500000 0.00000000 
115.52500000 0.00000000 
115.57500000 0.00000000 
115.62500000 0.00000000 
115.67500000 0.00000000 
115.72500000 0.00000000 
115.77500000 0.00000000 
115.82500000 0.00000000 
115.87500000 0.00000000 
115.92500000 0.00000000 
115.97500000 0.00000000 
116.02500000 0.00000000 
116.07500000 0.00000000 
116.12500000 0.00000000 
116.17500000 0.00000000 
116.22500000 0.00000000 
116.27500000 0.00000000 
116.32500000 0.00000000 
116.37500000 0.00000000 
116.42500000 0.00000000 
116.47500000 0.00000000 
116.52500000 0.00000000 
116.57500000 0.00000000 
116.62500000 0.00000000 
116.67500000 0.00000000 
116.72500000 0.00000000 
116.77500000 0.00000000 
116.82500000 0.00000000 
116.87500000 0.00000000 
116.92500000 0.00000000 
116.97500000 0.00000000 
117.02500000 0.00000000 
117.07500000 0.00000000 
117.12500000 0.00000000 
117.17500000 0.00000000 
117.22500000 0.00000000 
117.27500000 0.00000000 
117.32500000 0.00000000 
117.37500000 0.00000000 
117.42500000 0.00000000 
117.47500000 0.00000000 
117.52500000 0.00000000 
117.57500000 0.00000000 
117.62500000 0.00000000 
117.67500000 0.00000000 
117.72500000 0.00000000 
117.77500000 0.00000000 
117.82500000 0.00000000 
117.87500000 0.00000000 
117.92500000 0.00000000 
117.97500000 0.00000000 
118.02500000 0.00000000 
118.07500000 0.00000000 
118.12500000 0.00000000 
118.17500000 0.00000000 
118.22500000 0.00000000 
118.27500000 0.00000000 
118.32500000 0.00000000 
118.37500000 0.00000000 
118.42500000 0.00000000 
118.47500000 0.00000000 
118.52500000 0.00000000 
118.57500000 0.00000000 
118.62500000 0.00000000 
118.67500000 0.00000000 
118.72500000 0.00000000 
118.77500000 0.00000000 
118.82500000 0.00000000 
118.87500000 0.00000000 
118.92500000 0.00000000 
118.97500000 0.00000000 
119.02500000 0.00000000 
119.07500000 0.00000000 
119.12500000 0.00000000 
119.17500000 0.00000000 
119.22500000 0.00000000 
119.27500000 0.00000000 
119.32500000 0.00000000 
119.37500000 0.00000000 
119.42500000 0.00000000 
119.47500000 0.00000000 
119.52500000 0.00000000 
119.57500000 0.00000000 
119.62500000 0.00000000 
119.67500000 0.00000000 
119.72500000 0.00000000 
119.77500000 0.00000000 
119.82500000 0.00000000 
119.87500000 0.00000000 
119.92500000 0.00000000 
119.97500000 0.00000000 
120.02500000 0.00000000 
120.07500000 0.00000000 
120.12500000 0.00000000 
120.17500000 0.00000000 
120.22500000 0.00000000 
120.27500000 0.00000000 
120.32500000 0.00000000 
120.37500000 0.00000000 
120.42500000 0.00000000 
120.47500000 0.00000000 
120.52500000 0.00000000 
120.57500000 0.00000000 
120.62500000 0.00000000 
120.67500000 0.00000000 
120.72500000 0.00000000 
120.77500000 0.00000000 
120.82500000 0.00000000 
120.87500000 0.00000000 
120.92500000 0.00000000 
120.97500000 0.00000000 
121.02500000 0.00000000 
121.07500000 0.00000000 
121.12500000 0.00000000 
121.17500000 0.00000000 
121.22500000 0.00000000 
121.27500000 0.00000000 
121.32500000 0.00000000 
121.37500000 0.00000000 
121.42500000 0.00000000 
121.47500000 0.00000000 
121.52500000 0.00000000 
121.57500000 0.00000000 
121.62500000 0.00000000 
121.67500000 0.00000000 
121.72500000 0.00000000 
121.77500000 0.00000000 
121.82500000 0.00000000 
121.87500000 0.00000000 
121.92500000 0.00000000 
121.97500000 0.00000000 
122.02500000 0.00000000 
122.07500000 0.00000000 
122.12500000 0.00000000 
122.17500000 0.00000000 
122.22500000 0.00000000 
122.27500000 0.00000000 
122.32500000 0.00000000 
122.37500000 0.00000000 
122.42500000 0.00000000 
122.47500000 0.00000000 
122.52500000 0.00000000 
122.57500000 0.00000000 
122.62500000 0.00000000 
122.67500000 0.00000000 
122.72500000 0.00000000 
122.77500000 0.00000000 
122.82500000 0.00000000 
122.87500000 0.00000000 
122.92500000 0.00000000 
122.97500000 0.00000000 
123.02500000 0.00000000 
123.07500000 0.00000000 
123.12500000 0.00000000 
123.17500000 0.00000000 
123.22500000 0.00000000 
123.27500000 0.00000000 
123.32500000 0.00000000 
123.37500000 0.00000000 
123.42500000 0.00000000 
123.47500000 0.00000000 
123.52500000 0.00000000 
123.57500000 0.00000000 
123.62500000 0.00000000 
123.67500000 0.00000000 
123.72500000 0.00000000 
123.77500000 0.00000000 
123.82500000 0.00000000 
123.87500000 0.00000000 
123.92500000 0.00000000 
123.97500000 0.00000000 
124.02500000 0.00000000 
124.07500000 0.00000000 
124.12500000 0.00000000 
124.17500000 0.00000000 
124.22500000 0.00000000 
124.27500000 0.00000000 
124.32500000 0.00000000 
124.37500000 0.00000000 
124.42500000 0.00000000 
124.47500000 0.00000000 
124.52500000 0.00000000 
124.57500000 0.00000000 
124.62500000 0.00000000 
124.67500000 0.00000000 
124.72500000 0.00000000 
124.77500000 0.00000000 
124.82500000 0.00000000 
124.87500000 0.00000000 
124.92500000 0.00000000 
124.97500000 0.00000000 
125.02500000 0.00000000 
125.07500000 0.00000000 
125.12500000 0.00000000 
125.17500000 0.00000000 
125.22500000 0.00000000 
125.27500000 0.00000000 
125.32500000 0.00000000 
125.37500000 0.00000000 
125.42500000 0.00000000 
125.47500000 0.00000000 
125.52500000 0.00000000 
125.57500000 0.00000000 
125.62500000 0.00000000 
125.67500000 0.00000000 
125.72500000 0.00000000 
125.77500000 0.00000000 
125.82500000 0.00000000 
125.87500000 0.00000000 
125.92500000 0.00000000 
125.97500000 0.00000000 
126.02500000 0.00000000 
126.07500000 0.00000000 
126.12500000 0.00000000 
126.17500000 0.00000000 
126.22500000 0.00000000 
126.27500000 0.00000000 
126.32500000 0.00000000 
126.37500000 0.00000000 
126.42500000 0.00000000 
126.47500000 0.00000000 
126.52500000 0.00000000 
126.57500000 0.00000000 
126.62500000 0.00000000 
126.67500000 0.00000000 
126.72500000 0.00000000 
126.77500000 0.00000000 
126.82500000 0.00000000 
126.87500000 0.00000000 
126.92500000 0.00000000 
126.97500000 0.00000000 
127.02500000 0.00000000 
127.07500000 0.00000000 
127.12500000 0.00000000 
127.17500000 0.00000000 
127.22500000 0.00000000 
127.27500000 0.00000000 
127.32500000 0.00000000 
127.37500000 0.00000000 
127.42500000 0.00000000 
127.47500000 0.00000000 
127.52500000 0.00000000 
127.57500000 0.00000000 
127.62500000 0.00000000 
127.67500000 0.00000000 
127.72500000 0.00000000 
127.77500000 0.00000000 
127.82500000 0.00000000 
127.87500000 0.00000000 
127.92500000 0.00000000 
127.97500000 0.00000000 
128.02500000 0.00000000 
128.07500000 0.00000000 
128.12500000 0.00000000 
128.17500000 0.00000000 
128.22500000 0.00000000 
128.27500000 0.00000000 
128.32500000 0.00000000 
128.37500000 0.00000000 
128.42500000 0.00000000 
128.47500000 0.00000000 
128.52500000 0.00000000 
128.57500000 0.00000000 
128.62500000 0.00000000 
128.67500000 0.00000000 
128.72500000 0.00000000 
128.77500000 0.00000000 
128.82500000 0.00000000 
128.87500000 0.00000000 
128.92500000 0.00000000 
128.97500000 0.00000000 
129.02500000 0.00000000 
129.07500000 0.00000000 
129.12500000 0.00000000 
129.17500000 0.00000000 
129.22500000 0.00000000 
129.27500000 0.00000000 
129.32500000 0.00000000 
129.37500000 0.00000000 
129.42500000 0.00000000 
129.47500000 0.00000000 
129.52500000 0.00000000 
129.57500000 0.00000000 
129.62500000 0.00000000 
129.67500000 0.00000000 
129.72500000 0.00000000 
129.77500000 0.00000000 
129.82500000 0.00000000 
129.87500000 0.00000000 
129.92500000 0.00000000 
129.97500000 0.00000000 
130.02500000 0.00000000 
130.07500000 0.00000000 
130.12500000 0.00000000 
130.17500000 0.00000000 
130.22500000 0.00000000 
130.27500000 0.00000000 
130.32500000 0.00000000 
130.37500000 0.00000000 
130.42500000 0.00000000 
130.47500000 0.00000000 
130.52500000 0.00000000 
130.57500000 0.00000000 
130.62500000 0.00000000 
130.67500000 0.00000000 
130.72500000 0.00000000 
130.77500000 0.00000000 
130.82500000 0.00000000 
130.87500000 0.00000000 
130.92500000 0.00000000 
130.97500000 0.00000000 
131.02500000 0.00000000 
131.07500000 0.00000000 
131.12500000 0.00000000 
131.17500000 0.00000000 
131.22500000 0.00000000 
131.27500000 0.00000000 
131.32500000 0.00000000 
131.37500000 0.00000000 
131.42500000 0.00000000 
131.47500000 0.00000000 
131.52500000 0.00000000 
131.57500000 0.00000000 
131.62500000 0.00000000 
131.67500000 0.00000000 
131.72500000 0.00000000 
131.77500000 0.00000000 
131.82500000 0.00000000 
131.87500000 0.00000000 
131.92500000 0.00000000 
131.97500000 0.00000000 
132.02500000 0.00000000 
132.07500000 0.00000000 
132.12500000 0.00000000 
132.17500000 0.00000000 
132.22500000 0.00000000 
132.27500000 0.00000000 
132.32500000 0.00000000 
132.37500000 0.00000000 
132.42500000 0.00000000 
132.47500000 0.00000000 
132.52500000 0.00000000 
132.57500000 0.00000000 
132.62500000 0.00000000 
132.67500000 0.00000000 
132.72500000 0.00000000 
132.77500000 0.00000000 
132.82500000 0.00000000 
132.87500000 0.00000000 
132.92500000 0.00000000 
132.97500000 0.00000000 
133.02500000 0.00000000 
133.07500000 0.00000000 
133.12500000 0.00000000 
133.17500000 0.00000000 
133.22500000 0.00000000 
133.27500000 0.00000000 
133.32500000 0.00000000 
133.37500000 0.00000000 
133.42500000 0.00000000 
133.47500000 0.00000000 
133.52500000 0.00000000 
133.57500000 0.00000000 
133.62500000 0.00000000 
133.67500000 0.00000000 
133.72500000 0.00000000 
133.77500000 0.00000000 
133.82500000 0.00000000 
133.87500000 0.00000000 
133.92500000 0.00000000 
133.97500000 0.00000000 
134.02500000 0.00000000 
134.07500000 0.00000000 
134.12500000 0.00000000 
134.17500000 0.00000000 
134.22500000 0.00000000 
134.27500000 0.00000000 
134.32500000 0.00000000 
134.37500000 0.00000000 
134.42500000 0.00000000 
134.47500000 0.00000000 
134.52500000 0.00000000 
134.57500000 0.00000000 
134.62500000 0.00000000 
134.67500000 0.00000000 
134.72500000 0.00000000 
134.77500000 0.00000000 
134.82500000 0.00000000 
134.87500000 0.00000000 
134.92500000 0.00000000 
134.97500000 0.00000000 
135.02500000 0.00000000 
135.07500000 0.00000000 
135.12500000 0.00000000 
135.17500000 0.00000000 
135.22500000 0.00000000 
135.27500000 0.00000000 
135.32500000 0.00000000 
135.37500000 0.00000000 
135.42500000 0.00000000 
135.47500000 0.00000000 
135.52500000 0.00000000 
135.57500000 0.00000000 
135.62500000 0.00000000 
135.67500000 0.00000000 
135.72500000 0.00000000 
135.77500000 0.00000000 
135.82500000 0.00000000 
135.87500000 0.00000000 
135.92500000 0.00000000 
135.97500000 0.00000000 
136.02500000 0.00000000 
136.07500000 0.00000000 
136.12500000 0.00000000 
136.17500000 0.00000000 
136.22500000 0.00000000 
136.27500000 0.00000000 
136.32500000 0.00000000 
136.37500000 0.00000000 
136.42500000 0.00000000 
136.47500000 0.00000000 
136.52500000 0.00000000 
136.57500000 0.00000000 
136.62500000 0.00000000 
136.67500000 0.00000000 
136.72500000 0.00000000 
136.77500000 0.00000000 
136.82500000 0.00000000 
136.87500000 0.00000000 
136.92500000 0.00000000 
136.97500000 0.00000000 
137.02500000 0.00000000 
137.07500000 0.00000000 
137.12500000 0.00000000 
137.17500000 0.00000000 
137.22500000 0.00000000 
137.27500000 0.00000000 
137.32500000 0.00000000 
137.37500000 0.00000000 
137.42500000 0.00000000 
137.47500000 0.00000000 
137.52500000 0.00000000 
137.57500000 0.00000000 
137.62500000 0.00000000 
137.67500000 0.00000000 
137.72500000 0.00000000 
137.77500000 0.00000000 
137.82500000 0.00000000 
137.87500000 0.00000000 
137.92500000 0.00000000 
137.97500000 0.00000000 
138.02500000 0.00000000 
138.07500000 0.00000000 
138.12500000 0.00000000 
138.17500000 0.00000000 
138.22500000 0.00000000 
138.27500000 0.00000000 
138.32500000 0.00000000 
138.37500000 0.00000000 
138.42500000 0.00000000 
138.47500000 0.00000000 
138.52500000 0.00000000 
138.57500000 0.00000000 
138.62500000 0.00000000 
138.67500000 0.00000000 
138.72500000 0.00000000 
138.77500000 0.00000000 
138.82500000 0.00000000 
138.87500000 0.00000000 
138.92500000 0.00000000 
138.97500000 0.00000000 
139.02500000 0.00000000 
139.07500000 0.00000000 
139.12500000 0.00000000 
139.17500000 0.00000000 
139.22500000 0.00000000 
139.27500000 0.00000000 
139.32500000 0.00000000 
139.37500000 0.00000000 
139.42500000 0.00000000 
139.47500000 0.00000000 
139.52500000 0.00000000 
139.57500000 0.00000000 
139.62500000 0.00000000 
139.67500000 0.00000000 
139.72500000 0.00000000 
139.77500000 0.00000000 
139.82500000 0.00000000 
139.87500000 0.00000000 
139.92500000 0.00000000 
139.97500000 0.00000000 
140.02500000 0.00000000 
140.07500000 0.00000000 
140.12500000 0.00000000 
140.17500000 0.00000000 
140.22500000 0.00000000 
140.27500000 0.00000000 
140.32500000 0.00000000 
140.37500000 0.00000000 
140.42500000 0.00000000 
140.47500000 0.00000000 
140.52500000 0.00000000 
140.57500000 0.00000000 
140.62500000 0.00000000 
140.67500000 0.00000000 
140.72500000 0.00000000 
140.77500000 0.00000000 
140.82500000 0.00000000 
140.87500000 0.00000000 
140.92500000 0.00000000 
140.97500000 0.00000000 
141.02500000 0.00000000 
141.07500000 0.00000000 
141.12500000 0.00000000 
141.17500000 0.00000000 
141.22500000 0.00000000 
141.27500000 0.00000000 
141.32500000 0.00000000 
141.37500000 0.00000000 
141.42500000 0.00000000 
141.47500000 0.00000000 
141.52500000 0.00000000 
141.57500000 0.00000000 
141.62500000 0.00000000 
141.67500000 0.00000000 
141.72500000 0.00000000 
141.77500000 0.00000000 
141.82500000 0.00000000 
141.87500000 0.00000000 
141.92500000 0.00000000 
141.97500000 0.00000000 
142.02500000 0.00000000 
142.07500000 0.00000000 
142.12500000 0.00000000 
142.17500000 0.00000000 
142.22500000 0.00000000 
142.27500000 0.00000000 
142.32500000 0.00000000 
142.37500000 0.00000000 
142.42500000 0.00000000 
142.47500000 0.00000000 
142.52500000 0.00000000 
142.57500000 0.00000000 
142.62500000 0.00000000 
142.67500000 0.00000000 
142.72500000 0.00000000 
142.77500000 0.00000000 
142.82500000 0.00000000 
142.87500000 0.00000000 
142.92500000 0.00000000 
142.97500000 0.00000000 
143.02500000 0.00000000 
143.07500000 0.00000000 
143.12500000 0.00000000 
143.17500000 0.00000000 
143.22500000 0.00000000 
143.27500000 0.00000000 
143.32500000 0.00000000 
143.37500000 0.00000000 
143.42500000 0.00000000 
143.47500000 0.00000000 
143.52500000 0.00000000 
143.57500000 0.00000000 
143.62500000 0.00000000 
143.67500000 0.00000000 
143.72500000 0.00000000 
143.77500000 0.00000000 
143.82500000 0.00000000 
143.87500000 0.00000000 
143.92500000 0.00000000 
143.97500000 0.00000000 
144.02500000 0.00000000 
144.07500000 0.00000000 
144.12500000 0.00000000 
144.17500000 0.00000000 
144.22500000 0.00000000 
144.27500000 0.00000000 
144.32500000 0.00000000 
144.37500000 0.00000000 
144.42500000 0.00000000 
144.47500000 0.00000000 
144.52500000 0.00000000 
144.57500000 0.00000000 
144.62500000 0.00000000 
144.67500000 0.00000000 
144.72500000 0.00000000 
144.77500000 0.00000000 
144.82500000 0.00000000 
144.87500000 0.00000000 
144.92500000 0.00000000 
144.97500000 0.00000000 
145.02500000 0.00000000 
145.07500000 0.00000000 
145.12500000 0.00000000 
145.17500000 0.00000000 
145.22500000 0.00000000 
145.27500000 0.00000000 
145.32500000 0.00000000 
145.37500000 0.00000000 
145.42500000 0.00000000 
145.47500000 0.00000000 
145.52500000 0.00000000 
145.57500000 0.00000000 
145.62500000 0.00000000 
145.67500000 0.00000000 
145.72500000 0.00000000 
145.77500000 0.00000000 
145.82500000 0.00000000 
145.87500000 0.00000000 
145.92500000 0.00000000 
145.97500000 0.00000000 
146.02500000 0.00000000 
146.07500000 0.00000000 
146.12500000 0.00000000 
146.17500000 0.00000000 
146.22500000 0.00000000 
146.27500000 0.00000000 
146.32500000 0.00000000 
146.37500000 0.00000000 
146.42500000 0.00000000 
146.47500000 0.00000000 
146.52500000 0.00000000 
146.57500000 0.00000000 
146.62500000 0.00000000 
146.67500000 0.00000000 
146.72500000 0.00000000 
146.77500000 0.00000000 
146.82500000 0.00000000 
146.87500000 0.00000000 
146.92500000 0.00000000 
146.97500000 0.00000000 
147.02500000 0.00000000 
147.07500000 0.00000000 
147.12500000 0.00000000 
147.17500000 0.00000000 
147.22500000 0.00000000 
147.27500000 0.00000000 
147.32500000 0.00000000 
147.37500000 0.00000000 
147.42500000 0.00000000 
147.47500000 0.00000000 
147.52500000 0.00000000 
147.57500000 0.00000000 
147.62500000 0.00000000 
147.67500000 0.00000000 
147.72500000 0.00000000 
147.77500000 0.00000000 
147.82500000 0.00000000 
147.87500000 0.00000000 
147.92500000 0.00000000 
147.97500000 0.00000000 
148.02500000 0.00000000 
148.07500000 0.00000000 
148.12500000 0.00000000 
148.17500000 0.00000000 
148.22500000 0.00000000 
148.27500000 0.00000000 
148.32500000 0.00000000 
148.37500000 0.00000000 
148.42500000 0.00000000 
148.47500000 0.00000000 
148.52500000 0.00000000 
148.57500000 0.00000000 
148.62500000 0.00000000 
148.67500000 0.00000000 
148.72500000 0.00000000 
148.77500000 0.00000000 
148.82500000 0.00000000 
148.87500000 0.00000000 
148.92500000 0.00000000 
148.97500000 0.00000000 
149.02500000 0.00000000 
149.07500000 0.00000000 
149.12500000 0.00000000 
149.17500000 0.00000000 
149.22500000 0.00000000 
149.27500000 0.00000000 
149.32500000 0.00000000 
149.37500000 0.00000000 
149.42500000 0.00000000 
149.47500000 0.00000000 
149.52500000 0.00000000 
149.57500000 0.00000000 
149.62500000 0.00000000 
149.67500000 0.00000000 
149.72500000 0.00000000 
149.77500000 0.00000000 
149.82500000 0.00000000 
149.87500000 0.00000000 
149.92500000 0.00000000 
149.97500000 0.00000000 
150.02500000 0.00000000 
150.07500000 0.00000000 
150.12500000 0.00000000 
150.17500000 0.00000000 
150.22500000 0.00000000 
150.27500000 0.00000000 
150.32500000 0.00000000 
150.37500000 0.00000000 
150.42500000 0.00000000 
150.47500000 0.00000000 
150.52500000 0.00000000 
150.57500000 0.00000000 
150.62500000 0.00000000 
150.67500000 0.00000000 
150.72500000 0.00000000 
150.77500000 0.00000000 
150.82500000 0.00000000 
150.87500000 0.00000000 
150.92500000 0.00000000 
150.97500000 0.00000000 
151.02500000 0.00000000 
151.07500000 0.00000000 
151.12500000 0.00000000 
151.17500000 0.00000000 
151.22500000 0.00000000 
151.27500000 0.00000000 
151.32500000 0.00000000 
151.37500000 0.00000000 
151.42500000 0.00000000 
151.47500000 0.00000000 
151.52500000 0.00000000 
151.57500000 0.00000000 
151.62500000 0.00000000 
151.67500000 0.00000000 
151.72500000 0.00000000 
151.77500000 0.00000000 
151.82500000 0.00000000 
151.87500000 0.00000000 
151.92500000 0.00000000 
151.97500000 0.00000000 
152.02500000 0.00000000 
152.07500000 0.00000000 
152.12500000 0.00000000 
152.17500000 0.00000000 
152.22500000 0.00000000 
152.27500000 0.00000000 
152.32500000 0.00000000 
152.37500000 0.00000000 
152.42500000 0.00000000 
152.47500000 0.00000000 
152.52500000 0.00000000 
152.57500000 0.00000000 
152.62500000 0.00000000 
152.67500000 0.00000000 
152.72500000 0.00000000 
152.77500000 0.00000000 
152.82500000 0.00000000 
152.87500000 0.00000000 
152.92500000 0.00000000 
152.97500000 0.00000000 
153.02500000 0.00000000 
153.07500000 0.00000000 
153.12500000 0.00000000 
153.17500000 0.00000000 
153.22500000 0.00000000 
153.27500000 0.00000000 
153.32500000 0.00000000 
153.37500000 0.00000000 
153.42500000 0.00000000 
153.47500000 0.00000000 
153.52500000 0.00000000 
153.57500000 0.00000000 
153.62500000 0.00000000 
153.67500000 0.00000000 
153.72500000 0.00000000 
153.77500000 0.00000000 
153.82500000 0.00000000 
153.87500000 0.00000000 
153.92500000 0.00000000 
153.97500000 0.00000000 
154.02500000 0.00000000 
154.07500000 0.00000000 
154.12500000 0.00000000 
154.17500000 0.00000000 
154.22500000 0.00000000 
154.27500000 0.00000000 
154.32500000 0.00000000 
154.37500000 0.00000000 
154.42500000 0.00000000 
154.47500000 0.00000000 
154.52500000 0.00000000 
154.57500000 0.00000000 
154.62500000 0.00000000 
154.67500000 0.00000000 
154.72500000 0.00000000 
154.77500000 0.00000000 
154.82500000 0.00000000 
154.87500000 0.00000000 
154.92500000 0.00000000 
154.97500000 0.00000000 
155.02500000 0.00000000 
155.07500000 0.00000000 
155.12500000 0.00000000 
155.17500000 0.00000000 
155.22500000 0.00000000 
155.27500000 0.00000000 
155.32500000 0.00000000 
155.37500000 0.00000000 
155.42500000 0.00000000 
155.47500000 0.00000000 
155.52500000 0.00000000 
155.57500000 0.00000000 
155.62500000 0.00000000 
155.67500000 0.00000000 
155.72500000 0.00000000 
155.77500000 0.00000000 
155.82500000 0.00000000 
155.87500000 0.00000000 
155.92500000 0.00000000 
155.97500000 0.00000000 
156.02500000 0.00000000 
156.07500000 0.00000000 
156.12500000 0.00000000 
156.17500000 0.00000000 
156.22500000 0.00000000 
156.27500000 0.00000000 
156.32500000 0.00000000 
156.37500000 0.00000000 
156.42500000 0.00000000 
156.47500000 0.00000000 
156.52500000 0.00000000 
156.57500000 0.00000000 
156.62500000 0.00000000 
156.67500000 0.00000000 
156.72500000 0.00000000 
156.77500000 0.00000000 
156.82500000 0.00000000 
156.87500000 0.00000000 
156.92500000 0.00000000 
156.97500000 0.00000000 
157.02500000 0.00000000 
157.07500000 0.00000000 
157.12500000 0.00000000 
157.17500000 0.00000000 
157.22500000 0.00000000 
157.27500000 0.00000000 
157.32500000 0.00000000 
157.37500000 0.00000000 
157.42500000 0.00000000 
157.47500000 0.00000000 
157.52500000 0.00000000 
157.57500000 0.00000000 
157.62500000 0.00000000 
157.67500000 0.00000000 
157.72500000 0.00000000 
157.77500000 0.00000000 
157.82500000 0.00000000 
157.87500000 0.00000000 
157.92500000 0.00000000 
157.97500000 0.00000000 
158.02500000 0.00000000 
158.07500000 0.00000000 
158.12500000 0.00000000 
158.17500000 0.00000000 
158.22500000 0.00000000 
158.27500000 0.00000000 
158.32500000 0.00000000 
158.37500000 0.00000000 
158.42500000 0.00000000 
158.47500000 0.00000000 
158.52500000 0.00000000 
158.57500000 0.00000000 
158.62500000 0.00000000 
158.67500000 0.00000000 
158.72500000 0.00000000 
158.77500000 0.00000000 
158.82500000 0.00000000 
158.87500000 0.00000000 
158.92500000 0.00000000 
158.97500000 0.00000000 
159.02500000 0.00000000 
159.07500000 0.00000000 
159.12500000 0.00000000 
159.17500000 0.00000000 
159.22500000 0.00000000 
159.27500000 0.00000000 
159.32500000 0.00000000 
159.37500000 0.00000000 
159.42500000 0.00000000 
159.47500000 0.00000000 
159.52500000 0.00000000 
159.57500000 0.00000000 
159.62500000 0.00000000 
159.67500000 0.00000000 
159.72500000 0.00000000 
159.77500000 0.00000000 
159.82500000 0.00000000 
159.87500000 0.00000000 
159.92500000 0.00000000 
159.97500000 0.00000000 
160.02500000 0.00000000 
160.07500000 0.00000000 
160.12500000 0.00000000 
160.17500000 0.00000000 
160.22500000 0.00000000 
160.27500000 0.00000000 
160.32500000 0.00000000 
160.37500000 0.00000000 
160.42500000 0.00000000 
160.47500000 0.00000000 
160.52500000 0.00000000 
160.57500000 0.00000000 
160.62500000 0.00000000 
160.67500000 0.00000000 
160.72500000 0.00000000 
160.77500000 0.00000000 
160.82500000 0.00000000 
160.87500000 0.00000000 
160.92500000 0.00000000 
160.97500000 0.00000000 
161.02500000 0.00000000 
161.07500000 0.00000000 
161.12500000 0.00000000 
161.17500000 0.00000000 
161.22500000 0.00000000 
161.27500000 0.00000000 
161.32500000 0.00000000 
161.37500000 0.00000000 
161.42500000 0.00000000 
161.47500000 0.00000000 
161.52500000 0.00000000 
161.57500000 0.00000000 
161.62500000 0.00000000 
161.67500000 0.00000000 
161.72500000 0.00000000 
161.77500000 0.00000000 
161.82500000 0.00000000 
161.87500000 0.00000000 
161.92500000 0.00000000 
161.97500000 0.00000000 
162.02500000 0.00000000 
162.07500000 0.00000000 
162.12500000 0.00000000 
162.17500000 0.00000000 
162.22500000 0.00000000 
162.27500000 0.00000000 
162.32500000 0.00000000 
162.37500000 0.00000000 
162.42500000 0.00000000 
162.47500000 0.00000000 
162.52500000 0.00000000 
162.57500000 0.00000000 
162.62500000 0.00000000 
162.67500000 0.00000000 
162.72500000 0.00000000 
162.77500000 0.00000000 
162.82500000 0.00000000 
162.87500000 0.00000000 
162.92500000 0.00000000 
162.97500000 0.00000000 
163.02500000 0.00000000 
163.07500000 0.00000000 
163.12500000 0.00000000 
163.17500000 0.00000000 
163.22500000 0.00000000 
163.27500000 0.00000000 
163.32500000 0.00000000 
163.37500000 0.00000000 
163.42500000 0.00000000 
163.47500000 0.00000000 
163.52500000 0.00000000 
163.57500000 0.00000000 
163.62500000 0.00000000 
163.67500000 0.00000000 
163.72500000 0.00000000 
163.77500000 0.00000000 
163.82500000 0.00000000 
163.87500000 0.00000000 
163.92500000 0.00000000 
163.97500000 0.00000000 
164.02500000 0.00000000 
164.07500000 0.00000000 
164.12500000 0.00000000 
164.17500000 0.00000000 
164.22500000 0.00000000 
164.27500000 0.00000000 
164.32500000 0.00000000 
164.37500000 0.00000000 
164.42500000 0.00000000 
164.47500000 0.00000000 
164.52500000 0.00000000 
164.57500000 0.00000000 
164.62500000 0.00000000 
164.67500000 0.00000000 
164.72500000 0.00000000 
164.77500000 0.00000000 
164.82500000 0.00000000 
164.87500000 0.00000000 
164.92500000 0.00000000 
164.97500000 0.00000000 
165.02500000 0.00000000 
165.07500000 0.00000000 
165.12500000 0.00000000 
165.17500000 0.00000000 
165.22500000 0.00000000 
165.27500000 0.00000000 
165.32500000 0.00000000 
165.37500000 0.00000000 
165.42500000 0.00000000 
165.47500000 0.00000000 
165.52500000 0.00000000 
165.57500000 0.00000000 
165.62500000 0.00000000 
165.67500000 0.00000000 
165.72500000 0.00000000 
165.77500000 0.00000000 
165.82500000 0.00000000 
165.87500000 0.00000000 
165.92500000 0.00000000 
165.97500000 0.00000000 
166.02500000 0.00000000 
166.07500000 0.00000000 
166.12500000 0.00000000 
166.17500000 0.00000000 
166.22500000 0.00000000 
166.27500000 0.00000000 
166.32500000 0.00000000 
166.37500000 0.00000000 
166.42500000 0.00000000 
166.47500000 0.00000000 
166.52500000 0.00000000 
166.57500000 0.00000000 
166.62500000 0.00000000 
166.67500000 0.00000000 
166.72500000 0.00000000 
166.77500000 0.00000000 
166.82500000 0.00000000 
166.87500000 0.00000000 
166.92500000 0.00000000 
166.97500000 0.00000000 
167.02500000 0.00000000 
167.07500000 0.00000000 
167.12500000 0.00000000 
167.17500000 0.00000000 
167.22500000 0.00000000 
167.27500000 0.00000000 
167.32500000 0.00000000 
167.37500000 0.00000000 
167.42500000 0.00000000 
167.47500000 0.00000000 
167.52500000 0.00000000 
167.57500000 0.00000000 
167.62500000 0.00000000 
167.67500000 0.00000000 
167.72500000 0.00000000 
167.77500000 0.00000000 
167.82500000 0.00000000 
167.87500000 0.00000000 
167.92500000 0.00000000 
167.97500000 0.00000000 
168.02500000 0.00000000 
168.07500000 0.00000000 
168.12500000 0.00000000 
168.17500000 0.00000000 
168.22500000 0.00000000 
168.27500000 0.00000000 
168.32500000 0.00000000 
168.37500000 0.00000000 
168.42500000 0.00000000 
168.47500000 0.00000000 
168.52500000 0.00000000 
168.57500000 0.00000000 
168.62500000 0.00000000 
168.67500000 0.00000000 
168.72500000 0.00000000 
168.77500000 0.00000000 
168.82500000 0.00000000 
168.87500000 0.00000000 
168.92500000 0.00000000 
168.97500000 0.00000000 
169.02500000 0.00000000 
169.07500000 0.00000000 
169.12500000 0.00000000 
169.17500000 0.00000000 
169.22500000 0.00000000 
169.27500000 0.00000000 
169.32500000 0.00000000 
169.37500000 0.00000000 
169.42500000 0.00000000 
169.47500000 0.00000000 
169.52500000 0.00000000 
169.57500000 0.00000000 
169.62500000 0.00000000 
169.67500000 0.00000000 
169.72500000 0.00000000 
169.77500000 0.00000000 
169.82500000 0.00000000 
169.87500000 0.00000000 
169.92500000 0.00000000 
169.97500000 0.00000000 
170.02500000 0.00000000 
170.07500000 0.00000000 
170.12500000 0.00000000 
170.17500000 0.00000000 
170.22500000 0.00000000 
170.27500000 0.00000000 
170.32500000 0.00000000 
170.37500000 0.00000000 
170.42500000 0.00000000 
170.47500000 0.00000000 
170.52500000 0.00000000 
170.57500000 0.00000000 
170.62500000 0.00000000 
170.67500000 0.00000000 
170.72500000 0.00000000 
170.77500000 0.00000000 
170.82500000 0.00000000 
170.87500000 0.00000000 
170.92500000 0.00000000 
170.97500000 0.00000000 
171.02500000 0.00000000 
171.07500000 0.00000000 
171.12500000 0.00000000 
171.17500000 0.00000000 
171.22500000 0.00000000 
171.27500000 0.00000000 
171.32500000 0.00000000 
171.37500000 0.00000000 
171.42500000 0.00000000 
171.47500000 0.00000000 
171.52500000 0.00000000 
171.57500000 0.00000000 
171.62500000 0.00000000 
171.67500000 0.00000000 
171.72500000 0.00000000 
171.77500000 0.00000000 
171.82500000 0.00000000 
171.87500000 0.00000000 
171.92500000 0.00000000 
171.97500000 0.00000000 
172.02500000 0.00000000 
172.07500000 0.00000000 
172.12500000 0.00000000 
172.17500000 0.00000000 
172.22500000 0.00000000 
172.27500000 0.00000000 
172.32500000 0.00000000 
172.37500000 0.00000000 
172.42500000 0.00000000 
172.47500000 0.00000000 
172.52500000 0.00000000 
172.57500000 0.00000000 
172.62500000 0.00000000 
172.67500000 0.00000000 
172.72500000 0.00000000 
172.77500000 0.00000000 
172.82500000 0.00000000 
172.87500000 0.00000000 
172.92500000 0.00000000 
172.97500000 0.00000000 
173.02500000 0.00000000 
173.07500000 0.00000000 
173.12500000 0.00000000 
173.17500000 0.00000000 
173.22500000 0.00000000 
173.27500000 0.00000000 
173.32500000 0.00000000 
173.37500000 0.00000000 
173.42500000 0.00000000 
173.47500000 0.00000000 
173.52500000 0.00000000 
173.57500000 0.00000000 
173.62500000 0.00000000 
173.67500000 0.00000000 
173.72500000 0.00000000 
173.77500000 0.00000000 
173.82500000 0.00000000 
173.87500000 0.00000000 
173.92500000 0.00000000 
173.97500000 0.00000000 
174.02500000 0.00000000 
174.07500000 0.00000000 
174.12500000 0.00000000 
174.17500000 0.00000000 
174.22500000 0.00000000 
174.27500000 0.00000000 
174.32500000 0.00000000 
174.37500000 0.00000000 
174.42500000 0.00000000 
174.47500000 0.00000000 
174.52500000 0.00000000 
174.57500000 0.00000000 
174.62500000 0.00000000 
174.67500000 0.00000000 
174.72500000 0.00000000 
174.77500000 0.00000000 
174.82500000 0.00000000 
174.87500000 0.00000000 
174.92500000 0.00000000 
174.97500000 0.00000000 
175.02500000 0.00000000 
175.07500000 0.00000000 
175.12500000 0.00000000 
175.17500000 0.00000000 
175.22500000 0.00000000 
175.27500000 0.00000000 
175.32500000 0.00000000 
175.37500000 0.00000000 
175.42500000 0.00000000 
175.47500000 0.00000000 
175.52500000 0.00000000 
175.57500000 0.00000000 
175.62500000 0.00000000 
175.67500000 0.00000000 
175.72500000 0.00000000 
175.77500000 0.00000000 
175.82500000 0.00000000 
175.87500000 0.00000000 
175.92500000 0.00000000 
175.97500000 0.00000000 
176.02500000 0.00000000 
176.07500000 0.00000000 
176.12500000 0.00000000 
176.17500000 0.00000000 
176.22500000 0.00000000 
176.27500000 0.00000000 
176.32500000 0.00000000 
176.37500000 0.00000000 
176.42500000 0.00000000 
176.47500000 0.00000000 
176.52500000 0.00000000 
176.57500000 0.00000000 
176.62500000 0.00000000 
176.67500000 0.00000000 
176.72500000 0.00000000 
176.77500000 0.00000000 
176.82500000 0.00000000 
176.87500000 0.00000000 
176.92500000 0.00000000 
176.97500000 0.00000000 
177.02500000 0.00000000 
177.07500000 0.00000000 
177.12500000 0.00000000 
177.17500000 0.00000000 
177.22500000 0.00000000 
177.27500000 0.00000000 
177.32500000 0.00000000 
177.37500000 0.00000000 
177.42500000 0.00000000 
177.47500000 0.00000000 
177.52500000 0.00000000 
177.57500000 0.00000000 
177.62500000 0.00000000 
177.67500000 0.00000000 
177.72500000 0.00000000 
177.77500000 0.00000000 
177.82500000 0.00000000 
177.87500000 0.00000000 
177.92500000 0.00000000 
177.97500000 0.00000000 
178.02500000 0.00000000 
178.07500000 0.00000000 
178.12500000 0.00000000 
178.17500000 0.00000000 
178.22500000 0.00000000 
178.27500000 0.00000000 
178.32500000 0.00000000 
178.37500000 0.00000000 
178.42500000 0.00000000 
178.47500000 0.00000000 
178.52500000 0.00000000 
178.57500000 0.00000000 
178.62500000 0.00000000 
178.67500000 0.00000000 
178.72500000 0.00000000 
178.77500000 0.00000000 
178.82500000 0.00000000 
178.87500000 0.00000000 
178.92500000 0.00000000 
178.97500000 0.00000000 
179.02500000 0.00000000 
179.07500000 0.00000000 
179.12500000 0.00000000 
179.17500000 0.00000000 
179.22500000 0.00000000 
179.27500000 0.00000000 
179.32500000 0.00000000 
179.37500000 0.00000000 
179.42500000 0.00000000 
179.47500000 0.00000000 
179.52500000 0.00000000 
179.57500000 0.00000000 
179.62500000 0.00000000 
179.67500000 0.00000000 
179.72500000 0.00000000 
179.77500000 0.00000000 
179.82500000 0.00000000 
179.87500000 0.00000000 
179.92500000 0.00000000 
179.97500000 0.00000000 
180.02500000 0.00000000 
180.07500000 0.00000000 
180.12500000 0.00000000 
180.17500000 0.00000000 
180.22500000 0.00000000 
180.27500000 0.00000000 
180.32500000 0.00000000 
180.37500000 0.00000000 
180.42500000 0.00000000 
180.47500000 0.00000000 
180.52500000 0.00000000 
180.57500000 0.00000000 
180.62500000 0.00000000 
180.67500000 0.00000000 
180.72500000 0.00000000 
180.77500000 0.00000000 
180.82500000 0.00000000 
180.87500000 0.00000000 
180.92500000 0.00000000 
180.97500000 0.00000000 
181.02500000 0.00000000 
181.07500000 0.00000000 
181.12500000 0.00000000 
181.17500000 0.00000000 
181.22500000 0.00000000 
181.27500000 0.00000000 
181.32500000 0.00000000 
181.37500000 0.00000000 
181.42500000 0.00000000 
181.47500000 0.00000000 
181.52500000 0.00000000 
181.57500000 0.00000000 
181.62500000 0.00000000 
181.67500000 0.00000000 
181.72500000 0.00000000 
181.77500000 0.00000000 
181.82500000 0.00000000 
181.87500000 0.00000000 
181.92500000 0.00000000 
181.97500000 0.00000000 
182.02500000 0.00000000 
182.07500000 0.00000000 
182.12500000 0.00000000 
182.17500000 0.00000000 
182.22500000 0.00000000 
182.27500000 0.00000000 
182.32500000 0.00000000 
182.37500000 0.00000000 
182.42500000 0.00000000 
182.47500000 0.00000000 
182.52500000 0.00000000 
182.57500000 0.00000000 
182.62500000 0.00000000 
182.67500000 0.00000000 
182.72500000 0.00000000 
182.77500000 0.00000000 
182.82500000 0.00000000 
182.87500000 0.00000000 
182.92500000 0.00000000 
182.97500000 0.00000000 
183.02500000 0.00000000 
183.07500000 0.00000000 
183.12500000 0.00000000 
183.17500000 0.00000000 
183.22500000 0.00000000 
183.27500000 0.00000000 
183.32500000 0.00000000 
183.37500000 0.00000000 
183.42500000 0.00000000 
183.47500000 0.00000000 
183.52500000 0.00000000 
183.57500000 0.00000000 
183.62500000 0.00000000 
183.67500000 0.00000000 
183.72500000 0.00000000 
183.77500000 0.00000000 
183.82500000 0.00000000 
183.87500000 0.00000000 
183.92500000 0.00000000 
183.97500000 0.00000000 
184.02500000 0.00000000 
184.07500000 0.00000000 
184.12500000 0.00000000 
184.17500000 0.00000000 
184.22500000 0.00000000 
184.27500000 0.00000000 
184.32500000 0.00000000 
184.37500000 0.00000000 
184.42500000 0.00000000 
184.47500000 0.00000000 
184.52500000 0.00000000 
184.57500000 0.00000000 
184.62500000 0.00000000 
184.67500000 0.00000000 
184.72500000 0.00000000 
184.77500000 0.00000000 
184.82500000 0.00000000 
184.87500000 0.00000000 
184.92500000 0.00000000 
184.97500000 0.00000000 
185.02500000 0.00000000 
185.07500000 0.00000000 
185.12500000 0.00000000 
185.17500000 0.00000000 
185.22500000 0.00000000 
185.27500000 0.00000000 
185.32500000 0.00000000 
185.37500000 0.00000000 
185.42500000 0.00000000 
185.47500000 0.00000000 
185.52500000 0.00000000 
185.57500000 0.00000000 
185.62500000 0.00000000 
185.67500000 0.00000000 
185.72500000 0.00000000 
185.77500000 0.00000000 
185.82500000 0.00000000 
185.87500000 0.00000000 
185.92500000 0.00000000 
185.97500000 0.00000000 
186.02500000 0.00000000 
186.07500000 0.00000000 
186.12500000 0.00000000 
186.17500000 0.00000000 
186.22500000 0.00000000 
186.27500000 0.00000000 
186.32500000 0.00000000 
186.37500000 0.00000000 
186.42500000 0.00000000 
186.47500000 0.00000000 
186.52500000 0.00000000 
186.57500000 0.00000000 
186.62500000 0.00000000 
186.67500000 0.00000000 
186.72500000 0.00000000 
186.77500000 0.00000000 
186.82500000 0.00000000 
186.87500000 0.00000000 
186.92500000 0.00000000 
186.97500000 0.00000000 
187.02500000 0.00000000 
187.07500000 0.00000000 
187.12500000 0.00000000 
187.17500000 0.00000000 
187.22500000 0.00000000 
187.27500000 0.00000000 
187.32500000 0.00000000 
187.37500000 0.00000000 
187.42500000 0.00000000 
187.47500000 0.00000000 
187.52500000 0.00000000 
187.57500000 0.00000000 
187.62500000 0.00000000 
187.67500000 0.00000000 
187.72500000 0.00000000 
187.77500000 0.00000000 
187.82500000 0.00000000 
187.87500000 0.00000000 
187.92500000 0.00000000 
187.97500000 0.00000000 
188.02500000 0.00000000 
188.07500000 0.00000000 
188.12500000 0.00000000 
188.17500000 0.00000000 
188.22500000 0.00000000 
188.27500000 0.00000000 
188.32500000 0.00000000 
188.37500000 0.00000000 
188.42500000 0.00000000 
188.47500000 0.00000000 
188.52500000 0.00000000 
188.57500000 0.00000000 
188.62500000 0.00000000 
188.67500000 0.00000000 
188.72500000 0.00000000 
188.77500000 0.00000000 
188.82500000 0.00000000 
188.87500000 0.00000000 
188.92500000 0.00000000 
188.97500000 0.00000000 
189.02500000 0.00000000 
189.07500000 0.00000000 
189.12500000 0.00000000 
189.17500000 0.00000000 
189.22500000 0.00000000 
189.27500000 0.00000000 
189.32500000 0.00000000 
189.37500000 0.00000000 
189.42500000 0.00000000 
189.47500000 0.00000000 
189.52500000 0.00000000 
189.57500000 0.00000000 
189.62500000 0.00000000 
189.67500000 0.00000000 
189.72500000 0.00000000 
189.77500000 0.00000000 
189.82500000 0.00000000 
189.87500000 0.00000000 
189.92500000 0.00000000 
189.97500000 0.00000000 
190.02500000 0.00000000 
190.07500000 0.00000000 
190.12500000 0.00000000 
190.17500000 0.00000000 
190.22500000 0.00000000 
190.27500000 0.00000000 
190.32500000 0.00000000 
190.37500000 0.00000000 
190.42500000 0.00000000 
190.47500000 0.00000000 
190.52500000 0.00000000 
190.57500000 0.00000000 
190.62500000 0.00000000 
190.67500000 0.00000000 
190.72500000 0.00000000 
190.77500000 0.00000000 
190.82500000 0.00000000 
190.87500000 0.00000000 
190.92500000 0.00000000 
190.97500000 0.00000000 
191.02500000 0.00000000 
191.07500000 0.00000000 
191.12500000 0.00000000 
191.17500000 0.00000000 
191.22500000 0.00000000 
191.27500000 0.00000000 
191.32500000 0.00000000 
191.37500000 0.00000000 
191.42500000 0.00000000 
191.47500000 0.00000000 
191.52500000 0.00000000 
191.57500000 0.00000000 
191.62500000 0.00000000 
191.67500000 0.00000000 
191.72500000 0.00000000 
191.77500000 0.00000000 
191.82500000 0.00000000 
191.87500000 0.00000000 
191.92500000 0.00000000 
191.97500000 0.00000000 
192.02500000 0.00000000 
192.07500000 0.00000000 
192.12500000 0.00000000 
192.17500000 0.00000000 
192.22500000 0.00000000 
192.27500000 0.00000000 
192.32500000 0.00000000 
192.37500000 0.00000000 
192.42500000 0.00000000 
192.47500000 0.00000000 
192.52500000 0.00000000 
192.57500000 0.00000000 
192.62500000 0.00000000 
192.67500000 0.00000000 
192.72500000 0.00000000 
192.77500000 0.00000000 
192.82500000 0.00000000 
192.87500000 0.00000000 
192.92500000 0.00000000 
192.97500000 0.00000000 
193.02500000 0.00000000 
193.07500000 0.00000000 
193.12500000 0.00000000 
193.17500000 0.00000000 
193.22500000 0.00000000 
193.27500000 0.00000000 
193.32500000 0.00000000 
193.37500000 0.00000000 
193.42500000 0.00000000 
193.47500000 0.00000000 
193.52500000 0.00000000 
193.57500000 0.00000000 
193.62500000 0.00000000 
193.67500000 0.00000000 
193.72500000 0.00000000 
193.77500000 0.00000000 
193.82500000 0.00000000 
193.87500000 0.00000000 
193.92500000 0.00000000 
193.97500000 0.00000000 
194.02500000 0.00000000 
194.07500000 0.00000000 
194.12500000 0.00000000 
194.17500000 0.00000000 
194.22500000 0.00000000 
194.27500000 0.00000000 
194.32500000 0.00000000 
194.37500000 0.00000000 
194.42500000 0.00000000 
194.47500000 0.00000000 
194.52500000 0.00000000 
194.57500000 0.00000000 
194.62500000 0.00000000 
194.67500000 0.00000000 
194.72500000 0.00000000 
194.77500000 0.00000000 
194.82500000 0.00000000 
194.87500000 0.00000000 
194.92500000 0.00000000 
194.97500000 0.00000000 
195.02500000 0.00000000 
195.07500000 0.00000000 
195.12500000 0.00000000 
195.17500000 0.00000000 
195.22500000 0.00000000 
195.27500000 0.00000000 
195.32500000 0.00000000 
195.37500000 0.00000000 
195.42500000 0.00000000 
195.47500000 0.00000000 
195.52500000 0.00000000 
195.57500000 0.00000000 
195.62500000 0.00000000 
195.67500000 0.00000000 
195.72500000 0.00000000 
195.77500000 0.00000000 
195.82500000 0.00000000 
195.87500000 0.00000000 
195.92500000 0.00000000 
195.97500000 0.00000000 
196.02500000 0.00000000 
196.07500000 0.00000000 
196.12500000 0.00000000 
196.17500000 0.00000000 
196.22500000 0.00000000 
196.27500000 0.00000000 
196.32500000 0.00000000 
196.37500000 0.00000000 
196.42500000 0.00000000 
196.47500000 0.00000000 
196.52500000 0.00000000 
196.57500000 0.00000000 
196.62500000 0.00000000 
196.67500000 0.00000000 
196.72500000 0.00000000 
196.77500000 0.00000000 
196.82500000 0.00000000 
196.87500000 0.00000000 
196.92500000 0.00000000 
196.97500000 0.00000000 
197.02500000 0.00000000 
197.07500000 0.00000000 
197.12500000 0.00000000 
197.17500000 0.00000000 
197.22500000 0.00000000 
197.27500000 0.00000000 
197.32500000 0.00000000 
197.37500000 0.00000000 
197.42500000 0.00000000 
197.47500000 0.00000000 
197.52500000 0.00000000 
197.57500000 0.00000000 
197.62500000 0.00000000 
197.67500000 0.00000000 
197.72500000 0.00000000 
197.77500000 0.00000000 
197.82500000 0.00000000 
197.87500000 0.00000000 
197.92500000 0.00000000 
197.97500000 0.00000000 
198.02500000 0.00000000 
198.07500000 0.00000000 
198.12500000 0.00000000 
198.17500000 0.00000000 
198.22500000 0.00000000 
198.27500000 0.00000000 
198.32500000 0.00000000 
198.37500000 0.00000000 
198.42500000 0.00000000 
198.47500000 0.00000000 
198.52500000 0.00000000 
198.57500000 0.00000000 
198.62500000 0.00000000 
198.67500000 0.00000000 
198.72500000 0.00000000 
198.77500000 0.00000000 
198.82500000 0.00000000 
198.87500000 0.00000000 
198.92500000 0.00000000 
198.97500000 0.00000000 
199.02500000 0.00000000 
199.07500000 0.00000000 
199.12500000 0.00000000 
199.17500000 0.00000000 
199.22500000 0.00000000 
199.27500000 0.00000000 
199.32500000 0.00000000 
199.37500000 0.00000000 
199.42500000 0.00000000 
199.47500000 0.00000000 
199.52500000 0.00000000 
199.57500000 0.00000000 
199.62500000 0.00000000 
199.67500000 0.00000000 
199.72500000 0.00000000 
199.77500000 0.00000000 
199.82500000 0.00000000 
199.87500000 0.00000000 
199.92500000 0.00000000 
199.97500000 0.00000000 
