0.02500000 1.00000000 
0.07500000 1.00000000 
0.12500000 1.00000000 
0.17500000 1.00000000 
0.22500000 1.00000000 
0.27500000 1.00000000 
0.32500000 1.00000000 
0.37500000 1.00000000 
0.42500000 1.00000000 
0.47500000 1.00000000 
0.52500000 1.00000000 
0.57500000 1.00000000 
0.62500000 1.00000000 
0.67500000 1.00000000 
0.72500000 1.00000000 
0.77500000 1.00000000 
0.82500000 1.00000000 
0.87500000 1.00000000 
0.92500000 1.00000000 
0.97500000 1.00000000 
1.02500000 1.00000000 
1.07500000 1.00000000 
1.12500000 1.00000000 
1.17500000 1.00000000 
1.22500000 1.00000000 
1.27500000 1.00000000 
1.32500000 1.00000000 
1.37500000 1.00000000 
1.42500000 1.00000000 
1.47500000 1.00000000 
1.52500000 1.00000000 
1.57500000 1.00000000 
1.62500000 1.00000000 
1.67500000 1.00000000 
1.72500000 1.00000000 
1.77500000 1.00000000 
1.82500000 1.00000000 
1.87500000 1.00000000 
1.92500000 1.00000000 
1.97500000 1.00000000 
2.02500000 1.00000000 
2.07500000 1.00000000 
2.12500000 1.00000000 
2.17500000 1.00000000 
2.22500000 1.00000000 
2.27500000 1.00000000 
2.32500000 1.00000000 
2.37500000 1.00000000 
2.42500000 1.00000000 
2.47500000 1.00000000 
2.52500000 1.00000000 
2.57500000 1.00000000 
2.62500000 1.00000000 
2.67500000 1.00000000 
2.72500000 1.00000000 
2.77500000 1.00000000 
2.82500000 1.00000000 
2.87500000 1.00000000 
2.92500000 1.00000000 
2.97500000 1.00000000 
3.02500000 1.00000000 
3.07500000 1.00000000 
3.12500000 1.00000000 
3.17500000 1.00000000 
3.22500000 1.00000000 
3.27500000 1.00000000 
3.32500000 1.00000000 
3.37500000 1.00000000 
3.42500000 1.00000000 
3.47500000 1.00000000 
3.52500000 1.00000000 
3.57500000 1.00000000 
3.62500000 1.00000000 
3.67500000 1.00000000 
3.72500000 1.00000000 
3.77500000 1.00000000 
3.82500000 1.00000000 
3.87500000 1.00000000 
3.92500000 1.00000000 
3.97500000 1.00000000 
4.02500000 1.00000000 
4.07500000 1.00000000 
4.12500000 1.00000000 
4.17500000 1.00000000 
4.22500000 1.00000000 
4.27500000 1.00000000 
4.32500000 1.00000000 
4.37500000 1.00000000 
4.42500000 1.00000000 
4.47500000 1.00000000 
4.52500000 1.00000000 
4.57500000 1.00000000 
4.62500000 1.00000000 
4.67500000 1.00000000 
4.72500000 1.00000000 
4.77500000 1.00000000 
4.82500000 1.00000000 
4.87500000 1.00000000 
4.92500000 1.00000000 
4.97500000 1.00000000 
5.02500000 1.00000000 
5.07500000 1.00000000 
5.12500000 1.00000000 
5.17500000 1.00000000 
5.22500000 1.00000000 
5.27500000 1.00000000 
5.32500000 1.00000000 
5.37500000 1.00000000 
5.42500000 1.00000000 
5.47500000 1.00000000 
5.52500000 1.00000000 
5.57500000 1.00000000 
5.62500000 1.00000000 
5.67500000 1.00000000 
5.72500000 1.00000000 
5.77500000 1.00000000 
5.82500000 1.00000000 
5.87500000 1.00000000 
5.92500000 1.00000000 
5.97500000 1.00000000 
6.02500000 1.00000000 
6.07500000 1.00000000 
6.12500000 1.00000000 
6.17500000 1.00000000 
6.22500000 1.00000000 
6.27500000 1.00000000 
6.32500000 1.00000000 
6.37500000 1.00000000 
6.42500000 1.00000000 
6.47500000 1.00000000 
6.52500000 1.00000000 
6.57500000 1.00000000 
6.62500000 1.00000000 
6.67500000 1.00000000 
6.72500000 1.00000000 
6.77500000 1.00000000 
6.82500000 1.00000000 
6.87500000 1.00000000 
6.92500000 1.00000000 
6.97500000 1.00000000 
7.02500000 1.00000000 
7.07500000 1.00000000 
7.12500000 1.00000000 
7.17500000 1.00000000 
7.22500000 1.00000000 
7.27500000 1.00000000 
7.32500000 1.00000000 
7.37500000 1.00000000 
7.42500000 1.00000000 
7.47500000 1.00000000 
7.52500000 1.00000000 
7.57500000 1.00000000 
7.62500000 1.00000000 
7.67500000 1.00000000 
7.72500000 1.00000000 
7.77500000 1.00000000 
7.82500000 1.00000000 
7.87500000 1.00000000 
7.92500000 1.00000000 
7.97500000 1.00000000 
8.02500000 1.00000000 
8.07500000 1.00000000 
8.12500000 1.00000000 
8.17500000 1.00000000 
8.22500000 1.00000000 
8.27500000 1.00000000 
8.32500000 1.00000000 
8.37500000 1.00000000 
8.42500000 1.00000000 
8.47500000 1.00000000 
8.52500000 1.00000000 
8.57500000 1.00000000 
8.62500000 1.00000000 
8.67500000 1.00000000 
8.72500000 1.00000000 
8.77500000 1.00000000 
8.82500000 1.00000000 
8.87500000 1.00000000 
8.92500000 1.00000000 
8.97500000 1.00000000 
9.02500000 1.00000000 
9.07500000 1.00000000 
9.12500000 1.00000000 
9.17500000 1.00000000 
9.22500000 1.00000000 
9.27500000 1.00000000 
9.32500000 1.00000000 
9.37500000 1.00000000 
9.42500000 1.00000000 
9.47500000 1.00000000 
9.52500000 1.00000000 
9.57500000 1.00000000 
9.62500000 1.00000000 
9.67500000 1.00000000 
9.72500000 1.00000000 
9.77500000 1.00000000 
9.82500000 1.00000000 
9.87500000 1.00000000 
9.92500000 1.00000000 
9.97500000 1.00000000 
10.02500000 1.00000000 
10.07500000 1.00000000 
10.12500000 1.00000000 
10.17500000 1.00000000 
10.22500000 1.00000000 
10.27500000 1.00000000 
10.32500000 1.00000000 
10.37500000 1.00000000 
10.42500000 1.00000000 
10.47500000 1.00000000 
10.52500000 1.00000000 
10.57500000 1.00000000 
10.62500000 1.00000000 
10.67500000 1.00000000 
10.72500000 1.00000000 
10.77500000 1.00000000 
10.82500000 1.00000000 
10.87500000 1.00000000 
10.92500000 1.00000000 
10.97500000 1.00000000 
11.02500000 1.00000000 
11.07500000 1.00000000 
11.12500000 1.00000000 
11.17500000 1.00000000 
11.22500000 1.00000000 
11.27500000 1.00000000 
11.32500000 1.00000000 
11.37500000 1.00000000 
11.42500000 1.00000000 
11.47500000 1.00000000 
11.52500000 1.00000000 
11.57500000 1.00000000 
11.62500000 1.00000000 
11.67500000 1.00000000 
11.72500000 1.00000000 
11.77500000 1.00000000 
11.82500000 1.00000000 
11.87500000 1.00000000 
11.92500000 1.00000000 
11.97500000 1.00000000 
12.02500000 1.00000000 
12.07500000 1.00000000 
12.12500000 1.00000000 
12.17500000 1.00000000 
12.22500000 1.00000000 
12.27500000 1.00000000 
12.32500000 1.00000000 
12.37500000 1.00000000 
12.42500000 1.00000000 
12.47500000 1.00000000 
12.52500000 1.00000000 
12.57500000 1.00000000 
12.62500000 1.00000000 
12.67500000 1.00000000 
12.72500000 1.00000000 
12.77500000 1.00000000 
12.82500000 1.00000000 
12.87500000 1.00000000 
12.92500000 1.00000000 
12.97500000 1.00000000 
13.02500000 1.00000000 
13.07500000 1.00000000 
13.12500000 1.00000000 
13.17500000 1.00000000 
13.22500000 1.00000000 
13.27500000 1.00000000 
13.32500000 1.00000000 
13.37500000 1.00000000 
13.42500000 1.00000000 
13.47500000 1.00000000 
13.52500000 1.00000000 
13.57500000 1.00000000 
13.62500000 1.00000000 
13.67500000 1.00000000 
13.72500000 1.00000000 
13.77500000 1.00000000 
13.82500000 1.00000000 
13.87500000 1.00000000 
13.92500000 1.00000000 
13.97500000 1.00000000 
14.02500000 1.00000000 
14.07500000 1.00000000 
14.12500000 1.00000000 
14.17500000 1.00000000 
14.22500000 1.00000000 
14.27500000 1.00000000 
14.32500000 1.00000000 
14.37500000 1.00000000 
14.42500000 1.00000000 
14.47500000 1.00000000 
14.52500000 1.00000000 
14.57500000 1.00000000 
14.62500000 1.00000000 
14.67500000 1.00000000 
14.72500000 1.00000000 
14.77500000 1.00000000 
14.82500000 1.00000000 
14.87500000 1.00000000 
14.92500000 1.00000000 
14.97500000 1.00000000 
15.02500000 1.00000000 
15.07500000 1.00000000 
15.12500000 1.00000000 
15.17500000 1.00000000 
15.22500000 1.00000000 
15.27500000 1.00000000 
15.32500000 1.00000000 
15.37500000 1.00000000 
15.42500000 1.00000000 
15.47500000 1.00000000 
15.52500000 1.00000000 
15.57500000 1.00000000 
15.62500000 1.00000000 
15.67500000 1.00000000 
15.72500000 1.00000000 
15.77500000 1.00000000 
15.82500000 1.00000000 
15.87500000 1.00000000 
15.92500000 1.00000000 
15.97500000 1.00000000 
16.02500000 1.00000000 
16.07500000 1.00000000 
16.12500000 1.00000000 
16.17500000 1.00000000 
16.22500000 1.00000000 
16.27500000 1.00000000 
16.32500000 1.00000000 
16.37500000 1.00000000 
16.42500000 1.00000000 
16.47500000 1.00000000 
16.52500000 1.00000000 
16.57500000 1.00000000 
16.62500000 1.00000000 
16.67500000 1.00000000 
16.72500000 1.00000000 
16.77500000 1.00000000 
16.82500000 1.00000000 
16.87500000 1.00000000 
16.92500000 1.00000000 
16.97500000 1.00000000 
17.02500000 1.00000000 
17.07500000 1.00000000 
17.12500000 1.00000000 
17.17500000 1.00000000 
17.22500000 1.00000000 
17.27500000 1.00000000 
17.32500000 1.00000000 
17.37500000 1.00000000 
17.42500000 1.00000000 
17.47500000 1.00000000 
17.52500000 1.00000000 
17.57500000 1.00000000 
17.62500000 1.00000000 
17.67500000 1.00000000 
17.72500000 1.00000000 
17.77500000 1.00000000 
17.82500000 1.00000000 
17.87500000 1.00000000 
17.92500000 1.00000000 
17.97500000 1.00000000 
18.02500000 1.00000000 
18.07500000 1.00000000 
18.12500000 1.00000000 
18.17500000 1.00000000 
18.22500000 1.00000000 
18.27500000 1.00000000 
18.32500000 1.00000000 
18.37500000 1.00000000 
18.42500000 1.00000000 
18.47500000 1.00000000 
18.52500000 1.00000000 
18.57500000 1.00000000 
18.62500000 1.00000000 
18.67500000 1.00000000 
18.72500000 1.00000000 
18.77500000 1.00000000 
18.82500000 1.00000000 
18.87500000 1.00000000 
18.92500000 1.00000000 
18.97500000 1.00000000 
19.02500000 1.00000000 
19.07500000 1.00000000 
19.12500000 1.00000000 
19.17500000 1.00000000 
19.22500000 1.00000000 
19.27500000 1.00000000 
19.32500000 1.00000000 
19.37500000 1.00000000 
19.42500000 1.00000000 
19.47500000 1.00000000 
19.52500000 1.00000000 
19.57500000 1.00000000 
19.62500000 1.00000000 
19.67500000 1.00000000 
19.72500000 1.00000000 
19.77500000 1.00000000 
19.82500000 1.00000000 
19.87500000 1.00000000 
19.92500000 1.00000000 
19.97500000 1.00000000 
20.02500000 1.00000000 
20.07500000 1.00000000 
20.12500000 1.00000000 
20.17500000 1.00000000 
20.22500000 1.00000000 
20.27500000 1.00000000 
20.32500000 1.00000000 
20.37500000 1.00000000 
20.42500000 1.00000000 
20.47500000 1.00000000 
20.52500000 1.00000000 
20.57500000 1.00000000 
20.62500000 1.00000000 
20.67500000 1.00000000 
20.72500000 1.00000000 
20.77500000 1.00000000 
20.82500000 1.00000000 
20.87500000 1.00000000 
20.92500000 1.00000000 
20.97500000 1.00000000 
21.02500000 1.00000000 
21.07500000 1.00000000 
21.12500000 1.00000000 
21.17500000 1.00000000 
21.22500000 1.00000000 
21.27500000 1.00000000 
21.32500000 1.00000000 
21.37500000 1.00000000 
21.42500000 1.00000000 
21.47500000 1.00000000 
21.52500000 1.00000000 
21.57500000 1.00000000 
21.62500000 1.00000000 
21.67500000 1.00000000 
21.72500000 1.00000000 
21.77500000 1.00000000 
21.82500000 1.00000000 
21.87500000 1.00000000 
21.92500000 1.00000000 
21.97500000 1.00000000 
22.02500000 1.00000000 
22.07500000 1.00000000 
22.12500000 1.00000000 
22.17500000 1.00000000 
22.22500000 1.00000000 
22.27500000 1.00000000 
22.32500000 1.00000000 
22.37500000 1.00000000 
22.42500000 1.00000000 
22.47500000 1.00000000 
22.52500000 1.00000000 
22.57500000 1.00000000 
22.62500000 1.00000000 
22.67500000 1.00000000 
22.72500000 1.00000000 
22.77500000 1.00000000 
22.82500000 1.00000000 
22.87500000 1.00000000 
22.92500000 1.00000000 
22.97500000 1.00000000 
23.02500000 1.00000000 
23.07500000 1.00000000 
23.12500000 1.00000000 
23.17500000 1.00000000 
23.22500000 1.00000000 
23.27500000 1.00000000 
23.32500000 1.00000000 
23.37500000 1.00000000 
23.42500000 1.00000000 
23.47500000 1.00000000 
23.52500000 1.00000000 
23.57500000 1.00000000 
23.62500000 1.00000000 
23.67500000 1.00000000 
23.72500000 1.00000000 
23.77500000 1.00000000 
23.82500000 1.00000000 
23.87500000 1.00000000 
23.92500000 1.00000000 
23.97500000 1.00000000 
24.02500000 1.00000000 
24.07500000 1.00000000 
24.12500000 1.00000000 
24.17500000 1.00000000 
24.22500000 1.00000000 
24.27500000 1.00000000 
24.32500000 1.00000000 
24.37500000 1.00000000 
24.42500000 1.00000000 
24.47500000 1.00000000 
24.52500000 1.00000000 
24.57500000 1.00000000 
24.62500000 1.00000000 
24.67500000 1.00000000 
24.72500000 1.00000000 
24.77500000 1.00000000 
24.82500000 1.00000000 
24.87500000 1.00000000 
24.92500000 1.00000000 
24.97500000 1.00000000 
25.02500000 1.00000000 
25.07500000 1.00000000 
25.12500000 1.00000000 
25.17500000 1.00000000 
25.22500000 1.00000000 
25.27500000 1.00000000 
25.32500000 1.00000000 
25.37500000 1.00000000 
25.42500000 1.00000000 
25.47500000 1.00000000 
25.52500000 1.00000000 
25.57500000 1.00000000 
25.62500000 1.00000000 
25.67500000 1.00000000 
25.72500000 1.00000000 
25.77500000 1.00000000 
25.82500000 1.00000000 
25.87500000 1.00000000 
25.92500000 1.00000000 
25.97500000 1.00000000 
26.02500000 1.00000000 
26.07500000 1.00000000 
26.12500000 1.00000000 
26.17500000 1.00000000 
26.22500000 1.00000000 
26.27500000 1.00000000 
26.32500000 1.00000000 
26.37500000 1.00000000 
26.42500000 1.00000000 
26.47500000 1.00000000 
26.52500000 1.00000000 
26.57500000 1.00000000 
26.62500000 1.00000000 
26.67500000 1.00000000 
26.72500000 1.00000000 
26.77500000 1.00000000 
26.82500000 1.00000000 
26.87500000 1.00000000 
26.92500000 1.00000000 
26.97500000 1.00000000 
27.02500000 1.00000000 
27.07500000 1.00000000 
27.12500000 1.00000000 
27.17500000 1.00000000 
27.22500000 1.00000000 
27.27500000 1.00000000 
27.32500000 1.00000000 
27.37500000 1.00000000 
27.42500000 1.00000000 
27.47500000 1.00000000 
27.52500000 1.00000000 
27.57500000 1.00000000 
27.62500000 1.00000000 
27.67500000 1.00000000 
27.72500000 1.00000000 
27.77500000 1.00000000 
27.82500000 1.00000000 
27.87500000 1.00000000 
27.92500000 1.00000000 
27.97500000 1.00000000 
28.02500000 1.00000000 
28.07500000 1.00000000 
28.12500000 1.00000000 
28.17500000 1.00000000 
28.22500000 1.00000000 
28.27500000 1.00000000 
28.32500000 1.00000000 
28.37500000 1.00000000 
28.42500000 1.00000000 
28.47500000 1.00000000 
28.52500000 1.00000000 
28.57500000 1.00000000 
28.62500000 1.00000000 
28.67500000 1.00000000 
28.72500000 1.00000000 
28.77500000 1.00000000 
28.82500000 1.00000000 
28.87500000 1.00000000 
28.92500000 1.00000000 
28.97500000 1.00000000 
29.02500000 1.00000000 
29.07500000 1.00000000 
29.12500000 1.00000000 
29.17500000 1.00000000 
29.22500000 1.00000000 
29.27500000 1.00000000 
29.32500000 1.00000000 
29.37500000 1.00000000 
29.42500000 1.00000000 
29.47500000 1.00000000 
29.52500000 1.00000000 
29.57500000 1.00000000 
29.62500000 1.00000000 
29.67500000 1.00000000 
29.72500000 1.00000000 
29.77500000 1.00000000 
29.82500000 1.00000000 
29.87500000 1.00000000 
29.92500000 1.00000000 
29.97500000 1.00000000 
30.02500000 1.00000000 
30.07500000 1.00000000 
30.12500000 1.00000000 
30.17500000 1.00000000 
30.22500000 1.00000000 
30.27500000 1.00000000 
30.32500000 1.00000000 
30.37500000 1.00000000 
30.42500000 1.00000000 
30.47500000 1.00000000 
30.52500000 1.00000000 
30.57500000 1.00000000 
30.62500000 1.00000000 
30.67500000 1.00000000 
30.72500000 1.00000000 
30.77500000 1.00000000 
30.82500000 1.00000000 
30.87500000 1.00000000 
30.92500000 1.00000000 
30.97500000 1.00000000 
31.02500000 1.00000000 
31.07500000 1.00000000 
31.12500000 1.00000000 
31.17500000 1.00000000 
31.22500000 1.00000000 
31.27500000 1.00000000 
31.32500000 1.00000000 
31.37500000 1.00000000 
31.42500000 1.00000000 
31.47500000 1.00000000 
31.52500000 1.00000000 
31.57500000 1.00000000 
31.62500000 1.00000000 
31.67500000 1.00000000 
31.72500000 1.00000000 
31.77500000 1.00000000 
31.82500000 1.00000000 
31.87500000 1.00000000 
31.92500000 1.00000000 
31.97500000 1.00000000 
32.02500000 1.00000000 
32.07500000 1.00000000 
32.12500000 1.00000000 
32.17500000 1.00000000 
32.22500000 1.00000000 
32.27500000 1.00000000 
32.32500000 1.00000000 
32.37500000 1.00000000 
32.42500000 1.00000000 
32.47500000 1.00000000 
32.52500000 1.00000000 
32.57500000 1.00000000 
32.62500000 1.00000000 
32.67500000 1.00000000 
32.72500000 1.00000000 
32.77500000 1.00000000 
32.82500000 1.00000000 
32.87500000 1.00000000 
32.92500000 1.00000000 
32.97500000 1.00000000 
33.02500000 1.00000000 
33.07500000 1.00000000 
33.12500000 1.00000000 
33.17500000 1.00000000 
33.22500000 1.00000000 
33.27500000 1.00000000 
33.32500000 1.00000000 
33.37500000 1.00000000 
33.42500000 1.00000000 
33.47500000 1.00000000 
33.52500000 1.00000000 
33.57500000 1.00000000 
33.62500000 1.00000000 
33.67500000 1.00000000 
33.72500000 1.00000000 
33.77500000 1.00000000 
33.82500000 1.00000000 
33.87500000 1.00000000 
33.92500000 1.00000000 
33.97500000 1.00000000 
34.02500000 1.00000000 
34.07500000 1.00000000 
34.12500000 1.00000000 
34.17500000 1.00000000 
34.22500000 1.00000000 
34.27500000 1.00000000 
34.32500000 1.00000000 
34.37500000 1.00000000 
34.42500000 1.00000000 
34.47500000 1.00000000 
34.52500000 1.00000000 
34.57500000 1.00000000 
34.62500000 1.00000000 
34.67500000 1.00000000 
34.72500000 1.00000000 
34.77500000 1.00000000 
34.82500000 1.00000000 
34.87500000 1.00000000 
34.92500000 1.00000000 
34.97500000 1.00000000 
35.02500000 1.00000000 
35.07500000 1.00000000 
35.12500000 1.00000000 
35.17500000 1.00000000 
35.22500000 1.00000000 
35.27500000 1.00000000 
35.32500000 1.00000000 
35.37500000 1.00000000 
35.42500000 1.00000000 
35.47500000 1.00000000 
35.52500000 1.00000000 
35.57500000 1.00000000 
35.62500000 1.00000000 
35.67500000 1.00000000 
35.72500000 1.00000000 
35.77500000 1.00000000 
35.82500000 1.00000000 
35.87500000 1.00000000 
35.92500000 1.00000000 
35.97500000 1.00000000 
36.02500000 1.00000000 
36.07500000 1.00000000 
36.12500000 1.00000000 
36.17500000 1.00000000 
36.22500000 1.00000000 
36.27500000 1.00000000 
36.32500000 1.00000000 
36.37500000 1.00000000 
36.42500000 1.00000000 
36.47500000 1.00000000 
36.52500000 1.00000000 
36.57500000 1.00000000 
36.62500000 1.00000000 
36.67500000 1.00000000 
36.72500000 1.00000000 
36.77500000 1.00000000 
36.82500000 1.00000000 
36.87500000 1.00000000 
36.92500000 1.00000000 
36.97500000 1.00000000 
37.02500000 1.00000000 
37.07500000 1.00000000 
37.12500000 1.00000000 
37.17500000 1.00000000 
37.22500000 1.00000000 
37.27500000 1.00000000 
37.32500000 1.00000000 
37.37500000 1.00000000 
37.42500000 1.00000000 
37.47500000 1.00000000 
37.52500000 1.00000000 
37.57500000 1.00000000 
37.62500000 1.00000000 
37.67500000 1.00000000 
37.72500000 1.00000000 
37.77500000 1.00000000 
37.82500000 1.00000000 
37.87500000 1.00000000 
37.92500000 1.00000000 
37.97500000 1.00000000 
38.02500000 1.00000000 
38.07500000 1.00000000 
38.12500000 1.00000000 
38.17500000 1.00000000 
38.22500000 1.00000000 
38.27500000 1.00000000 
38.32500000 1.00000000 
38.37500000 1.00000000 
38.42500000 1.00000000 
38.47500000 1.00000000 
38.52500000 1.00000000 
38.57500000 1.00000000 
38.62500000 1.00000000 
38.67500000 1.00000000 
38.72500000 1.00000000 
38.77500000 1.00000000 
38.82500000 1.00000000 
38.87500000 1.00000000 
38.92500000 1.00000000 
38.97500000 1.00000000 
39.02500000 1.00000000 
39.07500000 1.00000000 
39.12500000 1.00000000 
39.17500000 1.00000000 
39.22500000 1.00000000 
39.27500000 1.00000000 
39.32500000 1.00000000 
39.37500000 1.00000000 
39.42500000 1.00000000 
39.47500000 1.00000000 
39.52500000 1.00000000 
39.57500000 1.00000000 
39.62500000 1.00000000 
39.67500000 1.00000000 
39.72500000 1.00000000 
39.77500000 1.00000000 
39.82500000 1.00000000 
39.87500000 1.00000000 
39.92500000 1.00000000 
39.97500000 1.00000000 
40.02500000 0.99999999 
40.07500000 0.99999999 
40.12500000 0.99999999 
40.17500000 0.99999999 
40.22500000 0.99999999 
40.27500000 0.99999999 
40.32500000 0.99999999 
40.37500000 0.99999999 
40.42500000 0.99999999 
40.47500000 0.99999999 
40.52500000 0.99999999 
40.57500000 0.99999999 
40.62500000 0.99999999 
40.67500000 0.99999999 
40.72500000 0.99999999 
40.77500000 0.99999999 
40.82500000 0.99999999 
40.87500000 0.99999999 
40.92500000 0.99999999 
40.97500000 0.99999999 
41.02500000 0.99999999 
41.07500000 0.99999999 
41.12500000 0.99999999 
41.17500000 0.99999999 
41.22500000 0.99999999 
41.27500000 0.99999999 
41.32500000 0.99999999 
41.37500000 0.99999999 
41.42500000 0.99999999 
41.47500000 0.99999999 
41.52500000 0.99999999 
41.57500000 0.99999999 
41.62500000 0.99999999 
41.67500000 0.99999999 
41.72500000 0.99999999 
41.77500000 0.99999999 
41.82500000 0.99999999 
41.87500000 0.99999999 
41.92500000 0.99999999 
41.97500000 0.99999999 
42.02500000 0.99999999 
42.07500000 0.99999999 
42.12500000 0.99999999 
42.17500000 0.99999999 
42.22500000 0.99999999 
42.27500000 0.99999999 
42.32500000 0.99999999 
42.37500000 0.99999999 
42.42500000 0.99999999 
42.47500000 0.99999999 
42.52500000 0.99999999 
42.57500000 0.99999999 
42.62500000 0.99999999 
42.67500000 0.99999999 
42.72500000 0.99999999 
42.77500000 0.99999999 
42.82500000 0.99999999 
42.87500000 0.99999999 
42.92500000 0.99999999 
42.97500000 0.99999999 
43.02500000 0.99999999 
43.07500000 0.99999999 
43.12500000 0.99999999 
43.17500000 0.99999998 
43.22500000 0.99999998 
43.27500000 0.99999998 
43.32500000 0.99999998 
43.37500000 0.99999998 
43.42500000 0.99999998 
43.47500000 0.99999998 
43.52500000 0.99999998 
43.57500000 0.99999998 
43.62500000 0.99999998 
43.67500000 0.99999998 
43.72500000 0.99999998 
43.77500000 0.99999998 
43.82500000 0.99999998 
43.87500000 0.99999998 
43.92500000 0.99999998 
43.97500000 0.99999998 
44.02500000 0.99999998 
44.07500000 0.99999998 
44.12500000 0.99999998 
44.17500000 0.99999998 
44.22500000 0.99999998 
44.27500000 0.99999998 
44.32500000 0.99999998 
44.37500000 0.99999998 
44.42500000 0.99999998 
44.47500000 0.99999998 
44.52500000 0.99999998 
44.57500000 0.99999998 
44.62500000 0.99999997 
44.67500000 0.99999997 
44.72500000 0.99999997 
44.77500000 0.99999997 
44.82500000 0.99999997 
44.87500000 0.99999997 
44.92500000 0.99999997 
44.97500000 0.99999997 
45.02500000 0.99999997 
45.07500000 0.99999997 
45.12500000 0.99999997 
45.17500000 0.99999997 
45.22500000 0.99999997 
45.27500000 0.99999997 
45.32500000 0.99999997 
45.37500000 0.99999997 
45.42500000 0.99999997 
45.47500000 0.99999997 
45.52500000 0.99999997 
45.57500000 0.99999996 
45.62500000 0.99999996 
45.67500000 0.99999996 
45.72500000 0.99999996 
45.77500000 0.99999996 
45.82500000 0.99999996 
45.87500000 0.99999996 
45.92500000 0.99999996 
45.97500000 0.99999996 
46.02500000 0.99999996 
46.07500000 0.99999996 
46.12500000 0.99999996 
46.17500000 0.99999996 
46.22500000 0.99999996 
46.27500000 0.99999995 
46.32500000 0.99999995 
46.37500000 0.99999995 
46.42500000 0.99999995 
46.47500000 0.99999995 
46.52500000 0.99999995 
46.57500000 0.99999995 
46.62500000 0.99999995 
46.67500000 0.99999995 
46.72500000 0.99999995 
46.77500000 0.99999995 
46.82500000 0.99999995 
46.87500000 0.99999994 
46.92500000 0.99999994 
46.97500000 0.99999994 
47.02500000 0.99999994 
47.07500000 0.99999994 
47.12500000 0.99999994 
47.17500000 0.99999994 
47.22500000 0.99999994 
47.27500000 0.99999994 
47.32500000 0.99999993 
47.37500000 0.99999993 
47.42500000 0.99999993 
47.47500000 0.99999993 
47.52500000 0.99999993 
47.57500000 0.99999993 
47.62500000 0.99999993 
47.67500000 0.99999993 
47.72500000 0.99999992 
47.77500000 0.99999992 
47.82500000 0.99999992 
47.87500000 0.99999992 
47.92500000 0.99999992 
47.97500000 0.99999992 
48.02500000 0.99999992 
48.07500000 0.99999992 
48.12500000 0.99999991 
48.17500000 0.99999991 
48.22500000 0.99999991 
48.27500000 0.99999991 
48.32500000 0.99999991 
48.37500000 0.99999991 
48.42500000 0.99999990 
48.47500000 0.99999990 
48.52500000 0.99999990 
48.57500000 0.99999990 
48.62500000 0.99999990 
48.67500000 0.99999990 
48.72500000 0.99999989 
48.77500000 0.99999989 
48.82500000 0.99999989 
48.87500000 0.99999989 
48.92500000 0.99999989 
48.97500000 0.99999988 
49.02500000 0.99999988 
49.07500000 0.99999988 
49.12500000 0.99999988 
49.17500000 0.99999988 
49.22500000 0.99999987 
49.27500000 0.99999987 
49.32500000 0.99999987 
49.37500000 0.99999987 
49.42500000 0.99999986 
49.47500000 0.99999986 
49.52500000 0.99999986 
49.57500000 0.99999986 
49.62500000 0.99999985 
49.67500000 0.99999985 
49.72500000 0.99999985 
49.77500000 0.99999985 
49.82500000 0.99999984 
49.87500000 0.99999984 
49.92500000 0.99999984 
49.97500000 0.99999983 
50.02500000 0.99999983 
50.07500000 0.99999983 
50.12500000 0.99999983 
50.17500000 0.99999982 
50.22500000 0.99999982 
50.27500000 0.99999982 
50.32500000 0.99999981 
50.37500000 0.99999981 
50.42500000 0.99999981 
50.47500000 0.99999980 
50.52500000 0.99999980 
50.57500000 0.99999980 
50.62500000 0.99999979 
50.67500000 0.99999979 
50.72500000 0.99999979 
50.77500000 0.99999978 
50.82500000 0.99999978 
50.87500000 0.99999977 
50.92500000 0.99999977 
50.97500000 0.99999977 
51.02500000 0.99999976 
51.07500000 0.99999976 
51.12500000 0.99999975 
51.17500000 0.99999975 
51.22500000 0.99999974 
51.27500000 0.99999974 
51.32500000 0.99999974 
51.37500000 0.99999973 
51.42500000 0.99999973 
51.47500000 0.99999972 
51.52500000 0.99999972 
51.57500000 0.99999971 
51.62500000 0.99999971 
51.67500000 0.99999970 
51.72500000 0.99999970 
51.77500000 0.99999969 
51.82500000 0.99999968 
51.87500000 0.99999968 
51.92500000 0.99999967 
51.97500000 0.99999967 
52.02500000 0.99999966 
52.07500000 0.99999966 
52.12500000 0.99999965 
52.17500000 0.99999964 
52.22500000 0.99999964 
52.27500000 0.99999963 
52.32500000 0.99999962 
52.37500000 0.99999962 
52.42500000 0.99999961 
52.47500000 0.99999960 
52.52500000 0.99999960 
52.57500000 0.99999959 
52.62500000 0.99999958 
52.67500000 0.99999957 
52.72500000 0.99999957 
52.77500000 0.99999956 
52.82500000 0.99999955 
52.87500000 0.99999954 
52.92500000 0.99999954 
52.97500000 0.99999953 
53.02500000 0.99999952 
53.07500000 0.99999951 
53.12500000 0.99999950 
53.17500000 0.99999949 
53.22500000 0.99999948 
53.27500000 0.99999948 
53.32500000 0.99999947 
53.37500000 0.99999946 
53.42500000 0.99999945 
53.47500000 0.99999944 
53.52500000 0.99999943 
53.57500000 0.99999942 
53.62500000 0.99999941 
53.67500000 0.99999940 
53.72500000 0.99999939 
53.77500000 0.99999937 
53.82500000 0.99999936 
53.87500000 0.99999935 
53.92500000 0.99999934 
53.97500000 0.99999933 
54.02500000 0.99999932 
54.07500000 0.99999931 
54.12500000 0.99999929 
54.17500000 0.99999928 
54.22500000 0.99999927 
54.27500000 0.99999925 
54.32500000 0.99999924 
54.37500000 0.99999923 
54.42500000 0.99999921 
54.47500000 0.99999920 
54.52500000 0.99999919 
54.57500000 0.99999917 
54.62500000 0.99999916 
54.67500000 0.99999914 
54.72500000 0.99999913 
54.77500000 0.99999911 
54.82500000 0.99999910 
54.87500000 0.99999908 
54.92500000 0.99999906 
54.97500000 0.99999905 
55.02500000 0.99999903 
55.07500000 0.99999901 
55.12500000 0.99999900 
55.17500000 0.99999898 
55.22500000 0.99999896 
55.27500000 0.99999894 
55.32500000 0.99999892 
55.37500000 0.99999890 
55.42500000 0.99999888 
55.47500000 0.99999887 
55.52500000 0.99999885 
55.57500000 0.99999882 
55.62500000 0.99999880 
55.67500000 0.99999878 
55.72500000 0.99999876 
55.77500000 0.99999874 
55.82500000 0.99999872 
55.87500000 0.99999869 
55.92500000 0.99999867 
55.97500000 0.99999865 
56.02500000 0.99999862 
56.07500000 0.99999860 
56.12500000 0.99999857 
56.17500000 0.99999855 
56.22500000 0.99999852 
56.27500000 0.99999850 
56.32500000 0.99999847 
56.37500000 0.99999844 
56.42500000 0.99999842 
56.47500000 0.99999839 
56.52500000 0.99999836 
56.57500000 0.99999833 
56.62500000 0.99999830 
56.67500000 0.99999827 
56.72500000 0.99999824 
56.77500000 0.99999821 
56.82500000 0.99999818 
56.87500000 0.99999815 
56.92500000 0.99999811 
56.97500000 0.99999808 
57.02500000 0.99999805 
57.07500000 0.99999801 
57.12500000 0.99999798 
57.17500000 0.99999794 
57.22500000 0.99999790 
57.27500000 0.99999787 
57.32500000 0.99999783 
57.37500000 0.99999779 
57.42500000 0.99999775 
57.47500000 0.99999771 
57.52500000 0.99999767 
57.57500000 0.99999763 
57.62500000 0.99999759 
57.67500000 0.99999755 
57.72500000 0.99999750 
57.77500000 0.99999746 
57.82500000 0.99999741 
57.87500000 0.99999737 
57.92500000 0.99999732 
57.97500000 0.99999727 
58.02500000 0.99999722 
58.07500000 0.99999718 
58.12500000 0.99999713 
58.17500000 0.99999707 
58.22500000 0.99999702 
58.27500000 0.99999697 
58.32500000 0.99999692 
58.37500000 0.99999686 
58.42500000 0.99999681 
58.47500000 0.99999675 
58.52500000 0.99999669 
58.57500000 0.99999663 
58.62500000 0.99999657 
58.67500000 0.99999651 
58.72500000 0.99999645 
58.77500000 0.99999639 
58.82500000 0.99999633 
58.87500000 0.99999626 
58.92500000 0.99999619 
58.97500000 0.99999613 
59.02500000 0.99999606 
59.07500000 0.99999599 
59.12500000 0.99999592 
59.17500000 0.99999585 
59.22500000 0.99999577 
59.27500000 0.99999570 
59.32500000 0.99999562 
59.37500000 0.99999554 
59.42500000 0.99999546 
59.47500000 0.99999538 
59.52500000 0.99999530 
59.57500000 0.99999522 
59.62500000 0.99999513 
59.67500000 0.99999505 
59.72500000 0.99999496 
59.77500000 0.99999487 
59.82500000 0.99999478 
59.87500000 0.99999469 
59.92500000 0.99999459 
59.97500000 0.99999450 
60.02500000 0.99999440 
60.07500000 0.99999430 
60.12500000 0.99999420 
60.17500000 0.99999410 
60.22500000 0.99999399 
60.27500000 0.99999389 
60.32500000 0.99999378 
60.37500000 0.99999367 
60.42500000 0.99999356 
60.47500000 0.99999344 
60.52500000 0.99999333 
60.57500000 0.99999321 
60.62500000 0.99999309 
60.67500000 0.99999297 
60.72500000 0.99999284 
60.77500000 0.99999272 
60.82500000 0.99999259 
60.87500000 0.99999246 
60.92500000 0.99999232 
60.97500000 0.99999219 
61.02500000 0.99999205 
61.07500000 0.99999191 
61.12500000 0.99999176 
61.17500000 0.99999162 
61.22500000 0.99999147 
61.27500000 0.99999132 
61.32500000 0.99999117 
61.37500000 0.99999101 
61.42500000 0.99999085 
61.47500000 0.99999069 
61.52500000 0.99999052 
61.57500000 0.99999036 
61.62500000 0.99999019 
61.67500000 0.99999001 
61.72500000 0.99998984 
61.77500000 0.99998966 
61.82500000 0.99998947 
61.87500000 0.99998929 
61.92500000 0.99998910 
61.97500000 0.99998890 
62.02500000 0.99998871 
62.07500000 0.99998851 
62.12500000 0.99998830 
62.17500000 0.99998810 
62.22500000 0.99998789 
62.27500000 0.99998767 
62.32500000 0.99998745 
62.37500000 0.99998723 
62.42500000 0.99998701 
62.47500000 0.99998678 
62.52500000 0.99998654 
62.57500000 0.99998630 
62.62500000 0.99998606 
62.67500000 0.99998581 
62.72500000 0.99998556 
62.77500000 0.99998531 
62.82500000 0.99998505 
62.87500000 0.99998478 
62.92500000 0.99998451 
62.97500000 0.99998424 
63.02500000 0.99998396 
63.07500000 0.99998368 
63.12500000 0.99998339 
63.17500000 0.99998309 
63.22500000 0.99998279 
63.27500000 0.99998249 
63.32500000 0.99998218 
63.37500000 0.99998186 
63.42500000 0.99998154 
63.47500000 0.99998122 
63.52500000 0.99998088 
63.57500000 0.99998055 
63.62500000 0.99998020 
63.67500000 0.99997985 
63.72500000 0.99997949 
63.77500000 0.99997913 
63.82500000 0.99997876 
63.87500000 0.99997839 
63.92500000 0.99997800 
63.97500000 0.99997761 
64.02500000 0.99997722 
64.07500000 0.99997681 
64.12500000 0.99997640 
64.17500000 0.99997599 
64.22500000 0.99997556 
64.27500000 0.99997513 
64.32500000 0.99997469 
64.37500000 0.99997424 
64.42500000 0.99997379 
64.47500000 0.99997332 
64.52500000 0.99997285 
64.57500000 0.99997237 
64.62500000 0.99997188 
64.67500000 0.99997138 
64.72500000 0.99997088 
64.77500000 0.99997036 
64.82500000 0.99996983 
64.87500000 0.99996930 
64.92500000 0.99996876 
64.97500000 0.99996820 
65.02500000 0.99996764 
65.07500000 0.99996707 
65.12500000 0.99996649 
65.17500000 0.99996589 
65.22500000 0.99996529 
65.27500000 0.99996467 
65.32500000 0.99996405 
65.37500000 0.99996341 
65.42500000 0.99996277 
65.47500000 0.99996211 
65.52500000 0.99996144 
65.57500000 0.99996075 
65.62500000 0.99996006 
65.67500000 0.99995935 
65.72500000 0.99995863 
65.77500000 0.99995790 
65.82500000 0.99995715 
65.87500000 0.99995640 
65.92500000 0.99995562 
65.97500000 0.99995484 
66.02500000 0.99995404 
66.07500000 0.99995323 
66.12500000 0.99995240 
66.17500000 0.99995156 
66.22500000 0.99995070 
66.27500000 0.99994982 
66.32500000 0.99994894 
66.37500000 0.99994803 
66.42500000 0.99994711 
66.47500000 0.99994618 
66.52500000 0.99994522 
66.57500000 0.99994425 
66.62500000 0.99994327 
66.67500000 0.99994226 
66.72500000 0.99994124 
66.77500000 0.99994020 
66.82500000 0.99993914 
66.87500000 0.99993807 
66.92500000 0.99993697 
66.97500000 0.99993585 
67.02500000 0.99993472 
67.07500000 0.99993356 
67.12500000 0.99993239 
67.17500000 0.99993119 
67.22500000 0.99992997 
67.27500000 0.99992873 
67.32500000 0.99992747 
67.37500000 0.99992619 
67.42500000 0.99992488 
67.47500000 0.99992355 
67.52500000 0.99992220 
67.57500000 0.99992082 
67.62500000 0.99991942 
67.67500000 0.99991799 
67.72500000 0.99991654 
67.77500000 0.99991506 
67.82500000 0.99991356 
67.87500000 0.99991203 
67.92500000 0.99991047 
67.97500000 0.99990889 
68.02500000 0.99990727 
68.07500000 0.99990563 
68.12500000 0.99990396 
68.17500000 0.99990226 
68.22500000 0.99990053 
68.27500000 0.99989877 
68.32500000 0.99989698 
68.37500000 0.99989516 
68.42500000 0.99989330 
68.47500000 0.99989141 
68.52500000 0.99988949 
68.57500000 0.99988753 
68.62500000 0.99988554 
68.67500000 0.99988352 
68.72500000 0.99988145 
68.77500000 0.99987935 
68.82500000 0.99987722 
68.87500000 0.99987505 
68.92500000 0.99987283 
68.97500000 0.99987058 
69.02500000 0.99986829 
69.07500000 0.99986596 
69.12500000 0.99986359 
69.17500000 0.99986117 
69.22500000 0.99985872 
69.27500000 0.99985621 
69.32500000 0.99985367 
69.37500000 0.99985108 
69.42500000 0.99984844 
69.47500000 0.99984576 
69.52500000 0.99984303 
69.57500000 0.99984025 
69.62500000 0.99983742 
69.67500000 0.99983455 
69.72500000 0.99983162 
69.77500000 0.99982864 
69.82500000 0.99982560 
69.87500000 0.99982252 
69.92500000 0.99981937 
69.97500000 0.99981618 
70.02500000 0.99981292 
70.07500000 0.99980961 
70.12500000 0.99980624 
70.17500000 0.99980281 
70.22500000 0.99979932 
70.27500000 0.99979577 
70.32500000 0.99979215 
70.37500000 0.99978847 
70.42500000 0.99978473 
70.47500000 0.99978092 
70.52500000 0.99977704 
70.57500000 0.99977310 
70.62500000 0.99976908 
70.67500000 0.99976499 
70.72500000 0.99976083 
70.77500000 0.99975660 
70.82500000 0.99975229 
70.87500000 0.99974791 
70.92500000 0.99974344 
70.97500000 0.99973890 
71.02500000 0.99973428 
71.07500000 0.99972958 
71.12500000 0.99972479 
71.17500000 0.99971992 
71.22500000 0.99971496 
71.27500000 0.99970992 
71.32500000 0.99970478 
71.37500000 0.99969956 
71.42500000 0.99969424 
71.47500000 0.99968883 
71.52500000 0.99968332 
71.57500000 0.99967771 
71.62500000 0.99967201 
71.67500000 0.99966620 
71.72500000 0.99966030 
71.77500000 0.99965428 
71.82500000 0.99964816 
71.87500000 0.99964194 
71.92500000 0.99963560 
71.97500000 0.99962915 
72.02500000 0.99962259 
72.07500000 0.99961591 
72.12500000 0.99960911 
72.17500000 0.99960219 
72.22500000 0.99959515 
72.27500000 0.99958798 
72.32500000 0.99958069 
72.37500000 0.99957327 
72.42500000 0.99956572 
72.47500000 0.99955803 
72.52500000 0.99955021 
72.57500000 0.99954225 
72.62500000 0.99953415 
72.67500000 0.99952590 
72.72500000 0.99951751 
72.77500000 0.99950897 
72.82500000 0.99950028 
72.87500000 0.99949144 
72.92500000 0.99948244 
72.97500000 0.99947328 
73.02500000 0.99946396 
73.07500000 0.99945447 
73.12500000 0.99944481 
73.17500000 0.99943499 
73.22500000 0.99942499 
73.27500000 0.99941481 
73.32500000 0.99940446 
73.37500000 0.99939392 
73.42500000 0.99938319 
73.47500000 0.99937228 
73.52500000 0.99936117 
73.57500000 0.99934987 
73.62500000 0.99933836 
73.67500000 0.99932665 
73.72500000 0.99931474 
73.77500000 0.99930261 
73.82500000 0.99929027 
73.87500000 0.99927771 
73.92500000 0.99926493 
73.97500000 0.99925192 
74.02500000 0.99923869 
74.07500000 0.99922522 
74.12500000 0.99921151 
74.17500000 0.99919756 
74.22500000 0.99918336 
74.27500000 0.99916891 
74.32500000 0.99915420 
74.37500000 0.99913924 
74.42500000 0.99912401 
74.47500000 0.99910851 
74.52500000 0.99909274 
74.57500000 0.99907669 
74.62500000 0.99906035 
74.67500000 0.99904373 
74.72500000 0.99902681 
74.77500000 0.99900959 
74.82500000 0.99899207 
74.87500000 0.99897424 
74.92500000 0.99895609 
74.97500000 0.99893762 
75.02500000 0.99891883 
75.07500000 0.99889970 
75.12500000 0.99888024 
75.17500000 0.99886043 
75.22500000 0.99884027 
75.27500000 0.99881976 
75.32500000 0.99879888 
75.37500000 0.99877764 
75.42500000 0.99875602 
75.47500000 0.99873401 
75.52500000 0.99871162 
75.57500000 0.99868883 
75.62500000 0.99866564 
75.67500000 0.99864204 
75.72500000 0.99861802 
75.77500000 0.99859358 
75.82500000 0.99856871 
75.87500000 0.99854340 
75.92500000 0.99851764 
75.97500000 0.99849142 
76.02500000 0.99846475 
76.07500000 0.99843760 
76.12500000 0.99840997 
76.17500000 0.99838185 
76.22500000 0.99835324 
76.27500000 0.99832412 
76.32500000 0.99829449 
76.37500000 0.99826433 
76.42500000 0.99823364 
76.47500000 0.99820241 
76.52500000 0.99817063 
76.57500000 0.99813829 
76.62500000 0.99810538 
76.67500000 0.99807188 
76.72500000 0.99803780 
76.77500000 0.99800311 
76.82500000 0.99796781 
76.87500000 0.99793189 
76.92500000 0.99789533 
76.97500000 0.99785813 
77.02500000 0.99782027 
77.07500000 0.99778174 
77.12500000 0.99774254 
77.17500000 0.99770264 
77.22500000 0.99766204 
77.27500000 0.99762072 
77.32500000 0.99757868 
77.37500000 0.99753589 
77.42500000 0.99749235 
77.47500000 0.99744804 
77.52500000 0.99740295 
77.57500000 0.99735706 
77.62500000 0.99731036 
77.67500000 0.99726284 
77.72500000 0.99721449 
77.77500000 0.99716528 
77.82500000 0.99711520 
77.87500000 0.99706424 
77.92500000 0.99701239 
77.97500000 0.99695962 
78.02500000 0.99690592 
78.07500000 0.99685127 
78.12500000 0.99679566 
78.17500000 0.99673907 
78.22500000 0.99668149 
78.27500000 0.99662289 
78.32500000 0.99656325 
78.37500000 0.99650257 
78.42500000 0.99644082 
78.47500000 0.99637799 
78.52500000 0.99631404 
78.57500000 0.99624897 
78.62500000 0.99618276 
78.67500000 0.99611538 
78.72500000 0.99604682 
78.77500000 0.99597704 
78.82500000 0.99590605 
78.87500000 0.99583380 
78.92500000 0.99576028 
78.97500000 0.99568547 
79.02500000 0.99560934 
79.07500000 0.99553188 
79.12500000 0.99545305 
79.17500000 0.99537284 
79.22500000 0.99529122 
79.27500000 0.99520817 
79.32500000 0.99512365 
79.37500000 0.99503765 
79.42500000 0.99495014 
79.47500000 0.99486109 
79.52500000 0.99477048 
79.57500000 0.99467828 
79.62500000 0.99458446 
79.67500000 0.99448900 
79.72500000 0.99439185 
79.77500000 0.99429301 
79.82500000 0.99419243 
79.87500000 0.99409008 
79.92500000 0.99398594 
79.97500000 0.99387998 
80.02500000 0.99377215 
80.07500000 0.99366244 
80.12500000 0.99355080 
80.17500000 0.99343721 
80.22500000 0.99332163 
80.27500000 0.99320402 
80.32500000 0.99308435 
80.37500000 0.99296259 
80.42500000 0.99283870 
80.47500000 0.99271264 
80.52500000 0.99258437 
80.57500000 0.99245386 
80.62500000 0.99232107 
80.67500000 0.99218595 
80.72500000 0.99204847 
80.77500000 0.99190859 
80.82500000 0.99176627 
80.87500000 0.99162145 
80.92500000 0.99147411 
80.97500000 0.99132420 
81.02500000 0.99117167 
81.07500000 0.99101647 
81.12500000 0.99085857 
81.17500000 0.99069792 
81.22500000 0.99053446 
81.27500000 0.99036815 
81.32500000 0.99019894 
81.37500000 0.99002679 
81.42500000 0.98985163 
81.47500000 0.98967343 
81.52500000 0.98949212 
81.57500000 0.98930766 
81.62500000 0.98911998 
81.67500000 0.98892905 
81.72500000 0.98873479 
81.77500000 0.98853715 
81.82500000 0.98833608 
81.87500000 0.98813152 
81.92500000 0.98792341 
81.97500000 0.98771168 
82.02500000 0.98749628 
82.07500000 0.98727714 
82.12500000 0.98705420 
82.17500000 0.98682740 
82.22500000 0.98659666 
82.27500000 0.98636193 
82.32500000 0.98612314 
82.37500000 0.98588021 
82.42500000 0.98563308 
82.47500000 0.98538167 
82.52500000 0.98512592 
82.57500000 0.98486575 
82.62500000 0.98460109 
82.67500000 0.98433185 
82.72500000 0.98405797 
82.77500000 0.98377937 
82.82500000 0.98349596 
82.87500000 0.98320767 
82.92500000 0.98291442 
82.97500000 0.98261611 
83.02500000 0.98231267 
83.07500000 0.98200402 
83.12500000 0.98169006 
83.17500000 0.98137070 
83.22500000 0.98104586 
83.27500000 0.98071544 
83.32500000 0.98037936 
83.37500000 0.98003752 
83.42500000 0.97968982 
83.47500000 0.97933616 
83.52500000 0.97897646 
83.57500000 0.97861060 
83.62500000 0.97823849 
83.67500000 0.97786002 
83.72500000 0.97747510 
83.77500000 0.97708361 
83.82500000 0.97668544 
83.87500000 0.97628049 
83.92500000 0.97586864 
83.97500000 0.97544979 
84.02500000 0.97502382 
84.07500000 0.97459062 
84.12500000 0.97415006 
84.17500000 0.97370202 
84.22500000 0.97324640 
84.27500000 0.97278305 
84.32500000 0.97231187 
84.37500000 0.97183272 
84.42500000 0.97134547 
84.47500000 0.97085000 
84.52500000 0.97034617 
84.57500000 0.96983385 
84.62500000 0.96931290 
84.67500000 0.96878319 
84.72500000 0.96824458 
84.77500000 0.96769692 
84.82500000 0.96714008 
84.87500000 0.96657390 
84.92500000 0.96599825 
84.97500000 0.96541297 
85.02500000 0.96481791 
85.07500000 0.96421291 
85.12500000 0.96359783 
85.17500000 0.96297250 
85.22500000 0.96233677 
85.27500000 0.96169048 
85.32500000 0.96103345 
85.37500000 0.96036553 
85.42500000 0.95968655 
85.47500000 0.95899634 
85.52500000 0.95829473 
85.57500000 0.95758153 
85.62500000 0.95685659 
85.67500000 0.95611971 
85.72500000 0.95537071 
85.77500000 0.95460943 
85.82500000 0.95383566 
85.87500000 0.95304922 
85.92500000 0.95224993 
85.97500000 0.95143759 
86.02500000 0.95061201 
86.07500000 0.94977299 
86.12500000 0.94892033 
86.17500000 0.94805384 
86.22500000 0.94717331 
86.27500000 0.94627854 
86.32500000 0.94536931 
86.37500000 0.94444543 
86.42500000 0.94350667 
86.47500000 0.94255283 
86.52500000 0.94158369 
86.57500000 0.94059903 
86.62500000 0.93959863 
86.67500000 0.93858228 
86.72500000 0.93754974 
86.77500000 0.93650079 
86.82500000 0.93543520 
86.87500000 0.93435274 
86.92500000 0.93325317 
86.97500000 0.93213628 
87.02500000 0.93100180 
87.07500000 0.92984952 
87.12500000 0.92867918 
87.17500000 0.92749055 
87.22500000 0.92628339 
87.27500000 0.92505743 
87.32500000 0.92381245 
87.37500000 0.92254818 
87.42500000 0.92126437 
87.47500000 0.91996079 
87.52500000 0.91863716 
87.57500000 0.91729323 
87.62500000 0.91592875 
87.67500000 0.91454345 
87.72500000 0.91313708 
87.77500000 0.91170937 
87.82500000 0.91026007 
87.87500000 0.90878890 
87.92500000 0.90729560 
87.97500000 0.90577991 
88.02500000 0.90424155 
88.07500000 0.90268027 
88.12500000 0.90109578 
88.17500000 0.89948783 
88.22500000 0.89785613 
88.27500000 0.89620043 
88.32500000 0.89452044 
88.37500000 0.89281590 
88.42500000 0.89108654 
88.47500000 0.88933208 
88.52500000 0.88755225 
88.57500000 0.88574678 
88.62500000 0.88391540 
88.67500000 0.88205784 
88.72500000 0.88017383 
88.77500000 0.87826310 
88.82500000 0.87632537 
88.87500000 0.87436039 
88.92500000 0.87236788 
88.97500000 0.87034759 
89.02500000 0.86829924 
89.07500000 0.86622257 
89.12500000 0.86411733 
89.17500000 0.86198325 
89.22500000 0.85982008 
89.27500000 0.85762757 
89.32500000 0.85540545 
89.37500000 0.85315350 
89.42500000 0.85087145 
89.47500000 0.84855906 
89.52500000 0.84621611 
89.57500000 0.84384234 
89.62500000 0.84143753 
89.67500000 0.83900145 
89.72500000 0.83653387 
89.77500000 0.83403458 
89.82500000 0.83150337 
89.87500000 0.82894001 
89.92500000 0.82634430 
89.97500000 0.82371606 
90.02500000 0.82105507 
90.07500000 0.81836116 
90.12500000 0.81563414 
90.17500000 0.81287384 
90.22500000 0.81008008 
90.27500000 0.80725271 
90.32500000 0.80439156 
90.37500000 0.80149650 
90.42500000 0.79856739 
90.47500000 0.79560408 
90.52500000 0.79260646 
90.57500000 0.78957442 
90.62500000 0.78650785 
90.67500000 0.78340664 
90.72500000 0.78027072 
90.77500000 0.77710001 
90.82500000 0.77389443 
90.87500000 0.77065394 
90.92500000 0.76737848 
90.97500000 0.76406803 
91.02500000 0.76072255 
91.07500000 0.75734203 
91.12500000 0.75392648 
91.17500000 0.75047590 
91.22500000 0.74699031 
91.27500000 0.74346976 
91.32500000 0.73991429 
91.37500000 0.73632396 
91.42500000 0.73269886 
91.47500000 0.72903906 
91.52500000 0.72534467 
91.57500000 0.72161581 
91.62500000 0.71785262 
91.67500000 0.71405523 
91.72500000 0.71022381 
91.77500000 0.70635854 
91.82500000 0.70245961 
91.87500000 0.69852723 
91.92500000 0.69456162 
91.97500000 0.69056302 
92.02500000 0.68653169 
92.07500000 0.68246790 
92.12500000 0.67837194 
92.17500000 0.67424412 
92.22500000 0.67008475 
92.27500000 0.66589418 
92.32500000 0.66167277 
92.37500000 0.65742089 
92.42500000 0.65313894 
92.47500000 0.64882731 
92.52500000 0.64448644 
92.57500000 0.64011677 
92.62500000 0.63571877 
92.67500000 0.63129291 
92.72500000 0.62683968 
92.77500000 0.62235961 
92.82500000 0.61785322 
92.87500000 0.61332107 
92.92500000 0.60876372 
92.97500000 0.60418175 
93.02500000 0.59957576 
93.07500000 0.59494637 
93.12500000 0.59029423 
93.17500000 0.58561996 
93.22500000 0.58092426 
93.27500000 0.57620779 
93.32500000 0.57147125 
93.37500000 0.56671538 
93.42500000 0.56194088 
93.47500000 0.55714852 
93.52500000 0.55233904 
93.57500000 0.54751323 
93.62500000 0.54267188 
93.67500000 0.53781578 
93.72500000 0.53294576 
93.77500000 0.52806264 
93.82500000 0.52316727 
93.87500000 0.51826049 
93.92500000 0.51334318 
93.97500000 0.50841621 
94.02500000 0.50348046 
94.07500000 0.49853684 
94.12500000 0.49358624 
94.17500000 0.48862959 
94.22500000 0.48366780 
94.27500000 0.47870180 
94.32500000 0.47373253 
94.37500000 0.46876094 
94.42500000 0.46378798 
94.47500000 0.45881459 
94.52500000 0.45384174 
94.57500000 0.44887038 
94.62500000 0.44390149 
94.67500000 0.43893603 
94.72500000 0.43397496 
94.77500000 0.42901926 
94.82500000 0.42406990 
94.87500000 0.41912784 
94.92500000 0.41419406 
94.97500000 0.40926951 
95.02500000 0.40435516 
95.07500000 0.39945197 
95.12500000 0.39456089 
95.17500000 0.38968287 
95.22500000 0.38481886 
95.27500000 0.37996979 
95.32500000 0.37513659 
95.37500000 0.37032018 
95.42500000 0.36552147 
95.47500000 0.36074138 
95.52500000 0.35598078 
95.57500000 0.35124057 
95.62500000 0.34652162 
95.67500000 0.34182478 
95.72500000 0.33715090 
95.77500000 0.33250081 
95.82500000 0.32787533 
95.87500000 0.32327528 
95.92500000 0.31870142 
95.97500000 0.31415455 
96.02500000 0.30963541 
96.07500000 0.30514476 
96.12500000 0.30068330 
96.17500000 0.29625175 
96.22500000 0.29185080 
96.27500000 0.28748112 
96.32500000 0.28314335 
96.37500000 0.27883812 
96.42500000 0.27456606 
96.47500000 0.27032775 
96.52500000 0.26612375 
96.57500000 0.26195464 
96.62500000 0.25782092 
96.67500000 0.25372312 
96.72500000 0.24966172 
96.77500000 0.24563718 
96.82500000 0.24164996 
96.87500000 0.23770047 
96.92500000 0.23378913 
96.97500000 0.22991630 
97.02500000 0.22608235 
97.07500000 0.22228761 
97.12500000 0.21853241 
97.17500000 0.21481703 
97.22500000 0.21114174 
97.27500000 0.20750680 
97.32500000 0.20391243 
97.37500000 0.20035884 
97.42500000 0.19684622 
97.47500000 0.19337473 
97.52500000 0.18994452 
97.57500000 0.18655571 
97.62500000 0.18320841 
97.67500000 0.17990270 
97.72500000 0.17663863 
97.77500000 0.17341627 
97.82500000 0.17023562 
97.87500000 0.16709670 
97.92500000 0.16399950 
97.97500000 0.16094398 
98.02500000 0.15793010 
98.07500000 0.15495779 
98.12500000 0.15202697 
98.17500000 0.14913753 
98.22500000 0.14628937 
98.27500000 0.14348235 
98.32500000 0.14071632 
98.37500000 0.13799112 
98.42500000 0.13530658 
98.47500000 0.13266250 
98.52500000 0.13005868 
98.57500000 0.12749491 
98.62500000 0.12497094 
98.67500000 0.12248655 
98.72500000 0.12004147 
98.77500000 0.11763544 
98.82500000 0.11526818 
98.87500000 0.11293941 
98.92500000 0.11064883 
98.97500000 0.10839613 
99.02500000 0.10618099 
99.07500000 0.10400310 
99.12500000 0.10186212 
99.17500000 0.09975770 
99.22500000 0.09768951 
99.27500000 0.09565719 
99.32500000 0.09366037 
99.37500000 0.09169869 
99.42500000 0.08977177 
99.47500000 0.08787925 
99.52500000 0.08602073 
99.57500000 0.08419582 
99.62500000 0.08240415 
99.67500000 0.08064531 
99.72500000 0.07891891 
99.77500000 0.07722454 
99.82500000 0.07556180 
99.87500000 0.07393028 
99.92500000 0.07232959 
99.97500000 0.07075930 
100.02500000 0.06921901 
100.07500000 0.06770830 
100.12500000 0.06622677 
100.17500000 0.06477400 
100.22500000 0.06334959 
100.27500000 0.06195310 
100.32500000 0.06058415 
100.37500000 0.05924231 
100.42500000 0.05792717 
100.47500000 0.05663833 
100.52500000 0.05537537 
100.57500000 0.05413790 
100.62500000 0.05292550 
100.67500000 0.05173778 
100.72500000 0.05057433 
100.77500000 0.04943476 
100.82500000 0.04831867 
100.87500000 0.04722566 
100.92500000 0.04615536 
100.97500000 0.04510737 
101.02500000 0.04408131 
101.07500000 0.04307679 
101.12500000 0.04209345 
101.17500000 0.04113090 
101.22500000 0.04018879 
101.27500000 0.03926673 
101.32500000 0.03836437 
101.37500000 0.03748135 
101.42500000 0.03661732 
101.47500000 0.03577192 
101.52500000 0.03494481 
101.57500000 0.03413565 
101.62500000 0.03334409 
101.67500000 0.03256980 
101.72500000 0.03181245 
101.77500000 0.03107173 
101.82500000 0.03034729 
101.87500000 0.02963884 
101.92500000 0.02894605 
101.97500000 0.02826862 
102.02500000 0.02760625 
102.07500000 0.02695863 
102.12500000 0.02632546 
102.17500000 0.02570647 
102.22500000 0.02510136 
102.27500000 0.02450985 
102.32500000 0.02393167 
102.37500000 0.02336654 
102.42500000 0.02281419 
102.47500000 0.02227436 
102.52500000 0.02174679 
102.57500000 0.02123122 
102.62500000 0.02072741 
102.67500000 0.02023510 
102.72500000 0.01975406 
102.77500000 0.01928404 
102.82500000 0.01882481 
102.87500000 0.01837614 
102.92500000 0.01793781 
102.97500000 0.01750959 
103.02500000 0.01709127 
103.07500000 0.01668263 
103.12500000 0.01628346 
103.17500000 0.01589356 
103.22500000 0.01551272 
103.27500000 0.01514074 
103.32500000 0.01477744 
103.37500000 0.01442262 
103.42500000 0.01407609 
103.47500000 0.01373767 
103.52500000 0.01340718 
103.57500000 0.01308445 
103.62500000 0.01276929 
103.67500000 0.01246155 
103.72500000 0.01216105 
103.77500000 0.01186763 
103.82500000 0.01158114 
103.87500000 0.01130142 
103.92500000 0.01102831 
103.97500000 0.01076166 
104.02500000 0.01050134 
104.07500000 0.01024718 
104.12500000 0.00999906 
104.17500000 0.00975684 
104.22500000 0.00952037 
104.27500000 0.00928954 
104.32500000 0.00906420 
104.37500000 0.00884424 
104.42500000 0.00862953 
104.47500000 0.00841995 
104.52500000 0.00821537 
104.57500000 0.00801569 
104.62500000 0.00782079 
104.67500000 0.00763056 
104.72500000 0.00744489 
104.77500000 0.00726367 
104.82500000 0.00708681 
104.87500000 0.00691419 
104.92500000 0.00674572 
104.97500000 0.00658131 
105.02500000 0.00642085 
105.07500000 0.00626426 
105.12500000 0.00611144 
105.17500000 0.00596231 
105.22500000 0.00581677 
105.27500000 0.00567475 
105.32500000 0.00553616 
105.37500000 0.00540091 
105.42500000 0.00526894 
105.47500000 0.00514016 
105.52500000 0.00501450 
105.57500000 0.00489188 
105.62500000 0.00477223 
105.67500000 0.00465548 
105.72500000 0.00454156 
105.77500000 0.00443040 
105.82500000 0.00432194 
105.87500000 0.00421612 
105.92500000 0.00411287 
105.97500000 0.00401212 
106.02500000 0.00391382 
106.07500000 0.00381792 
106.12500000 0.00372434 
106.17500000 0.00363305 
106.22500000 0.00354397 
106.27500000 0.00345707 
106.32500000 0.00337228 
106.37500000 0.00328956 
106.42500000 0.00320885 
106.47500000 0.00313012 
106.52500000 0.00305330 
106.57500000 0.00297836 
106.62500000 0.00290524 
106.67500000 0.00283391 
106.72500000 0.00276433 
106.77500000 0.00269644 
106.82500000 0.00263021 
106.87500000 0.00256560 
106.92500000 0.00250257 
106.97500000 0.00244108 
107.02500000 0.00238109 
107.07500000 0.00232257 
107.12500000 0.00226548 
107.17500000 0.00220979 
107.22500000 0.00215547 
107.27500000 0.00210247 
107.32500000 0.00205077 
107.37500000 0.00200034 
107.42500000 0.00195114 
107.47500000 0.00190315 
107.52500000 0.00185633 
107.57500000 0.00181066 
107.62500000 0.00176611 
107.67500000 0.00172266 
107.72500000 0.00168027 
107.77500000 0.00163892 
107.82500000 0.00159858 
107.87500000 0.00155923 
107.92500000 0.00152085 
107.97500000 0.00148341 
108.02500000 0.00144689 
108.07500000 0.00141127 
108.12500000 0.00137652 
108.17500000 0.00134262 
108.22500000 0.00130956 
108.27500000 0.00127731 
108.32500000 0.00124585 
108.37500000 0.00121516 
108.42500000 0.00118523 
108.47500000 0.00115604 
108.52500000 0.00112756 
108.57500000 0.00109978 
108.62500000 0.00107268 
108.67500000 0.00104625 
108.72500000 0.00102047 
108.77500000 0.00099533 
108.82500000 0.00097080 
108.87500000 0.00094688 
108.92500000 0.00092354 
108.97500000 0.00090078 
109.02500000 0.00087858 
109.07500000 0.00085692 
109.12500000 0.00083580 
109.17500000 0.00081520 
109.22500000 0.00079510 
109.27500000 0.00077550 
109.32500000 0.00075638 
109.37500000 0.00073774 
109.42500000 0.00071955 
109.47500000 0.00070181 
109.52500000 0.00068450 
109.57500000 0.00066762 
109.62500000 0.00065116 
109.67500000 0.00063511 
109.72500000 0.00061944 
109.77500000 0.00060417 
109.82500000 0.00058927 
109.87500000 0.00057474 
109.92500000 0.00056056 
109.97500000 0.00054674 
110.02500000 0.00053325 
110.07500000 0.00052010 
110.12500000 0.00050727 
110.17500000 0.00049476 
110.22500000 0.00048256 
110.27500000 0.00047065 
110.32500000 0.00045904 
110.37500000 0.00044772 
110.42500000 0.00043667 
110.47500000 0.00042590 
110.52500000 0.00041539 
110.57500000 0.00040515 
110.62500000 0.00039515 
110.67500000 0.00038540 
110.72500000 0.00037589 
110.77500000 0.00036662 
110.82500000 0.00035757 
110.87500000 0.00034875 
110.92500000 0.00034015 
110.97500000 0.00033175 
111.02500000 0.00032357 
111.07500000 0.00031559 
111.12500000 0.00030780 
111.17500000 0.00030020 
111.22500000 0.00029280 
111.27500000 0.00028557 
111.32500000 0.00027852 
111.37500000 0.00027165 
111.42500000 0.00026495 
111.47500000 0.00025841 
111.52500000 0.00025203 
111.57500000 0.00024581 
111.62500000 0.00023975 
111.67500000 0.00023383 
111.72500000 0.00022806 
111.77500000 0.00022243 
111.82500000 0.00021694 
111.87500000 0.00021159 
111.92500000 0.00020637 
111.97500000 0.00020127 
112.02500000 0.00019630 
112.07500000 0.00019146 
112.12500000 0.00018673 
112.17500000 0.00018213 
112.22500000 0.00017763 
112.27500000 0.00017325 
112.32500000 0.00016897 
112.37500000 0.00016480 
112.42500000 0.00016073 
112.47500000 0.00015676 
112.52500000 0.00015290 
112.57500000 0.00014912 
112.62500000 0.00014544 
112.67500000 0.00014185 
112.72500000 0.00013835 
112.77500000 0.00013493 
112.82500000 0.00013160 
112.87500000 0.00012836 
112.92500000 0.00012519 
112.97500000 0.00012210 
113.02500000 0.00011908 
113.07500000 0.00011614 
113.12500000 0.00011328 
113.17500000 0.00011048 
113.22500000 0.00010775 
113.27500000 0.00010509 
113.32500000 0.00010250 
113.37500000 0.00009997 
113.42500000 0.00009750 
113.47500000 0.00009509 
113.52500000 0.00009275 
113.57500000 0.00009046 
113.62500000 0.00008822 
113.67500000 0.00008605 
113.72500000 0.00008392 
113.77500000 0.00008185 
113.82500000 0.00007983 
113.87500000 0.00007786 
113.92500000 0.00007594 
113.97500000 0.00007406 
114.02500000 0.00007223 
114.07500000 0.00007045 
114.12500000 0.00006871 
114.17500000 0.00006702 
114.22500000 0.00006536 
114.27500000 0.00006375 
114.32500000 0.00006217 
114.37500000 0.00006064 
114.42500000 0.00005914 
114.47500000 0.00005768 
114.52500000 0.00005626 
114.57500000 0.00005487 
114.62500000 0.00005351 
114.67500000 0.00005219 
114.72500000 0.00005090 
114.77500000 0.00004965 
114.82500000 0.00004842 
114.87500000 0.00004723 
114.92500000 0.00004606 
114.97500000 0.00004492 
115.02500000 0.00004381 
115.07500000 0.00004273 
115.12500000 0.00004168 
115.17500000 0.00004065 
115.22500000 0.00003965 
115.27500000 0.00003867 
115.32500000 0.00003771 
115.37500000 0.00003678 
115.42500000 0.00003587 
115.47500000 0.00003499 
115.52500000 0.00003412 
115.57500000 0.00003328 
115.62500000 0.00003246 
115.67500000 0.00003166 
115.72500000 0.00003088 
115.77500000 0.00003011 
115.82500000 0.00002937 
115.87500000 0.00002865 
115.92500000 0.00002794 
115.97500000 0.00002725 
116.02500000 0.00002658 
116.07500000 0.00002592 
116.12500000 0.00002528 
116.17500000 0.00002466 
116.22500000 0.00002405 
116.27500000 0.00002345 
116.32500000 0.00002287 
116.37500000 0.00002231 
116.42500000 0.00002176 
116.47500000 0.00002122 
116.52500000 0.00002070 
116.57500000 0.00002019 
116.62500000 0.00001969 
116.67500000 0.00001920 
116.72500000 0.00001873 
116.77500000 0.00001827 
116.82500000 0.00001781 
116.87500000 0.00001737 
116.92500000 0.00001695 
116.97500000 0.00001653 
117.02500000 0.00001612 
117.07500000 0.00001572 
117.12500000 0.00001533 
117.17500000 0.00001495 
117.22500000 0.00001459 
117.27500000 0.00001423 
117.32500000 0.00001387 
117.37500000 0.00001353 
117.42500000 0.00001320 
117.47500000 0.00001287 
117.52500000 0.00001255 
117.57500000 0.00001224 
117.62500000 0.00001194 
117.67500000 0.00001165 
117.72500000 0.00001136 
117.77500000 0.00001108 
117.82500000 0.00001081 
117.87500000 0.00001054 
117.92500000 0.00001028 
117.97500000 0.00001002 
118.02500000 0.00000978 
118.07500000 0.00000954 
118.12500000 0.00000930 
118.17500000 0.00000907 
118.22500000 0.00000885 
118.27500000 0.00000863 
118.32500000 0.00000842 
118.37500000 0.00000821 
118.42500000 0.00000800 
118.47500000 0.00000781 
118.52500000 0.00000761 
118.57500000 0.00000743 
118.62500000 0.00000724 
118.67500000 0.00000706 
118.72500000 0.00000689 
118.77500000 0.00000672 
118.82500000 0.00000655 
118.87500000 0.00000639 
118.92500000 0.00000623 
118.97500000 0.00000608 
119.02500000 0.00000593 
119.07500000 0.00000578 
119.12500000 0.00000564 
119.17500000 0.00000550 
119.22500000 0.00000537 
119.27500000 0.00000523 
119.32500000 0.00000510 
119.37500000 0.00000498 
119.42500000 0.00000486 
119.47500000 0.00000474 
119.52500000 0.00000462 
119.57500000 0.00000450 
119.62500000 0.00000439 
119.67500000 0.00000428 
119.72500000 0.00000418 
119.77500000 0.00000408 
119.82500000 0.00000398 
119.87500000 0.00000388 
119.92500000 0.00000378 
119.97500000 0.00000369 
120.02500000 0.00000360 
120.07500000 0.00000351 
120.12500000 0.00000342 
120.17500000 0.00000334 
120.22500000 0.00000325 
120.27500000 0.00000317 
120.32500000 0.00000310 
120.37500000 0.00000302 
120.42500000 0.00000294 
120.47500000 0.00000287 
120.52500000 0.00000280 
120.57500000 0.00000273 
120.62500000 0.00000266 
120.67500000 0.00000260 
120.72500000 0.00000253 
120.77500000 0.00000247 
120.82500000 0.00000241 
120.87500000 0.00000235 
120.92500000 0.00000229 
120.97500000 0.00000224 
121.02500000 0.00000218 
121.07500000 0.00000213 
121.12500000 0.00000208 
121.17500000 0.00000202 
121.22500000 0.00000197 
121.27500000 0.00000193 
121.32500000 0.00000188 
121.37500000 0.00000183 
121.42500000 0.00000179 
121.47500000 0.00000174 
121.52500000 0.00000170 
121.57500000 0.00000166 
121.62500000 0.00000162 
121.67500000 0.00000158 
121.72500000 0.00000154 
121.77500000 0.00000150 
121.82500000 0.00000146 
121.87500000 0.00000143 
121.92500000 0.00000139 
121.97500000 0.00000136 
122.02500000 0.00000132 
122.07500000 0.00000129 
122.12500000 0.00000126 
122.17500000 0.00000123 
122.22500000 0.00000120 
122.27500000 0.00000117 
122.32500000 0.00000114 
122.37500000 0.00000111 
122.42500000 0.00000108 
122.47500000 0.00000106 
122.52500000 0.00000103 
122.57500000 0.00000101 
122.62500000 0.00000098 
122.67500000 0.00000096 
122.72500000 0.00000093 
122.77500000 0.00000091 
122.82500000 0.00000089 
122.87500000 0.00000087 
122.92500000 0.00000084 
122.97500000 0.00000082 
123.02500000 0.00000080 
123.07500000 0.00000078 
123.12500000 0.00000076 
123.17500000 0.00000074 
123.22500000 0.00000073 
123.27500000 0.00000071 
123.32500000 0.00000069 
123.37500000 0.00000067 
123.42500000 0.00000066 
123.47500000 0.00000064 
123.52500000 0.00000063 
123.57500000 0.00000061 
123.62500000 0.00000059 
123.67500000 0.00000058 
123.72500000 0.00000057 
123.77500000 0.00000055 
123.82500000 0.00000054 
123.87500000 0.00000052 
123.92500000 0.00000051 
123.97500000 0.00000050 
124.02500000 0.00000049 
124.07500000 0.00000047 
124.12500000 0.00000046 
124.17500000 0.00000045 
124.22500000 0.00000044 
124.27500000 0.00000043 
124.32500000 0.00000042 
124.37500000 0.00000041 
124.42500000 0.00000040 
124.47500000 0.00000039 
124.52500000 0.00000038 
124.57500000 0.00000037 
124.62500000 0.00000036 
124.67500000 0.00000035 
124.72500000 0.00000034 
124.77500000 0.00000033 
124.82500000 0.00000033 
124.87500000 0.00000032 
124.92500000 0.00000031 
124.97500000 0.00000030 
125.02500000 0.00000030 
125.07500000 0.00000029 
125.12500000 0.00000028 
125.17500000 0.00000027 
125.22500000 0.00000027 
125.27500000 0.00000026 
125.32500000 0.00000025 
125.37500000 0.00000025 
125.42500000 0.00000024 
125.47500000 0.00000024 
125.52500000 0.00000023 
125.57500000 0.00000022 
125.62500000 0.00000022 
125.67500000 0.00000021 
125.72500000 0.00000021 
125.77500000 0.00000020 
125.82500000 0.00000020 
125.87500000 0.00000019 
125.92500000 0.00000019 
125.97500000 0.00000018 
126.02500000 0.00000018 
126.07500000 0.00000017 
126.12500000 0.00000017 
126.17500000 0.00000017 
126.22500000 0.00000016 
126.27500000 0.00000016 
126.32500000 0.00000015 
126.37500000 0.00000015 
126.42500000 0.00000015 
126.47500000 0.00000014 
126.52500000 0.00000014 
126.57500000 0.00000014 
126.62500000 0.00000013 
126.67500000 0.00000013 
126.72500000 0.00000013 
126.77500000 0.00000012 
126.82500000 0.00000012 
126.87500000 0.00000012 
126.92500000 0.00000011 
126.97500000 0.00000011 
127.02500000 0.00000011 
127.07500000 0.00000011 
127.12500000 0.00000010 
127.17500000 0.00000010 
127.22500000 0.00000010 
127.27500000 0.00000010 
127.32500000 0.00000009 
127.37500000 0.00000009 
127.42500000 0.00000009 
127.47500000 0.00000009 
127.52500000 0.00000008 
127.57500000 0.00000008 
127.62500000 0.00000008 
127.67500000 0.00000008 
127.72500000 0.00000008 
127.77500000 0.00000007 
127.82500000 0.00000007 
127.87500000 0.00000007 
127.92500000 0.00000007 
127.97500000 0.00000007 
128.02500000 0.00000007 
128.07500000 0.00000006 
128.12500000 0.00000006 
128.17500000 0.00000006 
128.22500000 0.00000006 
128.27500000 0.00000006 
128.32500000 0.00000006 
128.37500000 0.00000006 
128.42500000 0.00000005 
128.47500000 0.00000005 
128.52500000 0.00000005 
128.57500000 0.00000005 
128.62500000 0.00000005 
128.67500000 0.00000005 
128.72500000 0.00000005 
128.77500000 0.00000005 
128.82500000 0.00000004 
128.87500000 0.00000004 
128.92500000 0.00000004 
128.97500000 0.00000004 
129.02500000 0.00000004 
129.07500000 0.00000004 
129.12500000 0.00000004 
129.17500000 0.00000004 
129.22500000 0.00000004 
129.27500000 0.00000004 
129.32500000 0.00000003 
129.37500000 0.00000003 
129.42500000 0.00000003 
129.47500000 0.00000003 
129.52500000 0.00000003 
129.57500000 0.00000003 
129.62500000 0.00000003 
129.67500000 0.00000003 
129.72500000 0.00000003 
129.77500000 0.00000003 
129.82500000 0.00000003 
129.87500000 0.00000003 
129.92500000 0.00000003 
129.97500000 0.00000002 
130.02500000 0.00000002 
130.07500000 0.00000002 
130.12500000 0.00000002 
130.17500000 0.00000002 
130.22500000 0.00000002 
130.27500000 0.00000002 
130.32500000 0.00000002 
130.37500000 0.00000002 
130.42500000 0.00000002 
130.47500000 0.00000002 
130.52500000 0.00000002 
130.57500000 0.00000002 
130.62500000 0.00000002 
130.67500000 0.00000002 
130.72500000 0.00000002 
130.77500000 0.00000002 
130.82500000 0.00000002 
130.87500000 0.00000002 
130.92500000 0.00000002 
130.97500000 0.00000002 
131.02500000 0.00000001 
131.07500000 0.00000001 
131.12500000 0.00000001 
131.17500000 0.00000001 
131.22500000 0.00000001 
131.27500000 0.00000001 
131.32500000 0.00000001 
131.37500000 0.00000001 
131.42500000 0.00000001 
131.47500000 0.00000001 
131.52500000 0.00000001 
131.57500000 0.00000001 
131.62500000 0.00000001 
131.67500000 0.00000001 
131.72500000 0.00000001 
131.77500000 0.00000001 
131.82500000 0.00000001 
131.87500000 0.00000001 
131.92500000 0.00000001 
131.97500000 0.00000001 
132.02500000 0.00000001 
132.07500000 0.00000001 
132.12500000 0.00000001 
132.17500000 0.00000001 
132.22500000 0.00000001 
132.27500000 0.00000001 
132.32500000 0.00000001 
132.37500000 0.00000001 
132.42500000 0.00000001 
132.47500000 0.00000001 
132.52500000 0.00000001 
132.57500000 0.00000001 
132.62500000 0.00000001 
132.67500000 0.00000001 
132.72500000 0.00000001 
132.77500000 0.00000001 
132.82500000 0.00000001 
132.87500000 0.00000001 
132.92500000 0.00000001 
132.97500000 0.00000001 
133.02500000 0.00000001 
133.07500000 0.00000001 
133.12500000 0.00000001 
133.17500000 0.00000001 
133.22500000 0.00000000 
133.27500000 0.00000000 
133.32500000 0.00000000 
133.37500000 0.00000000 
133.42500000 0.00000000 
133.47500000 0.00000000 
133.52500000 0.00000000 
133.57500000 0.00000000 
133.62500000 0.00000000 
133.67500000 0.00000000 
133.72500000 0.00000000 
133.77500000 0.00000000 
133.82500000 0.00000000 
133.87500000 0.00000000 
133.92500000 0.00000000 
133.97500000 0.00000000 
134.02500000 0.00000000 
134.07500000 0.00000000 
134.12500000 0.00000000 
134.17500000 0.00000000 
134.22500000 0.00000000 
134.27500000 0.00000000 
134.32500000 0.00000000 
134.37500000 0.00000000 
134.42500000 0.00000000 
134.47500000 0.00000000 
134.52500000 0.00000000 
134.57500000 0.00000000 
134.62500000 0.00000000 
134.67500000 0.00000000 
134.72500000 0.00000000 
134.77500000 0.00000000 
134.82500000 0.00000000 
134.87500000 0.00000000 
134.92500000 0.00000000 
134.97500000 0.00000000 
135.02500000 0.00000000 
135.07500000 0.00000000 
135.12500000 0.00000000 
135.17500000 0.00000000 
135.22500000 0.00000000 
135.27500000 0.00000000 
135.32500000 0.00000000 
135.37500000 0.00000000 
135.42500000 0.00000000 
135.47500000 0.00000000 
135.52500000 0.00000000 
135.57500000 0.00000000 
135.62500000 0.00000000 
135.67500000 0.00000000 
135.72500000 0.00000000 
135.77500000 0.00000000 
135.82500000 0.00000000 
135.87500000 0.00000000 
135.92500000 0.00000000 
135.97500000 0.00000000 
136.02500000 0.00000000 
136.07500000 0.00000000 
136.12500000 0.00000000 
136.17500000 0.00000000 
136.22500000 0.00000000 
136.27500000 0.00000000 
136.32500000 0.00000000 
136.37500000 0.00000000 
136.42500000 0.00000000 
136.47500000 0.00000000 
136.52500000 0.00000000 
136.57500000 0.00000000 
136.62500000 0.00000000 
136.67500000 0.00000000 
136.72500000 0.00000000 
136.77500000 0.00000000 
136.82500000 0.00000000 
136.87500000 0.00000000 
136.92500000 0.00000000 
136.97500000 0.00000000 
137.02500000 0.00000000 
137.07500000 0.00000000 
137.12500000 0.00000000 
137.17500000 0.00000000 
137.22500000 0.00000000 
137.27500000 0.00000000 
137.32500000 0.00000000 
137.37500000 0.00000000 
137.42500000 0.00000000 
137.47500000 0.00000000 
137.52500000 0.00000000 
137.57500000 0.00000000 
137.62500000 0.00000000 
137.67500000 0.00000000 
137.72500000 0.00000000 
137.77500000 0.00000000 
137.82500000 0.00000000 
137.87500000 0.00000000 
137.92500000 0.00000000 
137.97500000 0.00000000 
138.02500000 0.00000000 
138.07500000 0.00000000 
138.12500000 0.00000000 
138.17500000 0.00000000 
138.22500000 0.00000000 
138.27500000 0.00000000 
138.32500000 0.00000000 
138.37500000 0.00000000 
138.42500000 0.00000000 
138.47500000 0.00000000 
138.52500000 0.00000000 
138.57500000 0.00000000 
138.62500000 0.00000000 
138.67500000 0.00000000 
138.72500000 0.00000000 
138.77500000 0.00000000 
138.82500000 0.00000000 
138.87500000 0.00000000 
138.92500000 0.00000000 
138.97500000 0.00000000 
139.02500000 0.00000000 
139.07500000 0.00000000 
139.12500000 0.00000000 
139.17500000 0.00000000 
139.22500000 0.00000000 
139.27500000 0.00000000 
139.32500000 0.00000000 
139.37500000 0.00000000 
139.42500000 0.00000000 
139.47500000 0.00000000 
139.52500000 0.00000000 
139.57500000 0.00000000 
139.62500000 0.00000000 
139.67500000 0.00000000 
139.72500000 0.00000000 
139.77500000 0.00000000 
139.82500000 0.00000000 
139.87500000 0.00000000 
139.92500000 0.00000000 
139.97500000 0.00000000 
140.02500000 0.00000000 
140.07500000 0.00000000 
140.12500000 0.00000000 
140.17500000 0.00000000 
140.22500000 0.00000000 
140.27500000 0.00000000 
140.32500000 0.00000000 
140.37500000 0.00000000 
140.42500000 0.00000000 
140.47500000 0.00000000 
140.52500000 0.00000000 
140.57500000 0.00000000 
140.62500000 0.00000000 
140.67500000 0.00000000 
140.72500000 0.00000000 
140.77500000 0.00000000 
140.82500000 0.00000000 
140.87500000 0.00000000 
140.92500000 0.00000000 
140.97500000 0.00000000 
141.02500000 0.00000000 
141.07500000 0.00000000 
141.12500000 0.00000000 
141.17500000 0.00000000 
141.22500000 0.00000000 
141.27500000 0.00000000 
141.32500000 0.00000000 
141.37500000 0.00000000 
141.42500000 0.00000000 
141.47500000 0.00000000 
141.52500000 0.00000000 
141.57500000 0.00000000 
141.62500000 0.00000000 
141.67500000 0.00000000 
141.72500000 0.00000000 
141.77500000 0.00000000 
141.82500000 0.00000000 
141.87500000 0.00000000 
141.92500000 0.00000000 
141.97500000 0.00000000 
142.02500000 0.00000000 
142.07500000 0.00000000 
142.12500000 0.00000000 
142.17500000 0.00000000 
142.22500000 0.00000000 
142.27500000 0.00000000 
142.32500000 0.00000000 
142.37500000 0.00000000 
142.42500000 0.00000000 
142.47500000 0.00000000 
142.52500000 0.00000000 
142.57500000 0.00000000 
142.62500000 0.00000000 
142.67500000 0.00000000 
142.72500000 0.00000000 
142.77500000 0.00000000 
142.82500000 0.00000000 
142.87500000 0.00000000 
142.92500000 0.00000000 
142.97500000 0.00000000 
143.02500000 0.00000000 
143.07500000 0.00000000 
143.12500000 0.00000000 
143.17500000 0.00000000 
143.22500000 0.00000000 
143.27500000 0.00000000 
143.32500000 0.00000000 
143.37500000 0.00000000 
143.42500000 0.00000000 
143.47500000 0.00000000 
143.52500000 0.00000000 
143.57500000 0.00000000 
143.62500000 0.00000000 
143.67500000 0.00000000 
143.72500000 0.00000000 
143.77500000 0.00000000 
143.82500000 0.00000000 
143.87500000 0.00000000 
143.92500000 0.00000000 
143.97500000 0.00000000 
144.02500000 0.00000000 
144.07500000 0.00000000 
144.12500000 0.00000000 
144.17500000 0.00000000 
144.22500000 0.00000000 
144.27500000 0.00000000 
144.32500000 0.00000000 
144.37500000 0.00000000 
144.42500000 0.00000000 
144.47500000 0.00000000 
144.52500000 0.00000000 
144.57500000 0.00000000 
144.62500000 0.00000000 
144.67500000 0.00000000 
144.72500000 0.00000000 
144.77500000 0.00000000 
144.82500000 0.00000000 
144.87500000 0.00000000 
144.92500000 0.00000000 
144.97500000 0.00000000 
145.02500000 0.00000000 
145.07500000 0.00000000 
145.12500000 0.00000000 
145.17500000 0.00000000 
145.22500000 0.00000000 
145.27500000 0.00000000 
145.32500000 0.00000000 
145.37500000 0.00000000 
145.42500000 0.00000000 
145.47500000 0.00000000 
145.52500000 0.00000000 
145.57500000 0.00000000 
145.62500000 0.00000000 
145.67500000 0.00000000 
145.72500000 0.00000000 
145.77500000 0.00000000 
145.82500000 0.00000000 
145.87500000 0.00000000 
145.92500000 0.00000000 
145.97500000 0.00000000 
146.02500000 0.00000000 
146.07500000 0.00000000 
146.12500000 0.00000000 
146.17500000 0.00000000 
146.22500000 0.00000000 
146.27500000 0.00000000 
146.32500000 0.00000000 
146.37500000 0.00000000 
146.42500000 0.00000000 
146.47500000 0.00000000 
146.52500000 0.00000000 
146.57500000 0.00000000 
146.62500000 0.00000000 
146.67500000 0.00000000 
146.72500000 0.00000000 
146.77500000 0.00000000 
146.82500000 0.00000000 
146.87500000 0.00000000 
146.92500000 0.00000000 
146.97500000 0.00000000 
147.02500000 0.00000000 
147.07500000 0.00000000 
147.12500000 0.00000000 
147.17500000 0.00000000 
147.22500000 0.00000000 
147.27500000 0.00000000 
147.32500000 0.00000000 
147.37500000 0.00000000 
147.42500000 0.00000000 
147.47500000 0.00000000 
147.52500000 0.00000000 
147.57500000 0.00000000 
147.62500000 0.00000000 
147.67500000 0.00000000 
147.72500000 0.00000000 
147.77500000 0.00000000 
147.82500000 0.00000000 
147.87500000 0.00000000 
147.92500000 0.00000000 
147.97500000 0.00000000 
148.02500000 0.00000000 
148.07500000 0.00000000 
148.12500000 0.00000000 
148.17500000 0.00000000 
148.22500000 0.00000000 
148.27500000 0.00000000 
148.32500000 0.00000000 
148.37500000 0.00000000 
148.42500000 0.00000000 
148.47500000 0.00000000 
148.52500000 0.00000000 
148.57500000 0.00000000 
148.62500000 0.00000000 
148.67500000 0.00000000 
148.72500000 0.00000000 
148.77500000 0.00000000 
148.82500000 0.00000000 
148.87500000 0.00000000 
148.92500000 0.00000000 
148.97500000 0.00000000 
149.02500000 0.00000000 
149.07500000 0.00000000 
149.12500000 0.00000000 
149.17500000 0.00000000 
149.22500000 0.00000000 
149.27500000 0.00000000 
149.32500000 0.00000000 
149.37500000 0.00000000 
149.42500000 0.00000000 
149.47500000 0.00000000 
149.52500000 0.00000000 
149.57500000 0.00000000 
149.62500000 0.00000000 
149.67500000 0.00000000 
149.72500000 0.00000000 
149.77500000 0.00000000 
149.82500000 0.00000000 
149.87500000 0.00000000 
149.92500000 0.00000000 
149.97500000 0.00000000 
150.02500000 0.00000000 
150.07500000 0.00000000 
150.12500000 0.00000000 
150.17500000 0.00000000 
150.22500000 0.00000000 
150.27500000 0.00000000 
150.32500000 0.00000000 
150.37500000 0.00000000 
150.42500000 0.00000000 
150.47500000 0.00000000 
150.52500000 0.00000000 
150.57500000 0.00000000 
150.62500000 0.00000000 
150.67500000 0.00000000 
150.72500000 0.00000000 
150.77500000 0.00000000 
150.82500000 0.00000000 
150.87500000 0.00000000 
150.92500000 0.00000000 
150.97500000 0.00000000 
151.02500000 0.00000000 
151.07500000 0.00000000 
151.12500000 0.00000000 
151.17500000 0.00000000 
151.22500000 0.00000000 
151.27500000 0.00000000 
151.32500000 0.00000000 
151.37500000 0.00000000 
151.42500000 0.00000000 
151.47500000 0.00000000 
151.52500000 0.00000000 
151.57500000 0.00000000 
151.62500000 0.00000000 
151.67500000 0.00000000 
151.72500000 0.00000000 
151.77500000 0.00000000 
151.82500000 0.00000000 
151.87500000 0.00000000 
151.92500000 0.00000000 
151.97500000 0.00000000 
152.02500000 0.00000000 
152.07500000 0.00000000 
152.12500000 0.00000000 
152.17500000 0.00000000 
152.22500000 0.00000000 
152.27500000 0.00000000 
152.32500000 0.00000000 
152.37500000 0.00000000 
152.42500000 0.00000000 
152.47500000 0.00000000 
152.52500000 0.00000000 
152.57500000 0.00000000 
152.62500000 0.00000000 
152.67500000 0.00000000 
152.72500000 0.00000000 
152.77500000 0.00000000 
152.82500000 0.00000000 
152.87500000 0.00000000 
152.92500000 0.00000000 
152.97500000 0.00000000 
153.02500000 0.00000000 
153.07500000 0.00000000 
153.12500000 0.00000000 
153.17500000 0.00000000 
153.22500000 0.00000000 
153.27500000 0.00000000 
153.32500000 0.00000000 
153.37500000 0.00000000 
153.42500000 0.00000000 
153.47500000 0.00000000 
153.52500000 0.00000000 
153.57500000 0.00000000 
153.62500000 0.00000000 
153.67500000 0.00000000 
153.72500000 0.00000000 
153.77500000 0.00000000 
153.82500000 0.00000000 
153.87500000 0.00000000 
153.92500000 0.00000000 
153.97500000 0.00000000 
154.02500000 0.00000000 
154.07500000 0.00000000 
154.12500000 0.00000000 
154.17500000 0.00000000 
154.22500000 0.00000000 
154.27500000 0.00000000 
154.32500000 0.00000000 
154.37500000 0.00000000 
154.42500000 0.00000000 
154.47500000 0.00000000 
154.52500000 0.00000000 
154.57500000 0.00000000 
154.62500000 0.00000000 
154.67500000 0.00000000 
154.72500000 0.00000000 
154.77500000 0.00000000 
154.82500000 0.00000000 
154.87500000 0.00000000 
154.92500000 0.00000000 
154.97500000 0.00000000 
155.02500000 0.00000000 
155.07500000 0.00000000 
155.12500000 0.00000000 
155.17500000 0.00000000 
155.22500000 0.00000000 
155.27500000 0.00000000 
155.32500000 0.00000000 
155.37500000 0.00000000 
155.42500000 0.00000000 
155.47500000 0.00000000 
155.52500000 0.00000000 
155.57500000 0.00000000 
155.62500000 0.00000000 
155.67500000 0.00000000 
155.72500000 0.00000000 
155.77500000 0.00000000 
155.82500000 0.00000000 
155.87500000 0.00000000 
155.92500000 0.00000000 
155.97500000 0.00000000 
156.02500000 0.00000000 
156.07500000 0.00000000 
156.12500000 0.00000000 
156.17500000 0.00000000 
156.22500000 0.00000000 
156.27500000 0.00000000 
156.32500000 0.00000000 
156.37500000 0.00000000 
156.42500000 0.00000000 
156.47500000 0.00000000 
156.52500000 0.00000000 
156.57500000 0.00000000 
156.62500000 0.00000000 
156.67500000 0.00000000 
156.72500000 0.00000000 
156.77500000 0.00000000 
156.82500000 0.00000000 
156.87500000 0.00000000 
156.92500000 0.00000000 
156.97500000 0.00000000 
157.02500000 0.00000000 
157.07500000 0.00000000 
157.12500000 0.00000000 
157.17500000 0.00000000 
157.22500000 0.00000000 
157.27500000 0.00000000 
157.32500000 0.00000000 
157.37500000 0.00000000 
157.42500000 0.00000000 
157.47500000 0.00000000 
157.52500000 0.00000000 
157.57500000 0.00000000 
157.62500000 0.00000000 
157.67500000 0.00000000 
157.72500000 0.00000000 
157.77500000 0.00000000 
157.82500000 0.00000000 
157.87500000 0.00000000 
157.92500000 0.00000000 
157.97500000 0.00000000 
158.02500000 0.00000000 
158.07500000 0.00000000 
158.12500000 0.00000000 
158.17500000 0.00000000 
158.22500000 0.00000000 
158.27500000 0.00000000 
158.32500000 0.00000000 
158.37500000 0.00000000 
158.42500000 0.00000000 
158.47500000 0.00000000 
158.52500000 0.00000000 
158.57500000 0.00000000 
158.62500000 0.00000000 
158.67500000 0.00000000 
158.72500000 0.00000000 
158.77500000 0.00000000 
158.82500000 0.00000000 
158.87500000 0.00000000 
158.92500000 0.00000000 
158.97500000 0.00000000 
159.02500000 0.00000000 
159.07500000 0.00000000 
159.12500000 0.00000000 
159.17500000 0.00000000 
159.22500000 0.00000000 
159.27500000 0.00000000 
159.32500000 0.00000000 
159.37500000 0.00000000 
159.42500000 0.00000000 
159.47500000 0.00000000 
159.52500000 0.00000000 
159.57500000 0.00000000 
159.62500000 0.00000000 
159.67500000 0.00000000 
159.72500000 0.00000000 
159.77500000 0.00000000 
159.82500000 0.00000000 
159.87500000 0.00000000 
159.92500000 0.00000000 
159.97500000 0.00000000 
160.02500000 0.00000000 
160.07500000 0.00000000 
160.12500000 0.00000000 
160.17500000 0.00000000 
160.22500000 0.00000000 
160.27500000 0.00000000 
160.32500000 0.00000000 
160.37500000 0.00000000 
160.42500000 0.00000000 
160.47500000 0.00000000 
160.52500000 0.00000000 
160.57500000 0.00000000 
160.62500000 0.00000000 
160.67500000 0.00000000 
160.72500000 0.00000000 
160.77500000 0.00000000 
160.82500000 0.00000000 
160.87500000 0.00000000 
160.92500000 0.00000000 
160.97500000 0.00000000 
161.02500000 0.00000000 
161.07500000 0.00000000 
161.12500000 0.00000000 
161.17500000 0.00000000 
161.22500000 0.00000000 
161.27500000 0.00000000 
161.32500000 0.00000000 
161.37500000 0.00000000 
161.42500000 0.00000000 
161.47500000 0.00000000 
161.52500000 0.00000000 
161.57500000 0.00000000 
161.62500000 0.00000000 
161.67500000 0.00000000 
161.72500000 0.00000000 
161.77500000 0.00000000 
161.82500000 0.00000000 
161.87500000 0.00000000 
161.92500000 0.00000000 
161.97500000 0.00000000 
162.02500000 0.00000000 
162.07500000 0.00000000 
162.12500000 0.00000000 
162.17500000 0.00000000 
162.22500000 0.00000000 
162.27500000 0.00000000 
162.32500000 0.00000000 
162.37500000 0.00000000 
162.42500000 0.00000000 
162.47500000 0.00000000 
162.52500000 0.00000000 
162.57500000 0.00000000 
162.62500000 0.00000000 
162.67500000 0.00000000 
162.72500000 0.00000000 
162.77500000 0.00000000 
162.82500000 0.00000000 
162.87500000 0.00000000 
162.92500000 0.00000000 
162.97500000 0.00000000 
163.02500000 0.00000000 
163.07500000 0.00000000 
163.12500000 0.00000000 
163.17500000 0.00000000 
163.22500000 0.00000000 
163.27500000 0.00000000 
163.32500000 0.00000000 
163.37500000 0.00000000 
163.42500000 0.00000000 
163.47500000 0.00000000 
163.52500000 0.00000000 
163.57500000 0.00000000 
163.62500000 0.00000000 
163.67500000 0.00000000 
163.72500000 0.00000000 
163.77500000 0.00000000 
163.82500000 0.00000000 
163.87500000 0.00000000 
163.92500000 0.00000000 
163.97500000 0.00000000 
164.02500000 0.00000000 
164.07500000 0.00000000 
164.12500000 0.00000000 
164.17500000 0.00000000 
164.22500000 0.00000000 
164.27500000 0.00000000 
164.32500000 0.00000000 
164.37500000 0.00000000 
164.42500000 0.00000000 
164.47500000 0.00000000 
164.52500000 0.00000000 
164.57500000 0.00000000 
164.62500000 0.00000000 
164.67500000 0.00000000 
164.72500000 0.00000000 
164.77500000 0.00000000 
164.82500000 0.00000000 
164.87500000 0.00000000 
164.92500000 0.00000000 
164.97500000 0.00000000 
165.02500000 0.00000000 
165.07500000 0.00000000 
165.12500000 0.00000000 
165.17500000 0.00000000 
165.22500000 0.00000000 
165.27500000 0.00000000 
165.32500000 0.00000000 
165.37500000 0.00000000 
165.42500000 0.00000000 
165.47500000 0.00000000 
165.52500000 0.00000000 
165.57500000 0.00000000 
165.62500000 0.00000000 
165.67500000 0.00000000 
165.72500000 0.00000000 
165.77500000 0.00000000 
165.82500000 0.00000000 
165.87500000 0.00000000 
165.92500000 0.00000000 
165.97500000 0.00000000 
166.02500000 0.00000000 
166.07500000 0.00000000 
166.12500000 0.00000000 
166.17500000 0.00000000 
166.22500000 0.00000000 
166.27500000 0.00000000 
166.32500000 0.00000000 
166.37500000 0.00000000 
166.42500000 0.00000000 
166.47500000 0.00000000 
166.52500000 0.00000000 
166.57500000 0.00000000 
166.62500000 0.00000000 
166.67500000 0.00000000 
166.72500000 0.00000000 
166.77500000 0.00000000 
166.82500000 0.00000000 
166.87500000 0.00000000 
166.92500000 0.00000000 
166.97500000 0.00000000 
167.02500000 0.00000000 
167.07500000 0.00000000 
167.12500000 0.00000000 
167.17500000 0.00000000 
167.22500000 0.00000000 
167.27500000 0.00000000 
167.32500000 0.00000000 
167.37500000 0.00000000 
167.42500000 0.00000000 
167.47500000 0.00000000 
167.52500000 0.00000000 
167.57500000 0.00000000 
167.62500000 0.00000000 
167.67500000 0.00000000 
167.72500000 0.00000000 
167.77500000 0.00000000 
167.82500000 0.00000000 
167.87500000 0.00000000 
167.92500000 0.00000000 
167.97500000 0.00000000 
168.02500000 0.00000000 
168.07500000 0.00000000 
168.12500000 0.00000000 
168.17500000 0.00000000 
168.22500000 0.00000000 
168.27500000 0.00000000 
168.32500000 0.00000000 
168.37500000 0.00000000 
168.42500000 0.00000000 
168.47500000 0.00000000 
168.52500000 0.00000000 
168.57500000 0.00000000 
168.62500000 0.00000000 
168.67500000 0.00000000 
168.72500000 0.00000000 
168.77500000 0.00000000 
168.82500000 0.00000000 
168.87500000 0.00000000 
168.92500000 0.00000000 
168.97500000 0.00000000 
169.02500000 0.00000000 
169.07500000 0.00000000 
169.12500000 0.00000000 
169.17500000 0.00000000 
169.22500000 0.00000000 
169.27500000 0.00000000 
169.32500000 0.00000000 
169.37500000 0.00000000 
169.42500000 0.00000000 
169.47500000 0.00000000 
169.52500000 0.00000000 
169.57500000 0.00000000 
169.62500000 0.00000000 
169.67500000 0.00000000 
169.72500000 0.00000000 
169.77500000 0.00000000 
169.82500000 0.00000000 
169.87500000 0.00000000 
169.92500000 0.00000000 
169.97500000 0.00000000 
170.02500000 0.00000000 
170.07500000 0.00000000 
170.12500000 0.00000000 
170.17500000 0.00000000 
170.22500000 0.00000000 
170.27500000 0.00000000 
170.32500000 0.00000000 
170.37500000 0.00000000 
170.42500000 0.00000000 
170.47500000 0.00000000 
170.52500000 0.00000000 
170.57500000 0.00000000 
170.62500000 0.00000000 
170.67500000 0.00000000 
170.72500000 0.00000000 
170.77500000 0.00000000 
170.82500000 0.00000000 
170.87500000 0.00000000 
170.92500000 0.00000000 
170.97500000 0.00000000 
171.02500000 0.00000000 
171.07500000 0.00000000 
171.12500000 0.00000000 
171.17500000 0.00000000 
171.22500000 0.00000000 
171.27500000 0.00000000 
171.32500000 0.00000000 
171.37500000 0.00000000 
171.42500000 0.00000000 
171.47500000 0.00000000 
171.52500000 0.00000000 
171.57500000 0.00000000 
171.62500000 0.00000000 
171.67500000 0.00000000 
171.72500000 0.00000000 
171.77500000 0.00000000 
171.82500000 0.00000000 
171.87500000 0.00000000 
171.92500000 0.00000000 
171.97500000 0.00000000 
172.02500000 0.00000000 
172.07500000 0.00000000 
172.12500000 0.00000000 
172.17500000 0.00000000 
172.22500000 0.00000000 
172.27500000 0.00000000 
172.32500000 0.00000000 
172.37500000 0.00000000 
172.42500000 0.00000000 
172.47500000 0.00000000 
172.52500000 0.00000000 
172.57500000 0.00000000 
172.62500000 0.00000000 
172.67500000 0.00000000 
172.72500000 0.00000000 
172.77500000 0.00000000 
172.82500000 0.00000000 
172.87500000 0.00000000 
172.92500000 0.00000000 
172.97500000 0.00000000 
173.02500000 0.00000000 
173.07500000 0.00000000 
173.12500000 0.00000000 
173.17500000 0.00000000 
173.22500000 0.00000000 
173.27500000 0.00000000 
173.32500000 0.00000000 
173.37500000 0.00000000 
173.42500000 0.00000000 
173.47500000 0.00000000 
173.52500000 0.00000000 
173.57500000 0.00000000 
173.62500000 0.00000000 
173.67500000 0.00000000 
173.72500000 0.00000000 
173.77500000 0.00000000 
173.82500000 0.00000000 
173.87500000 0.00000000 
173.92500000 0.00000000 
173.97500000 0.00000000 
174.02500000 0.00000000 
174.07500000 0.00000000 
174.12500000 0.00000000 
174.17500000 0.00000000 
174.22500000 0.00000000 
174.27500000 0.00000000 
174.32500000 0.00000000 
174.37500000 0.00000000 
174.42500000 0.00000000 
174.47500000 0.00000000 
174.52500000 0.00000000 
174.57500000 0.00000000 
174.62500000 0.00000000 
174.67500000 0.00000000 
174.72500000 0.00000000 
174.77500000 0.00000000 
174.82500000 0.00000000 
174.87500000 0.00000000 
174.92500000 0.00000000 
174.97500000 0.00000000 
175.02500000 0.00000000 
175.07500000 0.00000000 
175.12500000 0.00000000 
175.17500000 0.00000000 
175.22500000 0.00000000 
175.27500000 0.00000000 
175.32500000 0.00000000 
175.37500000 0.00000000 
175.42500000 0.00000000 
175.47500000 0.00000000 
175.52500000 0.00000000 
175.57500000 0.00000000 
175.62500000 0.00000000 
175.67500000 0.00000000 
175.72500000 0.00000000 
175.77500000 0.00000000 
175.82500000 0.00000000 
175.87500000 0.00000000 
175.92500000 0.00000000 
175.97500000 0.00000000 
176.02500000 0.00000000 
176.07500000 0.00000000 
176.12500000 0.00000000 
176.17500000 0.00000000 
176.22500000 0.00000000 
176.27500000 0.00000000 
176.32500000 0.00000000 
176.37500000 0.00000000 
176.42500000 0.00000000 
176.47500000 0.00000000 
176.52500000 0.00000000 
176.57500000 0.00000000 
176.62500000 0.00000000 
176.67500000 0.00000000 
176.72500000 0.00000000 
176.77500000 0.00000000 
176.82500000 0.00000000 
176.87500000 0.00000000 
176.92500000 0.00000000 
176.97500000 0.00000000 
177.02500000 0.00000000 
177.07500000 0.00000000 
177.12500000 0.00000000 
177.17500000 0.00000000 
177.22500000 0.00000000 
177.27500000 0.00000000 
177.32500000 0.00000000 
177.37500000 0.00000000 
177.42500000 0.00000000 
177.47500000 0.00000000 
177.52500000 0.00000000 
177.57500000 0.00000000 
177.62500000 0.00000000 
177.67500000 0.00000000 
177.72500000 0.00000000 
177.77500000 0.00000000 
177.82500000 0.00000000 
177.87500000 0.00000000 
177.92500000 0.00000000 
177.97500000 0.00000000 
178.02500000 0.00000000 
178.07500000 0.00000000 
178.12500000 0.00000000 
178.17500000 0.00000000 
178.22500000 0.00000000 
178.27500000 0.00000000 
178.32500000 0.00000000 
178.37500000 0.00000000 
178.42500000 0.00000000 
178.47500000 0.00000000 
178.52500000 0.00000000 
178.57500000 0.00000000 
178.62500000 0.00000000 
178.67500000 0.00000000 
178.72500000 0.00000000 
178.77500000 0.00000000 
178.82500000 0.00000000 
178.87500000 0.00000000 
178.92500000 0.00000000 
178.97500000 0.00000000 
179.02500000 0.00000000 
179.07500000 0.00000000 
179.12500000 0.00000000 
179.17500000 0.00000000 
179.22500000 0.00000000 
179.27500000 0.00000000 
179.32500000 0.00000000 
179.37500000 0.00000000 
179.42500000 0.00000000 
179.47500000 0.00000000 
179.52500000 0.00000000 
179.57500000 0.00000000 
179.62500000 0.00000000 
179.67500000 0.00000000 
179.72500000 0.00000000 
179.77500000 0.00000000 
179.82500000 0.00000000 
179.87500000 0.00000000 
179.92500000 0.00000000 
179.97500000 0.00000000 
180.02500000 0.00000000 
180.07500000 0.00000000 
180.12500000 0.00000000 
180.17500000 0.00000000 
180.22500000 0.00000000 
180.27500000 0.00000000 
180.32500000 0.00000000 
180.37500000 0.00000000 
180.42500000 0.00000000 
180.47500000 0.00000000 
180.52500000 0.00000000 
180.57500000 0.00000000 
180.62500000 0.00000000 
180.67500000 0.00000000 
180.72500000 0.00000000 
180.77500000 0.00000000 
180.82500000 0.00000000 
180.87500000 0.00000000 
180.92500000 0.00000000 
180.97500000 0.00000000 
181.02500000 0.00000000 
181.07500000 0.00000000 
181.12500000 0.00000000 
181.17500000 0.00000000 
181.22500000 0.00000000 
181.27500000 0.00000000 
181.32500000 0.00000000 
181.37500000 0.00000000 
181.42500000 0.00000000 
181.47500000 0.00000000 
181.52500000 0.00000000 
181.57500000 0.00000000 
181.62500000 0.00000000 
181.67500000 0.00000000 
181.72500000 0.00000000 
181.77500000 0.00000000 
181.82500000 0.00000000 
181.87500000 0.00000000 
181.92500000 0.00000000 
181.97500000 0.00000000 
182.02500000 0.00000000 
182.07500000 0.00000000 
182.12500000 0.00000000 
182.17500000 0.00000000 
182.22500000 0.00000000 
182.27500000 0.00000000 
182.32500000 0.00000000 
182.37500000 0.00000000 
182.42500000 0.00000000 
182.47500000 0.00000000 
182.52500000 0.00000000 
182.57500000 0.00000000 
182.62500000 0.00000000 
182.67500000 0.00000000 
182.72500000 0.00000000 
182.77500000 0.00000000 
182.82500000 0.00000000 
182.87500000 0.00000000 
182.92500000 0.00000000 
182.97500000 0.00000000 
183.02500000 0.00000000 
183.07500000 0.00000000 
183.12500000 0.00000000 
183.17500000 0.00000000 
183.22500000 0.00000000 
183.27500000 0.00000000 
183.32500000 0.00000000 
183.37500000 0.00000000 
183.42500000 0.00000000 
183.47500000 0.00000000 
183.52500000 0.00000000 
183.57500000 0.00000000 
183.62500000 0.00000000 
183.67500000 0.00000000 
183.72500000 0.00000000 
183.77500000 0.00000000 
183.82500000 0.00000000 
183.87500000 0.00000000 
183.92500000 0.00000000 
183.97500000 0.00000000 
184.02500000 0.00000000 
184.07500000 0.00000000 
184.12500000 0.00000000 
184.17500000 0.00000000 
184.22500000 0.00000000 
184.27500000 0.00000000 
184.32500000 0.00000000 
184.37500000 0.00000000 
184.42500000 0.00000000 
184.47500000 0.00000000 
184.52500000 0.00000000 
184.57500000 0.00000000 
184.62500000 0.00000000 
184.67500000 0.00000000 
184.72500000 0.00000000 
184.77500000 0.00000000 
184.82500000 0.00000000 
184.87500000 0.00000000 
184.92500000 0.00000000 
184.97500000 0.00000000 
185.02500000 0.00000000 
185.07500000 0.00000000 
185.12500000 0.00000000 
185.17500000 0.00000000 
185.22500000 0.00000000 
185.27500000 0.00000000 
185.32500000 0.00000000 
185.37500000 0.00000000 
185.42500000 0.00000000 
185.47500000 0.00000000 
185.52500000 0.00000000 
185.57500000 0.00000000 
185.62500000 0.00000000 
185.67500000 0.00000000 
185.72500000 0.00000000 
185.77500000 0.00000000 
185.82500000 0.00000000 
185.87500000 0.00000000 
185.92500000 0.00000000 
185.97500000 0.00000000 
186.02500000 0.00000000 
186.07500000 0.00000000 
186.12500000 0.00000000 
186.17500000 0.00000000 
186.22500000 0.00000000 
186.27500000 0.00000000 
186.32500000 0.00000000 
186.37500000 0.00000000 
186.42500000 0.00000000 
186.47500000 0.00000000 
186.52500000 0.00000000 
186.57500000 0.00000000 
186.62500000 0.00000000 
186.67500000 0.00000000 
186.72500000 0.00000000 
186.77500000 0.00000000 
186.82500000 0.00000000 
186.87500000 0.00000000 
186.92500000 0.00000000 
186.97500000 0.00000000 
187.02500000 0.00000000 
187.07500000 0.00000000 
187.12500000 0.00000000 
187.17500000 0.00000000 
187.22500000 0.00000000 
187.27500000 0.00000000 
187.32500000 0.00000000 
187.37500000 0.00000000 
187.42500000 0.00000000 
187.47500000 0.00000000 
187.52500000 0.00000000 
187.57500000 0.00000000 
187.62500000 0.00000000 
187.67500000 0.00000000 
187.72500000 0.00000000 
187.77500000 0.00000000 
187.82500000 0.00000000 
187.87500000 0.00000000 
187.92500000 0.00000000 
187.97500000 0.00000000 
188.02500000 0.00000000 
188.07500000 0.00000000 
188.12500000 0.00000000 
188.17500000 0.00000000 
188.22500000 0.00000000 
188.27500000 0.00000000 
188.32500000 0.00000000 
188.37500000 0.00000000 
188.42500000 0.00000000 
188.47500000 0.00000000 
188.52500000 0.00000000 
188.57500000 0.00000000 
188.62500000 0.00000000 
188.67500000 0.00000000 
188.72500000 0.00000000 
188.77500000 0.00000000 
188.82500000 0.00000000 
188.87500000 0.00000000 
188.92500000 0.00000000 
188.97500000 0.00000000 
189.02500000 0.00000000 
189.07500000 0.00000000 
189.12500000 0.00000000 
189.17500000 0.00000000 
189.22500000 0.00000000 
189.27500000 0.00000000 
189.32500000 0.00000000 
189.37500000 0.00000000 
189.42500000 0.00000000 
189.47500000 0.00000000 
189.52500000 0.00000000 
189.57500000 0.00000000 
189.62500000 0.00000000 
189.67500000 0.00000000 
189.72500000 0.00000000 
189.77500000 0.00000000 
189.82500000 0.00000000 
189.87500000 0.00000000 
189.92500000 0.00000000 
189.97500000 0.00000000 
190.02500000 0.00000000 
190.07500000 0.00000000 
190.12500000 0.00000000 
190.17500000 0.00000000 
190.22500000 0.00000000 
190.27500000 0.00000000 
190.32500000 0.00000000 
190.37500000 0.00000000 
190.42500000 0.00000000 
190.47500000 0.00000000 
190.52500000 0.00000000 
190.57500000 0.00000000 
190.62500000 0.00000000 
190.67500000 0.00000000 
190.72500000 0.00000000 
190.77500000 0.00000000 
190.82500000 0.00000000 
190.87500000 0.00000000 
190.92500000 0.00000000 
190.97500000 0.00000000 
191.02500000 0.00000000 
191.07500000 0.00000000 
191.12500000 0.00000000 
191.17500000 0.00000000 
191.22500000 0.00000000 
191.27500000 0.00000000 
191.32500000 0.00000000 
191.37500000 0.00000000 
191.42500000 0.00000000 
191.47500000 0.00000000 
191.52500000 0.00000000 
191.57500000 0.00000000 
191.62500000 0.00000000 
191.67500000 0.00000000 
191.72500000 0.00000000 
191.77500000 0.00000000 
191.82500000 0.00000000 
191.87500000 0.00000000 
191.92500000 0.00000000 
191.97500000 0.00000000 
192.02500000 0.00000000 
192.07500000 0.00000000 
192.12500000 0.00000000 
192.17500000 0.00000000 
192.22500000 0.00000000 
192.27500000 0.00000000 
192.32500000 0.00000000 
192.37500000 0.00000000 
192.42500000 0.00000000 
192.47500000 0.00000000 
192.52500000 0.00000000 
192.57500000 0.00000000 
192.62500000 0.00000000 
192.67500000 0.00000000 
192.72500000 0.00000000 
192.77500000 0.00000000 
192.82500000 0.00000000 
192.87500000 0.00000000 
192.92500000 0.00000000 
192.97500000 0.00000000 
193.02500000 0.00000000 
193.07500000 0.00000000 
193.12500000 0.00000000 
193.17500000 0.00000000 
193.22500000 0.00000000 
193.27500000 0.00000000 
193.32500000 0.00000000 
193.37500000 0.00000000 
193.42500000 0.00000000 
193.47500000 0.00000000 
193.52500000 0.00000000 
193.57500000 0.00000000 
193.62500000 0.00000000 
193.67500000 0.00000000 
193.72500000 0.00000000 
193.77500000 0.00000000 
193.82500000 0.00000000 
193.87500000 0.00000000 
193.92500000 0.00000000 
193.97500000 0.00000000 
194.02500000 0.00000000 
194.07500000 0.00000000 
194.12500000 0.00000000 
194.17500000 0.00000000 
194.22500000 0.00000000 
194.27500000 0.00000000 
194.32500000 0.00000000 
194.37500000 0.00000000 
194.42500000 0.00000000 
194.47500000 0.00000000 
194.52500000 0.00000000 
194.57500000 0.00000000 
194.62500000 0.00000000 
194.67500000 0.00000000 
194.72500000 0.00000000 
194.77500000 0.00000000 
194.82500000 0.00000000 
194.87500000 0.00000000 
194.92500000 0.00000000 
194.97500000 0.00000000 
195.02500000 0.00000000 
195.07500000 0.00000000 
195.12500000 0.00000000 
195.17500000 0.00000000 
195.22500000 0.00000000 
195.27500000 0.00000000 
195.32500000 0.00000000 
195.37500000 0.00000000 
195.42500000 0.00000000 
195.47500000 0.00000000 
195.52500000 0.00000000 
195.57500000 0.00000000 
195.62500000 0.00000000 
195.67500000 0.00000000 
195.72500000 0.00000000 
195.77500000 0.00000000 
195.82500000 0.00000000 
195.87500000 0.00000000 
195.92500000 0.00000000 
195.97500000 0.00000000 
196.02500000 0.00000000 
196.07500000 0.00000000 
196.12500000 0.00000000 
196.17500000 0.00000000 
196.22500000 0.00000000 
196.27500000 0.00000000 
196.32500000 0.00000000 
196.37500000 0.00000000 
196.42500000 0.00000000 
196.47500000 0.00000000 
196.52500000 0.00000000 
196.57500000 0.00000000 
196.62500000 0.00000000 
196.67500000 0.00000000 
196.72500000 0.00000000 
196.77500000 0.00000000 
196.82500000 0.00000000 
196.87500000 0.00000000 
196.92500000 0.00000000 
196.97500000 0.00000000 
197.02500000 0.00000000 
197.07500000 0.00000000 
197.12500000 0.00000000 
197.17500000 0.00000000 
197.22500000 0.00000000 
197.27500000 0.00000000 
197.32500000 0.00000000 
197.37500000 0.00000000 
197.42500000 0.00000000 
197.47500000 0.00000000 
197.52500000 0.00000000 
197.57500000 0.00000000 
197.62500000 0.00000000 
197.67500000 0.00000000 
197.72500000 0.00000000 
197.77500000 0.00000000 
197.82500000 0.00000000 
197.87500000 0.00000000 
197.92500000 0.00000000 
197.97500000 0.00000000 
198.02500000 0.00000000 
198.07500000 0.00000000 
198.12500000 0.00000000 
198.17500000 0.00000000 
198.22500000 0.00000000 
198.27500000 0.00000000 
198.32500000 0.00000000 
198.37500000 0.00000000 
198.42500000 0.00000000 
198.47500000 0.00000000 
198.52500000 0.00000000 
198.57500000 0.00000000 
198.62500000 0.00000000 
198.67500000 0.00000000 
198.72500000 0.00000000 
198.77500000 0.00000000 
198.82500000 0.00000000 
198.87500000 0.00000000 
198.92500000 0.00000000 
198.97500000 0.00000000 
199.02500000 0.00000000 
199.07500000 0.00000000 
199.12500000 0.00000000 
199.17500000 0.00000000 
199.22500000 0.00000000 
199.27500000 0.00000000 
199.32500000 0.00000000 
199.37500000 0.00000000 
199.42500000 0.00000000 
199.47500000 0.00000000 
199.52500000 0.00000000 
199.57500000 0.00000000 
199.62500000 0.00000000 
199.67500000 0.00000000 
199.72500000 0.00000000 
199.77500000 0.00000000 
199.82500000 0.00000000 
199.87500000 0.00000000 
199.92500000 0.00000000 
199.97500000 0.00000000 
