0.02500000 1.00000000 
0.07500000 1.00000000 
0.12500000 1.00000000 
0.17500000 1.00000000 
0.22500000 1.00000000 
0.27500000 1.00000000 
0.32500000 1.00000000 
0.37500000 1.00000000 
0.42500000 1.00000000 
0.47500000 1.00000000 
0.52500000 1.00000000 
0.57500000 1.00000000 
0.62500000 1.00000000 
0.67500000 1.00000000 
0.72500000 1.00000000 
0.77500000 1.00000000 
0.82500000 1.00000000 
0.87500000 1.00000000 
0.92500000 1.00000000 
0.97500000 1.00000000 
1.02500000 1.00000000 
1.07500000 1.00000000 
1.12500000 1.00000000 
1.17500000 1.00000000 
1.22500000 1.00000000 
1.27500000 1.00000000 
1.32500000 1.00000000 
1.37500000 1.00000000 
1.42500000 1.00000000 
1.47500000 1.00000000 
1.52500000 1.00000000 
1.57500000 1.00000000 
1.62500000 1.00000000 
1.67500000 1.00000000 
1.72500000 1.00000000 
1.77500000 1.00000000 
1.82500000 1.00000000 
1.87500000 1.00000000 
1.92500000 1.00000000 
1.97500000 1.00000000 
2.02500000 1.00000000 
2.07500000 1.00000000 
2.12500000 1.00000000 
2.17500000 1.00000000 
2.22500000 1.00000000 
2.27500000 1.00000000 
2.32500000 1.00000000 
2.37500000 1.00000000 
2.42500000 1.00000000 
2.47500000 1.00000000 
2.52500000 1.00000000 
2.57500000 1.00000000 
2.62500000 1.00000000 
2.67500000 1.00000000 
2.72500000 1.00000000 
2.77500000 1.00000000 
2.82500000 1.00000000 
2.87500000 1.00000000 
2.92500000 1.00000000 
2.97500000 1.00000000 
3.02500000 1.00000000 
3.07500000 1.00000000 
3.12500000 1.00000000 
3.17500000 1.00000000 
3.22500000 1.00000000 
3.27500000 1.00000000 
3.32500000 1.00000000 
3.37500000 1.00000000 
3.42500000 1.00000000 
3.47500000 1.00000000 
3.52500000 1.00000000 
3.57500000 1.00000000 
3.62500000 1.00000000 
3.67500000 1.00000000 
3.72500000 1.00000000 
3.77500000 1.00000000 
3.82500000 1.00000000 
3.87500000 1.00000000 
3.92500000 1.00000000 
3.97500000 1.00000000 
4.02500000 1.00000000 
4.07500000 1.00000000 
4.12500000 1.00000000 
4.17500000 1.00000000 
4.22500000 1.00000000 
4.27500000 1.00000000 
4.32500000 1.00000000 
4.37500000 1.00000000 
4.42500000 1.00000000 
4.47500000 1.00000000 
4.52500000 1.00000000 
4.57500000 1.00000000 
4.62500000 1.00000000 
4.67500000 1.00000000 
4.72500000 1.00000000 
4.77500000 1.00000000 
4.82500000 1.00000000 
4.87500000 1.00000000 
4.92500000 1.00000000 
4.97500000 1.00000000 
5.02500000 1.00000000 
5.07500000 1.00000000 
5.12500000 1.00000000 
5.17500000 1.00000000 
5.22500000 1.00000000 
5.27500000 1.00000000 
5.32500000 1.00000000 
5.37500000 1.00000000 
5.42500000 1.00000000 
5.47500000 1.00000000 
5.52500000 1.00000000 
5.57500000 1.00000000 
5.62500000 1.00000000 
5.67500000 1.00000000 
5.72500000 1.00000000 
5.77500000 1.00000000 
5.82500000 1.00000000 
5.87500000 1.00000000 
5.92500000 1.00000000 
5.97500000 1.00000000 
6.02500000 1.00000000 
6.07500000 1.00000000 
6.12500000 1.00000000 
6.17500000 1.00000000 
6.22500000 1.00000000 
6.27500000 1.00000000 
6.32500000 1.00000000 
6.37500000 1.00000000 
6.42500000 1.00000000 
6.47500000 1.00000000 
6.52500000 1.00000000 
6.57500000 1.00000000 
6.62500000 1.00000000 
6.67500000 1.00000000 
6.72500000 1.00000000 
6.77500000 1.00000000 
6.82500000 1.00000000 
6.87500000 1.00000000 
6.92500000 1.00000000 
6.97500000 1.00000000 
7.02500000 1.00000000 
7.07500000 1.00000000 
7.12500000 1.00000000 
7.17500000 1.00000000 
7.22500000 1.00000000 
7.27500000 1.00000000 
7.32500000 1.00000000 
7.37500000 1.00000000 
7.42500000 1.00000000 
7.47500000 1.00000000 
7.52500000 1.00000000 
7.57500000 1.00000000 
7.62500000 1.00000000 
7.67500000 1.00000000 
7.72500000 1.00000000 
7.77500000 1.00000000 
7.82500000 1.00000000 
7.87500000 1.00000000 
7.92500000 1.00000000 
7.97500000 1.00000000 
8.02500000 1.00000000 
8.07500000 1.00000000 
8.12500000 1.00000000 
8.17500000 1.00000000 
8.22500000 1.00000000 
8.27500000 1.00000000 
8.32500000 1.00000000 
8.37500000 1.00000000 
8.42500000 1.00000000 
8.47500000 1.00000000 
8.52500000 1.00000000 
8.57500000 1.00000000 
8.62500000 1.00000000 
8.67500000 1.00000000 
8.72500000 1.00000000 
8.77500000 1.00000000 
8.82500000 1.00000000 
8.87500000 1.00000000 
8.92500000 1.00000000 
8.97500000 1.00000000 
9.02500000 1.00000000 
9.07500000 1.00000000 
9.12500000 1.00000000 
9.17500000 1.00000000 
9.22500000 1.00000000 
9.27500000 1.00000000 
9.32500000 1.00000000 
9.37500000 1.00000000 
9.42500000 1.00000000 
9.47500000 1.00000000 
9.52500000 1.00000000 
9.57500000 1.00000000 
9.62500000 1.00000000 
9.67500000 1.00000000 
9.72500000 1.00000000 
9.77500000 1.00000000 
9.82500000 1.00000000 
9.87500000 1.00000000 
9.92500000 1.00000000 
9.97500000 1.00000000 
10.02500000 1.00000000 
10.07500000 1.00000000 
10.12500000 1.00000000 
10.17500000 1.00000000 
10.22500000 1.00000000 
10.27500000 1.00000000 
10.32500000 1.00000000 
10.37500000 1.00000000 
10.42500000 1.00000000 
10.47500000 1.00000000 
10.52500000 1.00000000 
10.57500000 1.00000000 
10.62500000 1.00000000 
10.67500000 1.00000000 
10.72500000 1.00000000 
10.77500000 1.00000000 
10.82500000 1.00000000 
10.87500000 1.00000000 
10.92500000 1.00000000 
10.97500000 1.00000000 
11.02500000 1.00000000 
11.07500000 1.00000000 
11.12500000 1.00000000 
11.17500000 1.00000000 
11.22500000 1.00000000 
11.27500000 1.00000000 
11.32500000 1.00000000 
11.37500000 1.00000000 
11.42500000 1.00000000 
11.47500000 1.00000000 
11.52500000 1.00000000 
11.57500000 1.00000000 
11.62500000 1.00000000 
11.67500000 1.00000000 
11.72500000 1.00000000 
11.77500000 1.00000000 
11.82500000 1.00000000 
11.87500000 1.00000000 
11.92500000 1.00000000 
11.97500000 1.00000000 
12.02500000 1.00000000 
12.07500000 1.00000000 
12.12500000 1.00000000 
12.17500000 1.00000000 
12.22500000 1.00000000 
12.27500000 1.00000000 
12.32500000 1.00000000 
12.37500000 1.00000000 
12.42500000 1.00000000 
12.47500000 1.00000000 
12.52500000 1.00000000 
12.57500000 1.00000000 
12.62500000 1.00000000 
12.67500000 1.00000000 
12.72500000 1.00000000 
12.77500000 1.00000000 
12.82500000 1.00000000 
12.87500000 1.00000000 
12.92500000 1.00000000 
12.97500000 1.00000000 
13.02500000 1.00000000 
13.07500000 1.00000000 
13.12500000 1.00000000 
13.17500000 1.00000000 
13.22500000 1.00000000 
13.27500000 1.00000000 
13.32500000 1.00000000 
13.37500000 1.00000000 
13.42500000 1.00000000 
13.47500000 1.00000000 
13.52500000 1.00000000 
13.57500000 1.00000000 
13.62500000 1.00000000 
13.67500000 1.00000000 
13.72500000 1.00000000 
13.77500000 1.00000000 
13.82500000 1.00000000 
13.87500000 1.00000000 
13.92500000 1.00000000 
13.97500000 1.00000000 
14.02500000 1.00000000 
14.07500000 1.00000000 
14.12500000 1.00000000 
14.17500000 1.00000000 
14.22500000 1.00000000 
14.27500000 1.00000000 
14.32500000 1.00000000 
14.37500000 1.00000000 
14.42500000 1.00000000 
14.47500000 1.00000000 
14.52500000 1.00000000 
14.57500000 1.00000000 
14.62500000 1.00000000 
14.67500000 1.00000000 
14.72500000 1.00000000 
14.77500000 1.00000000 
14.82500000 1.00000000 
14.87500000 1.00000000 
14.92500000 1.00000000 
14.97500000 1.00000000 
15.02500000 1.00000000 
15.07500000 1.00000000 
15.12500000 1.00000000 
15.17500000 1.00000000 
15.22500000 1.00000000 
15.27500000 1.00000000 
15.32500000 1.00000000 
15.37500000 1.00000000 
15.42500000 1.00000000 
15.47500000 1.00000000 
15.52500000 1.00000000 
15.57500000 1.00000000 
15.62500000 1.00000000 
15.67500000 1.00000000 
15.72500000 1.00000000 
15.77500000 1.00000000 
15.82500000 1.00000000 
15.87500000 1.00000000 
15.92500000 1.00000000 
15.97500000 1.00000000 
16.02500000 1.00000000 
16.07500000 1.00000000 
16.12500000 1.00000000 
16.17500000 1.00000000 
16.22500000 1.00000000 
16.27500000 1.00000000 
16.32500000 1.00000000 
16.37500000 1.00000000 
16.42500000 1.00000000 
16.47500000 1.00000000 
16.52500000 1.00000000 
16.57500000 1.00000000 
16.62500000 1.00000000 
16.67500000 1.00000000 
16.72500000 1.00000000 
16.77500000 1.00000000 
16.82500000 1.00000000 
16.87500000 1.00000000 
16.92500000 1.00000000 
16.97500000 1.00000000 
17.02500000 1.00000000 
17.07500000 1.00000000 
17.12500000 1.00000000 
17.17500000 1.00000000 
17.22500000 1.00000000 
17.27500000 1.00000000 
17.32500000 1.00000000 
17.37500000 1.00000000 
17.42500000 1.00000000 
17.47500000 1.00000000 
17.52500000 1.00000000 
17.57500000 1.00000000 
17.62500000 1.00000000 
17.67500000 1.00000000 
17.72500000 1.00000000 
17.77500000 1.00000000 
17.82500000 1.00000000 
17.87500000 1.00000000 
17.92500000 1.00000000 
17.97500000 1.00000000 
18.02500000 1.00000000 
18.07500000 1.00000000 
18.12500000 1.00000000 
18.17500000 1.00000000 
18.22500000 1.00000000 
18.27500000 1.00000000 
18.32500000 1.00000000 
18.37500000 1.00000000 
18.42500000 1.00000000 
18.47500000 1.00000000 
18.52500000 1.00000000 
18.57500000 1.00000000 
18.62500000 1.00000000 
18.67500000 1.00000000 
18.72500000 1.00000000 
18.77500000 1.00000000 
18.82500000 1.00000000 
18.87500000 1.00000000 
18.92500000 1.00000000 
18.97500000 1.00000000 
19.02500000 1.00000000 
19.07500000 1.00000000 
19.12500000 1.00000000 
19.17500000 1.00000000 
19.22500000 1.00000000 
19.27500000 1.00000000 
19.32500000 1.00000000 
19.37500000 1.00000000 
19.42500000 1.00000000 
19.47500000 1.00000000 
19.52500000 1.00000000 
19.57500000 1.00000000 
19.62500000 1.00000000 
19.67500000 1.00000000 
19.72500000 1.00000000 
19.77500000 1.00000000 
19.82500000 1.00000000 
19.87500000 1.00000000 
19.92500000 1.00000000 
19.97500000 1.00000000 
20.02500000 1.00000000 
20.07500000 1.00000000 
20.12500000 1.00000000 
20.17500000 1.00000000 
20.22500000 1.00000000 
20.27500000 1.00000000 
20.32500000 1.00000000 
20.37500000 1.00000000 
20.42500000 1.00000000 
20.47500000 1.00000000 
20.52500000 1.00000000 
20.57500000 1.00000000 
20.62500000 1.00000000 
20.67500000 1.00000000 
20.72500000 1.00000000 
20.77500000 1.00000000 
20.82500000 1.00000000 
20.87500000 1.00000000 
20.92500000 1.00000000 
20.97500000 1.00000000 
21.02500000 1.00000000 
21.07500000 1.00000000 
21.12500000 0.99999999 
21.17500000 0.99999999 
21.22500000 0.99999999 
21.27500000 0.99999999 
21.32500000 0.99999999 
21.37500000 0.99999999 
21.42500000 0.99999999 
21.47500000 0.99999999 
21.52500000 0.99999999 
21.57500000 0.99999999 
21.62500000 0.99999999 
21.67500000 0.99999999 
21.72500000 0.99999999 
21.77500000 0.99999999 
21.82500000 0.99999999 
21.87500000 0.99999999 
21.92500000 0.99999999 
21.97500000 0.99999999 
22.02500000 0.99999999 
22.07500000 0.99999999 
22.12500000 0.99999999 
22.17500000 0.99999999 
22.22500000 0.99999999 
22.27500000 0.99999999 
22.32500000 0.99999999 
22.37500000 0.99999999 
22.42500000 0.99999999 
22.47500000 0.99999999 
22.52500000 0.99999999 
22.57500000 0.99999999 
22.62500000 0.99999999 
22.67500000 0.99999999 
22.72500000 0.99999999 
22.77500000 0.99999999 
22.82500000 0.99999999 
22.87500000 0.99999999 
22.92500000 0.99999999 
22.97500000 0.99999999 
23.02500000 0.99999999 
23.07500000 0.99999999 
23.12500000 0.99999999 
23.17500000 0.99999999 
23.22500000 0.99999999 
23.27500000 0.99999999 
23.32500000 0.99999999 
23.37500000 0.99999999 
23.42500000 0.99999999 
23.47500000 0.99999999 
23.52500000 0.99999999 
23.57500000 0.99999999 
23.62500000 0.99999999 
23.67500000 0.99999999 
23.72500000 0.99999998 
23.77500000 0.99999998 
23.82500000 0.99999998 
23.87500000 0.99999998 
23.92500000 0.99999998 
23.97500000 0.99999998 
24.02500000 0.99999998 
24.07500000 0.99999998 
24.12500000 0.99999998 
24.17500000 0.99999998 
24.22500000 0.99999998 
24.27500000 0.99999998 
24.32500000 0.99999998 
24.37500000 0.99999998 
24.42500000 0.99999998 
24.47500000 0.99999998 
24.52500000 0.99999998 
24.57500000 0.99999998 
24.62500000 0.99999998 
24.67500000 0.99999998 
24.72500000 0.99999998 
24.77500000 0.99999998 
24.82500000 0.99999998 
24.87500000 0.99999998 
24.92500000 0.99999997 
24.97500000 0.99999997 
25.02500000 0.99999997 
25.07500000 0.99999997 
25.12500000 0.99999997 
25.17500000 0.99999997 
25.22500000 0.99999997 
25.27500000 0.99999997 
25.32500000 0.99999997 
25.37500000 0.99999997 
25.42500000 0.99999997 
25.47500000 0.99999997 
25.52500000 0.99999997 
25.57500000 0.99999997 
25.62500000 0.99999997 
25.67500000 0.99999997 
25.72500000 0.99999996 
25.77500000 0.99999996 
25.82500000 0.99999996 
25.87500000 0.99999996 
25.92500000 0.99999996 
25.97500000 0.99999996 
26.02500000 0.99999996 
26.07500000 0.99999996 
26.12500000 0.99999996 
26.17500000 0.99999996 
26.22500000 0.99999996 
26.27500000 0.99999996 
26.32500000 0.99999995 
26.37500000 0.99999995 
26.42500000 0.99999995 
26.47500000 0.99999995 
26.52500000 0.99999995 
26.57500000 0.99999995 
26.62500000 0.99999995 
26.67500000 0.99999995 
26.72500000 0.99999995 
26.77500000 0.99999995 
26.82500000 0.99999994 
26.87500000 0.99999994 
26.92500000 0.99999994 
26.97500000 0.99999994 
27.02500000 0.99999994 
27.07500000 0.99999994 
27.12500000 0.99999994 
27.17500000 0.99999994 
27.22500000 0.99999993 
27.27500000 0.99999993 
27.32500000 0.99999993 
27.37500000 0.99999993 
27.42500000 0.99999993 
27.47500000 0.99999993 
27.52500000 0.99999993 
27.57500000 0.99999992 
27.62500000 0.99999992 
27.67500000 0.99999992 
27.72500000 0.99999992 
27.77500000 0.99999992 
27.82500000 0.99999992 
27.87500000 0.99999991 
27.92500000 0.99999991 
27.97500000 0.99999991 
28.02500000 0.99999991 
28.07500000 0.99999991 
28.12500000 0.99999990 
28.17500000 0.99999990 
28.22500000 0.99999990 
28.27500000 0.99999990 
28.32500000 0.99999990 
28.37500000 0.99999989 
28.42500000 0.99999989 
28.47500000 0.99999989 
28.52500000 0.99999989 
28.57500000 0.99999988 
28.62500000 0.99999988 
28.67500000 0.99999988 
28.72500000 0.99999988 
28.77500000 0.99999987 
28.82500000 0.99999987 
28.87500000 0.99999987 
28.92500000 0.99999987 
28.97500000 0.99999986 
29.02500000 0.99999986 
29.07500000 0.99999986 
29.12500000 0.99999985 
29.17500000 0.99999985 
29.22500000 0.99999985 
29.27500000 0.99999984 
29.32500000 0.99999984 
29.37500000 0.99999984 
29.42500000 0.99999983 
29.47500000 0.99999983 
29.52500000 0.99999983 
29.57500000 0.99999982 
29.62500000 0.99999982 
29.67500000 0.99999982 
29.72500000 0.99999981 
29.77500000 0.99999981 
29.82500000 0.99999980 
29.87500000 0.99999980 
29.92500000 0.99999980 
29.97500000 0.99999979 
30.02500000 0.99999979 
30.07500000 0.99999978 
30.12500000 0.99999978 
30.17500000 0.99999977 
30.22500000 0.99999977 
30.27500000 0.99999976 
30.32500000 0.99999976 
30.37500000 0.99999975 
30.42500000 0.99999975 
30.47500000 0.99999974 
30.52500000 0.99999974 
30.57500000 0.99999973 
30.62500000 0.99999973 
30.67500000 0.99999972 
30.72500000 0.99999971 
30.77500000 0.99999971 
30.82500000 0.99999970 
30.87500000 0.99999970 
30.92500000 0.99999969 
30.97500000 0.99999968 
31.02500000 0.99999968 
31.07500000 0.99999967 
31.12500000 0.99999966 
31.17500000 0.99999966 
31.22500000 0.99999965 
31.27500000 0.99999964 
31.32500000 0.99999963 
31.37500000 0.99999963 
31.42500000 0.99999962 
31.47500000 0.99999961 
31.52500000 0.99999960 
31.57500000 0.99999959 
31.62500000 0.99999958 
31.67500000 0.99999958 
31.72500000 0.99999957 
31.77500000 0.99999956 
31.82500000 0.99999955 
31.87500000 0.99999954 
31.92500000 0.99999953 
31.97500000 0.99999952 
32.02500000 0.99999951 
32.07500000 0.99999950 
32.12500000 0.99999949 
32.17500000 0.99999948 
32.22500000 0.99999947 
32.27500000 0.99999945 
32.32500000 0.99999944 
32.37500000 0.99999943 
32.42500000 0.99999942 
32.47500000 0.99999941 
32.52500000 0.99999939 
32.57500000 0.99999938 
32.62500000 0.99999937 
32.67500000 0.99999935 
32.72500000 0.99999934 
32.77500000 0.99999933 
32.82500000 0.99999931 
32.87500000 0.99999930 
32.92500000 0.99999928 
32.97500000 0.99999927 
33.02500000 0.99999925 
33.07500000 0.99999924 
33.12500000 0.99999922 
33.17500000 0.99999920 
33.22500000 0.99999919 
33.27500000 0.99999917 
33.32500000 0.99999915 
33.37500000 0.99999914 
33.42500000 0.99999912 
33.47500000 0.99999910 
33.52500000 0.99999908 
33.57500000 0.99999906 
33.62500000 0.99999904 
33.67500000 0.99999902 
33.72500000 0.99999900 
33.77500000 0.99999898 
33.82500000 0.99999896 
33.87500000 0.99999893 
33.92500000 0.99999891 
33.97500000 0.99999889 
34.02500000 0.99999886 
34.07500000 0.99999884 
34.12500000 0.99999882 
34.17500000 0.99999879 
34.22500000 0.99999877 
34.27500000 0.99999874 
34.32500000 0.99999871 
34.37500000 0.99999869 
34.42500000 0.99999866 
34.47500000 0.99999863 
34.52500000 0.99999860 
34.57500000 0.99999857 
34.62500000 0.99999854 
34.67500000 0.99999851 
34.72500000 0.99999848 
34.77500000 0.99999845 
34.82500000 0.99999841 
34.87500000 0.99999838 
34.92500000 0.99999835 
34.97500000 0.99999831 
35.02500000 0.99999827 
35.07500000 0.99999824 
35.12500000 0.99999820 
35.17500000 0.99999816 
35.22500000 0.99999812 
35.27500000 0.99999808 
35.32500000 0.99999804 
35.37500000 0.99999800 
35.42500000 0.99999796 
35.47500000 0.99999792 
35.52500000 0.99999787 
35.57500000 0.99999783 
35.62500000 0.99999778 
35.67500000 0.99999773 
35.72500000 0.99999769 
35.77500000 0.99999764 
35.82500000 0.99999759 
35.87500000 0.99999754 
35.92500000 0.99999749 
35.97500000 0.99999743 
36.02500000 0.99999738 
36.07500000 0.99999732 
36.12500000 0.99999727 
36.17500000 0.99999721 
36.22500000 0.99999715 
36.27500000 0.99999709 
36.32500000 0.99999703 
36.37500000 0.99999696 
36.42500000 0.99999690 
36.47500000 0.99999683 
36.52500000 0.99999677 
36.57500000 0.99999670 
36.62500000 0.99999663 
36.67500000 0.99999656 
36.72500000 0.99999649 
36.77500000 0.99999641 
36.82500000 0.99999633 
36.87500000 0.99999626 
36.92500000 0.99999618 
36.97500000 0.99999610 
37.02500000 0.99999602 
37.07500000 0.99999593 
37.12500000 0.99999584 
37.17500000 0.99999576 
37.22500000 0.99999567 
37.27500000 0.99999558 
37.32500000 0.99999548 
37.37500000 0.99999539 
37.42500000 0.99999529 
37.47500000 0.99999519 
37.52500000 0.99999509 
37.57500000 0.99999498 
37.62500000 0.99999488 
37.67500000 0.99999477 
37.72500000 0.99999466 
37.77500000 0.99999455 
37.82500000 0.99999443 
37.87500000 0.99999431 
37.92500000 0.99999419 
37.97500000 0.99999407 
38.02500000 0.99999394 
38.07500000 0.99999382 
38.12500000 0.99999369 
38.17500000 0.99999355 
38.22500000 0.99999342 
38.27500000 0.99999328 
38.32500000 0.99999314 
38.37500000 0.99999299 
38.42500000 0.99999284 
38.47500000 0.99999269 
38.52500000 0.99999254 
38.57500000 0.99999238 
38.62500000 0.99999222 
38.67500000 0.99999205 
38.72500000 0.99999189 
38.77500000 0.99999171 
38.82500000 0.99999154 
38.87500000 0.99999136 
38.92500000 0.99999118 
38.97500000 0.99999099 
39.02500000 0.99999080 
39.07500000 0.99999061 
39.12500000 0.99999041 
39.17500000 0.99999020 
39.22500000 0.99999000 
39.27500000 0.99998979 
39.32500000 0.99998957 
39.37500000 0.99998935 
39.42500000 0.99998912 
39.47500000 0.99998889 
39.52500000 0.99998866 
39.57500000 0.99998842 
39.62500000 0.99998818 
39.67500000 0.99998793 
39.72500000 0.99998767 
39.77500000 0.99998741 
39.82500000 0.99998714 
39.87500000 0.99998687 
39.92500000 0.99998660 
39.97500000 0.99998631 
40.02500000 0.99998602 
40.07500000 0.99998573 
40.12500000 0.99998543 
40.17500000 0.99998512 
40.22500000 0.99998480 
40.27500000 0.99998448 
40.32500000 0.99998415 
40.37500000 0.99998382 
40.42500000 0.99998348 
40.47500000 0.99998313 
40.52500000 0.99998277 
40.57500000 0.99998241 
40.62500000 0.99998204 
40.67500000 0.99998166 
40.72500000 0.99998127 
40.77500000 0.99998087 
40.82500000 0.99998047 
40.87500000 0.99998006 
40.92500000 0.99997964 
40.97500000 0.99997921 
41.02500000 0.99997877 
41.07500000 0.99997832 
41.12500000 0.99997786 
41.17500000 0.99997739 
41.22500000 0.99997691 
41.27500000 0.99997643 
41.32500000 0.99997593 
41.37500000 0.99997542 
41.42500000 0.99997490 
41.47500000 0.99997437 
41.52500000 0.99997383 
41.57500000 0.99997328 
41.62500000 0.99997271 
41.67500000 0.99997214 
41.72500000 0.99997155 
41.77500000 0.99997095 
41.82500000 0.99997033 
41.87500000 0.99996971 
41.92500000 0.99996907 
41.97500000 0.99996841 
42.02500000 0.99996775 
42.07500000 0.99996706 
42.12500000 0.99996637 
42.17500000 0.99996566 
42.22500000 0.99996493 
42.27500000 0.99996419 
42.32500000 0.99996344 
42.37500000 0.99996266 
42.42500000 0.99996188 
42.47500000 0.99996107 
42.52500000 0.99996025 
42.57500000 0.99995941 
42.62500000 0.99995855 
42.67500000 0.99995768 
42.72500000 0.99995678 
42.77500000 0.99995587 
42.82500000 0.99995494 
42.87500000 0.99995399 
42.92500000 0.99995301 
42.97500000 0.99995202 
43.02500000 0.99995101 
43.07500000 0.99994997 
43.12500000 0.99994892 
43.17500000 0.99994784 
43.22500000 0.99994674 
43.27500000 0.99994561 
43.32500000 0.99994446 
43.37500000 0.99994329 
43.42500000 0.99994209 
43.47500000 0.99994087 
43.52500000 0.99993962 
43.57500000 0.99993835 
43.62500000 0.99993704 
43.67500000 0.99993571 
43.72500000 0.99993436 
43.77500000 0.99993297 
43.82500000 0.99993156 
43.87500000 0.99993011 
43.92500000 0.99992863 
43.97500000 0.99992713 
44.02500000 0.99992559 
44.07500000 0.99992402 
44.12500000 0.99992241 
44.17500000 0.99992077 
44.22500000 0.99991910 
44.27500000 0.99991739 
44.32500000 0.99991565 
44.37500000 0.99991387 
44.42500000 0.99991205 
44.47500000 0.99991019 
44.52500000 0.99990830 
44.57500000 0.99990636 
44.62500000 0.99990438 
44.67500000 0.99990236 
44.72500000 0.99990030 
44.77500000 0.99989820 
44.82500000 0.99989605 
44.87500000 0.99989385 
44.92500000 0.99989161 
44.97500000 0.99988932 
45.02500000 0.99988699 
45.07500000 0.99988460 
45.12500000 0.99988217 
45.17500000 0.99987968 
45.22500000 0.99987714 
45.27500000 0.99987454 
45.32500000 0.99987190 
45.37500000 0.99986919 
45.42500000 0.99986643 
45.47500000 0.99986361 
45.52500000 0.99986073 
45.57500000 0.99985779 
45.62500000 0.99985479 
45.67500000 0.99985172 
45.72500000 0.99984859 
45.77500000 0.99984540 
45.82500000 0.99984213 
45.87500000 0.99983880 
45.92500000 0.99983540 
45.97500000 0.99983192 
46.02500000 0.99982838 
46.07500000 0.99982475 
46.12500000 0.99982106 
46.17500000 0.99981728 
46.22500000 0.99981342 
46.27500000 0.99980948 
46.32500000 0.99980546 
46.37500000 0.99980136 
46.42500000 0.99979716 
46.47500000 0.99979288 
46.52500000 0.99978851 
46.57500000 0.99978405 
46.62500000 0.99977949 
46.67500000 0.99977483 
46.72500000 0.99977008 
46.77500000 0.99976523 
46.82500000 0.99976028 
46.87500000 0.99975522 
46.92500000 0.99975005 
46.97500000 0.99974477 
47.02500000 0.99973939 
47.07500000 0.99973389 
47.12500000 0.99972827 
47.17500000 0.99972254 
47.22500000 0.99971668 
47.27500000 0.99971070 
47.32500000 0.99970460 
47.37500000 0.99969837 
47.42500000 0.99969200 
47.47500000 0.99968550 
47.52500000 0.99967886 
47.57500000 0.99967209 
47.62500000 0.99966517 
47.67500000 0.99965810 
47.72500000 0.99965089 
47.77500000 0.99964352 
47.82500000 0.99963600 
47.87500000 0.99962832 
47.92500000 0.99962048 
47.97500000 0.99961247 
48.02500000 0.99960429 
48.07500000 0.99959594 
48.12500000 0.99958742 
48.17500000 0.99957871 
48.22500000 0.99956982 
48.27500000 0.99956075 
48.32500000 0.99955148 
48.37500000 0.99954202 
48.42500000 0.99953236 
48.47500000 0.99952249 
48.52500000 0.99951242 
48.57500000 0.99950213 
48.62500000 0.99949163 
48.67500000 0.99948090 
48.72500000 0.99946995 
48.77500000 0.99945877 
48.82500000 0.99944735 
48.87500000 0.99943570 
48.92500000 0.99942379 
48.97500000 0.99941164 
49.02500000 0.99939923 
49.07500000 0.99938656 
49.12500000 0.99937362 
49.17500000 0.99936040 
49.22500000 0.99934691 
49.27500000 0.99933314 
49.32500000 0.99931907 
49.37500000 0.99930471 
49.42500000 0.99929005 
49.47500000 0.99927507 
49.52500000 0.99925979 
49.57500000 0.99924417 
49.62500000 0.99922824 
49.67500000 0.99921196 
49.72500000 0.99919534 
49.77500000 0.99917837 
49.82500000 0.99916105 
49.87500000 0.99914335 
49.92500000 0.99912529 
49.97500000 0.99910684 
50.02500000 0.99908801 
50.07500000 0.99906878 
50.12500000 0.99904915 
50.17500000 0.99902910 
50.22500000 0.99900863 
50.27500000 0.99898772 
50.32500000 0.99896638 
50.37500000 0.99894459 
50.42500000 0.99892234 
50.47500000 0.99889962 
50.52500000 0.99887642 
50.57500000 0.99885274 
50.62500000 0.99882855 
50.67500000 0.99880386 
50.72500000 0.99877864 
50.77500000 0.99875290 
50.82500000 0.99872661 
50.87500000 0.99869977 
50.92500000 0.99867236 
50.97500000 0.99864438 
51.02500000 0.99861581 
51.07500000 0.99858664 
51.12500000 0.99855685 
51.17500000 0.99852643 
51.22500000 0.99849538 
51.27500000 0.99846367 
51.32500000 0.99843130 
51.37500000 0.99839824 
51.42500000 0.99836449 
51.47500000 0.99833003 
51.52500000 0.99829484 
51.57500000 0.99825892 
51.62500000 0.99822223 
51.67500000 0.99818478 
51.72500000 0.99814654 
51.77500000 0.99810749 
51.82500000 0.99806762 
51.87500000 0.99802692 
51.92500000 0.99798536 
51.97500000 0.99794292 
52.02500000 0.99789959 
52.07500000 0.99785535 
52.12500000 0.99781018 
52.17500000 0.99776407 
52.22500000 0.99771698 
52.27500000 0.99766890 
52.32500000 0.99761981 
52.37500000 0.99756969 
52.42500000 0.99751852 
52.47500000 0.99746627 
52.52500000 0.99741293 
52.57500000 0.99735846 
52.62500000 0.99730285 
52.67500000 0.99724607 
52.72500000 0.99718810 
52.77500000 0.99712891 
52.82500000 0.99706848 
52.87500000 0.99700678 
52.92500000 0.99694379 
52.97500000 0.99687947 
53.02500000 0.99681381 
53.07500000 0.99674676 
53.12500000 0.99667831 
53.17500000 0.99660842 
53.22500000 0.99653706 
53.27500000 0.99646421 
53.32500000 0.99638983 
53.37500000 0.99631389 
53.42500000 0.99623636 
53.47500000 0.99615720 
53.52500000 0.99607639 
53.57500000 0.99599387 
53.62500000 0.99590963 
53.67500000 0.99582363 
53.72500000 0.99573582 
53.77500000 0.99564617 
53.82500000 0.99555464 
53.87500000 0.99546120 
53.92500000 0.99536580 
53.97500000 0.99526840 
54.02500000 0.99516896 
54.07500000 0.99506744 
54.12500000 0.99496380 
54.17500000 0.99485799 
54.22500000 0.99474996 
54.27500000 0.99463967 
54.32500000 0.99452708 
54.37500000 0.99441213 
54.42500000 0.99429478 
54.47500000 0.99417498 
54.52500000 0.99405267 
54.57500000 0.99392780 
54.62500000 0.99380033 
54.67500000 0.99367019 
54.72500000 0.99353734 
54.77500000 0.99340171 
54.82500000 0.99326326 
54.87500000 0.99312191 
54.92500000 0.99297761 
54.97500000 0.99283030 
55.02500000 0.99267992 
55.07500000 0.99252640 
55.12500000 0.99236969 
55.17500000 0.99220970 
55.22500000 0.99204639 
55.27500000 0.99187967 
55.32500000 0.99170948 
55.37500000 0.99153574 
55.42500000 0.99135839 
55.47500000 0.99117735 
55.52500000 0.99099254 
55.57500000 0.99080389 
55.62500000 0.99061132 
55.67500000 0.99041474 
55.72500000 0.99021408 
55.77500000 0.99000925 
55.82500000 0.98980017 
55.87500000 0.98958675 
55.92500000 0.98936890 
55.97500000 0.98914653 
56.02500000 0.98891954 
56.07500000 0.98868785 
56.12500000 0.98845137 
56.17500000 0.98820998 
56.22500000 0.98796359 
56.27500000 0.98771210 
56.32500000 0.98745541 
56.37500000 0.98719341 
56.42500000 0.98692599 
56.47500000 0.98665305 
56.52500000 0.98637447 
56.57500000 0.98609013 
56.62500000 0.98579993 
56.67500000 0.98550374 
56.72500000 0.98520144 
56.77500000 0.98489291 
56.82500000 0.98457802 
56.87500000 0.98425666 
56.92500000 0.98392867 
56.97500000 0.98359394 
57.02500000 0.98325233 
57.07500000 0.98290370 
57.12500000 0.98254791 
57.17500000 0.98218482 
57.22500000 0.98181427 
57.27500000 0.98143613 
57.32500000 0.98105025 
57.37500000 0.98065646 
57.42500000 0.98025461 
57.47500000 0.97984454 
57.52500000 0.97942609 
57.57500000 0.97899910 
57.62500000 0.97856338 
57.67500000 0.97811879 
57.72500000 0.97766512 
57.77500000 0.97720222 
57.82500000 0.97672990 
57.87500000 0.97624797 
57.92500000 0.97575624 
57.97500000 0.97525453 
58.02500000 0.97474264 
58.07500000 0.97422037 
58.12500000 0.97368752 
58.17500000 0.97314389 
58.22500000 0.97258926 
58.27500000 0.97202343 
58.32500000 0.97144617 
58.37500000 0.97085727 
58.42500000 0.97025650 
58.47500000 0.96964364 
58.52500000 0.96901845 
58.57500000 0.96838071 
58.62500000 0.96773016 
58.67500000 0.96706657 
58.72500000 0.96638970 
58.77500000 0.96569928 
58.82500000 0.96499506 
58.87500000 0.96427679 
58.92500000 0.96354419 
58.97500000 0.96279701 
59.02500000 0.96203497 
59.07500000 0.96125779 
59.12500000 0.96046518 
59.17500000 0.95965688 
59.22500000 0.95883258 
59.27500000 0.95799199 
59.32500000 0.95713481 
59.37500000 0.95626074 
59.42500000 0.95536947 
59.47500000 0.95446068 
59.52500000 0.95353407 
59.57500000 0.95258930 
59.62500000 0.95162606 
59.67500000 0.95064400 
59.72500000 0.94964280 
59.77500000 0.94862212 
59.82500000 0.94758160 
59.87500000 0.94652089 
59.92500000 0.94543965 
59.97500000 0.94433752 
60.02500000 0.94321412 
60.07500000 0.94206909 
60.12500000 0.94090206 
60.17500000 0.93971264 
60.22500000 0.93850046 
60.27500000 0.93726513 
60.32500000 0.93600625 
60.37500000 0.93472343 
60.42500000 0.93341626 
60.47500000 0.93208434 
60.52500000 0.93072727 
60.57500000 0.92934461 
60.62500000 0.92793597 
60.67500000 0.92650090 
60.72500000 0.92503899 
60.77500000 0.92354979 
60.82500000 0.92203289 
60.87500000 0.92048783 
60.92500000 0.91891417 
60.97500000 0.91731146 
61.02500000 0.91567926 
61.07500000 0.91401710 
61.12500000 0.91232454 
61.17500000 0.91060110 
61.22500000 0.90884632 
61.27500000 0.90705973 
61.32500000 0.90524088 
61.37500000 0.90338927 
61.42500000 0.90150443 
61.47500000 0.89958590 
61.52500000 0.89763318 
61.57500000 0.89564579 
61.62500000 0.89362326 
61.67500000 0.89156509 
61.72500000 0.88947080 
61.77500000 0.88733991 
61.82500000 0.88517192 
61.87500000 0.88296634 
61.92500000 0.88072270 
61.97500000 0.87844049 
62.02500000 0.87611924 
62.07500000 0.87375845 
62.12500000 0.87135765 
62.17500000 0.86891634 
62.22500000 0.86643405 
62.27500000 0.86391029 
62.32500000 0.86134460 
62.37500000 0.85873649 
62.42500000 0.85608550 
62.47500000 0.85339115 
62.52500000 0.85065300 
62.57500000 0.84787059 
62.62500000 0.84504345 
62.67500000 0.84217115 
62.72500000 0.83925326 
62.77500000 0.83628933 
62.82500000 0.83327895 
62.87500000 0.83022169 
62.92500000 0.82711716 
62.97500000 0.82396496 
63.02500000 0.82076469 
63.07500000 0.81751599 
63.12500000 0.81421847 
63.17500000 0.81087180 
63.22500000 0.80747563 
63.27500000 0.80402963 
63.32500000 0.80053349 
63.37500000 0.79698691 
63.42500000 0.79338960 
63.47500000 0.78974129 
63.52500000 0.78604173 
63.57500000 0.78229069 
63.62500000 0.77848796 
63.67500000 0.77463332 
63.72500000 0.77072661 
63.77500000 0.76676768 
63.82500000 0.76275637 
63.87500000 0.75869258 
63.92500000 0.75457623 
63.97500000 0.75040723 
64.02500000 0.74618555 
64.07500000 0.74191117 
64.12500000 0.73758411 
64.17500000 0.73320438 
64.22500000 0.72877206 
64.27500000 0.72428724 
64.32500000 0.71975003 
64.37500000 0.71516059 
64.42500000 0.71051910 
64.47500000 0.70582576 
64.52500000 0.70108083 
64.57500000 0.69628457 
64.62500000 0.69143730 
64.67500000 0.68653936 
64.72500000 0.68159112 
64.77500000 0.67659301 
64.82500000 0.67154547 
64.87500000 0.66644898 
64.92500000 0.66130407 
64.97500000 0.65611129 
65.02500000 0.65087125 
65.07500000 0.64558458 
65.12500000 0.64025196 
65.17500000 0.63487409 
65.22500000 0.62945173 
65.27500000 0.62398567 
65.32500000 0.61847675 
65.37500000 0.61292583 
65.42500000 0.60733382 
65.47500000 0.60170168 
65.52500000 0.59603040 
65.57500000 0.59032100 
65.62500000 0.58457457 
65.67500000 0.57879220 
65.72500000 0.57297504 
65.77500000 0.56712429 
65.82500000 0.56124117 
65.87500000 0.55532694 
65.92500000 0.54938291 
65.97500000 0.54341041 
66.02500000 0.53741082 
66.07500000 0.53138555 
66.12500000 0.52533604 
66.17500000 0.51926377 
66.22500000 0.51317025 
66.27500000 0.50705702 
66.32500000 0.50092567 
66.37500000 0.49477778 
66.42500000 0.48861500 
66.47500000 0.48243898 
66.52500000 0.47625140 
66.57500000 0.47005397 
66.62500000 0.46384842 
66.67500000 0.45763650 
66.72500000 0.45141998 
66.77500000 0.44520066 
66.82500000 0.43898033 
66.87500000 0.43276082 
66.92500000 0.42654394 
66.97500000 0.42033156 
67.02500000 0.41412551 
67.07500000 0.40792765 
67.12500000 0.40173985 
67.17500000 0.39556396 
67.22500000 0.38940185 
67.27500000 0.38325538 
67.32500000 0.37712642 
67.37500000 0.37101681 
67.42500000 0.36492840 
67.47500000 0.35886302 
67.52500000 0.35282250 
67.57500000 0.34680864 
67.62500000 0.34082324 
67.67500000 0.33486806 
67.72500000 0.32894487 
67.77500000 0.32305539 
67.82500000 0.31720132 
67.87500000 0.31138435 
67.92500000 0.30560612 
67.97500000 0.29986825 
68.02500000 0.29417233 
68.07500000 0.28851991 
68.12500000 0.28291251 
68.17500000 0.27735161 
68.22500000 0.27183864 
68.27500000 0.26637500 
68.32500000 0.26096205 
68.37500000 0.25560110 
68.42500000 0.25029342 
68.47500000 0.24504022 
68.52500000 0.23984269 
68.57500000 0.23470195 
68.62500000 0.22961907 
68.67500000 0.22459508 
68.72500000 0.21963095 
68.77500000 0.21472760 
68.82500000 0.20988590 
68.87500000 0.20510668 
68.92500000 0.20039068 
68.97500000 0.19573863 
69.02500000 0.19115117 
69.07500000 0.18662891 
69.12500000 0.18217239 
69.17500000 0.17778212 
69.22500000 0.17345852 
69.27500000 0.16920199 
69.32500000 0.16501285 
69.37500000 0.16089139 
69.42500000 0.15683783 
69.47500000 0.15285235 
69.52500000 0.14893508 
69.57500000 0.14508608 
69.62500000 0.14130539 
69.67500000 0.13759297 
69.72500000 0.13394876 
69.77500000 0.13037264 
69.82500000 0.12686444 
69.87500000 0.12342396 
69.92500000 0.12005095 
69.97500000 0.11674510 
70.02500000 0.11350609 
70.07500000 0.11033354 
70.12500000 0.10722704 
70.17500000 0.10418613 
70.22500000 0.10121035 
70.27500000 0.09829915 
70.32500000 0.09545201 
70.37500000 0.09266832 
70.42500000 0.08994749 
70.47500000 0.08728886 
70.52500000 0.08469178 
70.57500000 0.08215555 
70.62500000 0.07967945 
70.67500000 0.07726276 
70.72500000 0.07490470 
70.77500000 0.07260449 
70.82500000 0.07036136 
70.87500000 0.06817447 
70.92500000 0.06604301 
70.97500000 0.06396613 
71.02500000 0.06194298 
71.07500000 0.05997269 
71.12500000 0.05805439 
71.17500000 0.05618720 
71.22500000 0.05437023 
71.27500000 0.05260257 
71.32500000 0.05088334 
71.37500000 0.04921162 
71.42500000 0.04758651 
71.47500000 0.04600710 
71.52500000 0.04447248 
71.57500000 0.04298174 
71.62500000 0.04153398 
71.67500000 0.04012829 
71.72500000 0.03876376 
71.77500000 0.03743951 
71.82500000 0.03615464 
71.87500000 0.03490827 
71.92500000 0.03369950 
71.97500000 0.03252747 
72.02500000 0.03139132 
72.07500000 0.03029018 
72.12500000 0.02922321 
72.17500000 0.02818957 
72.22500000 0.02718842 
72.27500000 0.02621895 
72.32500000 0.02528035 
72.37500000 0.02437183 
72.42500000 0.02349259 
72.47500000 0.02264186 
72.52500000 0.02181888 
72.57500000 0.02102290 
72.62500000 0.02025318 
72.67500000 0.01950899 
72.72500000 0.01878963 
72.77500000 0.01809440 
72.82500000 0.01742260 
72.87500000 0.01677357 
72.92500000 0.01614665 
72.97500000 0.01554118 
73.02500000 0.01495655 
73.07500000 0.01439212 
73.12500000 0.01384730 
73.17500000 0.01332149 
73.22500000 0.01281411 
73.27500000 0.01232459 
73.32500000 0.01185239 
73.37500000 0.01139696 
73.42500000 0.01095778 
73.47500000 0.01053433 
73.52500000 0.01012612 
73.57500000 0.00973264 
73.62500000 0.00935344 
73.67500000 0.00898804 
73.72500000 0.00863600 
73.77500000 0.00829687 
73.82500000 0.00797023 
73.87500000 0.00765566 
73.92500000 0.00735275 
73.97500000 0.00706113 
74.02500000 0.00678039 
74.07500000 0.00651018 
74.12500000 0.00625013 
74.17500000 0.00599989 
74.22500000 0.00575913 
74.27500000 0.00552751 
74.32500000 0.00530471 
74.37500000 0.00509043 
74.42500000 0.00488436 
74.47500000 0.00468622 
74.52500000 0.00449572 
74.57500000 0.00431259 
74.62500000 0.00413655 
74.67500000 0.00396737 
74.72500000 0.00380479 
74.77500000 0.00364856 
74.82500000 0.00349846 
74.87500000 0.00335427 
74.92500000 0.00321576 
74.97500000 0.00308272 
75.02500000 0.00295496 
75.07500000 0.00283227 
75.12500000 0.00271446 
75.17500000 0.00260136 
75.22500000 0.00249279 
75.27500000 0.00238857 
75.32500000 0.00228854 
75.37500000 0.00219254 
75.42500000 0.00210042 
75.47500000 0.00201202 
75.52500000 0.00192721 
75.57500000 0.00184585 
75.62500000 0.00176780 
75.67500000 0.00169294 
75.72500000 0.00162114 
75.77500000 0.00155228 
75.82500000 0.00148625 
75.87500000 0.00142294 
75.92500000 0.00136223 
75.97500000 0.00130404 
76.02500000 0.00124825 
76.07500000 0.00119477 
76.12500000 0.00114352 
76.17500000 0.00109440 
76.22500000 0.00104732 
76.27500000 0.00100221 
76.32500000 0.00095899 
76.37500000 0.00091758 
76.42500000 0.00087791 
76.47500000 0.00083990 
76.52500000 0.00080350 
76.57500000 0.00076863 
76.62500000 0.00073523 
76.67500000 0.00070325 
76.72500000 0.00067262 
76.77500000 0.00064329 
76.82500000 0.00061521 
76.87500000 0.00058833 
76.92500000 0.00056258 
76.97500000 0.00053794 
77.02500000 0.00051436 
77.07500000 0.00049178 
77.12500000 0.00047017 
77.17500000 0.00044948 
77.22500000 0.00042969 
77.27500000 0.00041075 
77.32500000 0.00039262 
77.37500000 0.00037528 
77.42500000 0.00035869 
77.47500000 0.00034281 
77.52500000 0.00032762 
77.57500000 0.00031309 
77.62500000 0.00029920 
77.67500000 0.00028590 
77.72500000 0.00027319 
77.77500000 0.00026103 
77.82500000 0.00024940 
77.87500000 0.00023828 
77.92500000 0.00022764 
77.97500000 0.00021747 
78.02500000 0.00020775 
78.07500000 0.00019845 
78.12500000 0.00018956 
78.17500000 0.00018106 
78.22500000 0.00017294 
78.27500000 0.00016517 
78.32500000 0.00015775 
78.37500000 0.00015065 
78.42500000 0.00014387 
78.47500000 0.00013739 
78.52500000 0.00013120 
78.57500000 0.00012528 
78.62500000 0.00011962 
78.67500000 0.00011421 
78.72500000 0.00010905 
78.77500000 0.00010411 
78.82500000 0.00009940 
78.87500000 0.00009489 
78.92500000 0.00009059 
78.97500000 0.00008648 
79.02500000 0.00008255 
79.07500000 0.00007880 
79.12500000 0.00007521 
79.17500000 0.00007179 
79.22500000 0.00006852 
79.27500000 0.00006540 
79.32500000 0.00006241 
79.37500000 0.00005956 
79.42500000 0.00005684 
79.47500000 0.00005425 
79.52500000 0.00005177 
79.57500000 0.00004940 
79.62500000 0.00004713 
79.67500000 0.00004498 
79.72500000 0.00004291 
79.77500000 0.00004094 
79.82500000 0.00003907 
79.87500000 0.00003727 
79.92500000 0.00003556 
79.97500000 0.00003392 
80.02500000 0.00003236 
80.07500000 0.00003087 
80.12500000 0.00002945 
80.17500000 0.00002809 
80.22500000 0.00002680 
80.27500000 0.00002556 
80.32500000 0.00002438 
80.37500000 0.00002325 
80.42500000 0.00002218 
80.47500000 0.00002115 
80.52500000 0.00002017 
80.57500000 0.00001924 
80.62500000 0.00001835 
80.67500000 0.00001750 
80.72500000 0.00001669 
80.77500000 0.00001591 
80.82500000 0.00001518 
80.87500000 0.00001447 
80.92500000 0.00001380 
80.97500000 0.00001316 
81.02500000 0.00001255 
81.07500000 0.00001196 
81.12500000 0.00001140 
81.17500000 0.00001087 
81.22500000 0.00001037 
81.27500000 0.00000988 
81.32500000 0.00000942 
81.37500000 0.00000898 
81.42500000 0.00000856 
81.47500000 0.00000816 
81.52500000 0.00000778 
81.57500000 0.00000742 
81.62500000 0.00000707 
81.67500000 0.00000674 
81.72500000 0.00000643 
81.77500000 0.00000612 
81.82500000 0.00000584 
81.87500000 0.00000556 
81.92500000 0.00000530 
81.97500000 0.00000505 
82.02500000 0.00000482 
82.07500000 0.00000459 
82.12500000 0.00000438 
82.17500000 0.00000417 
82.22500000 0.00000397 
82.27500000 0.00000379 
82.32500000 0.00000361 
82.37500000 0.00000344 
82.42500000 0.00000328 
82.47500000 0.00000312 
82.52500000 0.00000298 
82.57500000 0.00000284 
82.62500000 0.00000270 
82.67500000 0.00000258 
82.72500000 0.00000245 
82.77500000 0.00000234 
82.82500000 0.00000223 
82.87500000 0.00000212 
82.92500000 0.00000202 
82.97500000 0.00000193 
83.02500000 0.00000184 
83.07500000 0.00000175 
83.12500000 0.00000167 
83.17500000 0.00000159 
83.22500000 0.00000151 
83.27500000 0.00000144 
83.32500000 0.00000137 
83.37500000 0.00000131 
83.42500000 0.00000125 
83.47500000 0.00000119 
83.52500000 0.00000113 
83.57500000 0.00000108 
83.62500000 0.00000103 
83.67500000 0.00000098 
83.72500000 0.00000093 
83.77500000 0.00000089 
83.82500000 0.00000084 
83.87500000 0.00000080 
83.92500000 0.00000077 
83.97500000 0.00000073 
84.02500000 0.00000069 
84.07500000 0.00000066 
84.12500000 0.00000063 
84.17500000 0.00000060 
84.22500000 0.00000057 
84.27500000 0.00000054 
84.32500000 0.00000052 
84.37500000 0.00000049 
84.42500000 0.00000047 
84.47500000 0.00000045 
84.52500000 0.00000043 
84.57500000 0.00000041 
84.62500000 0.00000039 
84.67500000 0.00000037 
84.72500000 0.00000035 
84.77500000 0.00000033 
84.82500000 0.00000032 
84.87500000 0.00000030 
84.92500000 0.00000029 
84.97500000 0.00000027 
85.02500000 0.00000026 
85.07500000 0.00000025 
85.12500000 0.00000024 
85.17500000 0.00000023 
85.22500000 0.00000021 
85.27500000 0.00000020 
85.32500000 0.00000019 
85.37500000 0.00000019 
85.42500000 0.00000018 
85.47500000 0.00000017 
85.52500000 0.00000016 
85.57500000 0.00000015 
85.62500000 0.00000015 
85.67500000 0.00000014 
85.72500000 0.00000013 
85.77500000 0.00000013 
85.82500000 0.00000012 
85.87500000 0.00000011 
85.92500000 0.00000011 
85.97500000 0.00000010 
86.02500000 0.00000010 
86.07500000 0.00000009 
86.12500000 0.00000009 
86.17500000 0.00000008 
86.22500000 0.00000008 
86.27500000 0.00000008 
86.32500000 0.00000007 
86.37500000 0.00000007 
86.42500000 0.00000007 
86.47500000 0.00000006 
86.52500000 0.00000006 
86.57500000 0.00000006 
86.62500000 0.00000005 
86.67500000 0.00000005 
86.72500000 0.00000005 
86.77500000 0.00000005 
86.82500000 0.00000004 
86.87500000 0.00000004 
86.92500000 0.00000004 
86.97500000 0.00000004 
87.02500000 0.00000004 
87.07500000 0.00000003 
87.12500000 0.00000003 
87.17500000 0.00000003 
87.22500000 0.00000003 
87.27500000 0.00000003 
87.32500000 0.00000003 
87.37500000 0.00000003 
87.42500000 0.00000002 
87.47500000 0.00000002 
87.52500000 0.00000002 
87.57500000 0.00000002 
87.62500000 0.00000002 
87.67500000 0.00000002 
87.72500000 0.00000002 
87.77500000 0.00000002 
87.82500000 0.00000002 
87.87500000 0.00000002 
87.92500000 0.00000002 
87.97500000 0.00000001 
88.02500000 0.00000001 
88.07500000 0.00000001 
88.12500000 0.00000001 
88.17500000 0.00000001 
88.22500000 0.00000001 
88.27500000 0.00000001 
88.32500000 0.00000001 
88.37500000 0.00000001 
88.42500000 0.00000001 
88.47500000 0.00000001 
88.52500000 0.00000001 
88.57500000 0.00000001 
88.62500000 0.00000001 
88.67500000 0.00000001 
88.72500000 0.00000001 
88.77500000 0.00000001 
88.82500000 0.00000001 
88.87500000 0.00000001 
88.92500000 0.00000001 
88.97500000 0.00000001 
89.02500000 0.00000001 
89.07500000 0.00000000 
89.12500000 0.00000000 
89.17500000 0.00000000 
89.22500000 0.00000000 
89.27500000 0.00000000 
89.32500000 0.00000000 
89.37500000 0.00000000 
89.42500000 0.00000000 
89.47500000 0.00000000 
89.52500000 0.00000000 
89.57500000 0.00000000 
89.62500000 0.00000000 
89.67500000 0.00000000 
89.72500000 0.00000000 
89.77500000 0.00000000 
89.82500000 0.00000000 
89.87500000 0.00000000 
89.92500000 0.00000000 
89.97500000 0.00000000 
90.02500000 0.00000000 
90.07500000 0.00000000 
90.12500000 0.00000000 
90.17500000 0.00000000 
90.22500000 0.00000000 
90.27500000 0.00000000 
90.32500000 0.00000000 
90.37500000 0.00000000 
90.42500000 0.00000000 
90.47500000 0.00000000 
90.52500000 0.00000000 
90.57500000 0.00000000 
90.62500000 0.00000000 
90.67500000 0.00000000 
90.72500000 0.00000000 
90.77500000 0.00000000 
90.82500000 0.00000000 
90.87500000 0.00000000 
90.92500000 0.00000000 
90.97500000 0.00000000 
91.02500000 0.00000000 
91.07500000 0.00000000 
91.12500000 0.00000000 
91.17500000 0.00000000 
91.22500000 0.00000000 
91.27500000 0.00000000 
91.32500000 0.00000000 
91.37500000 0.00000000 
91.42500000 0.00000000 
91.47500000 0.00000000 
91.52500000 0.00000000 
91.57500000 0.00000000 
91.62500000 0.00000000 
91.67500000 0.00000000 
91.72500000 0.00000000 
91.77500000 0.00000000 
91.82500000 0.00000000 
91.87500000 0.00000000 
91.92500000 0.00000000 
91.97500000 0.00000000 
92.02500000 0.00000000 
92.07500000 0.00000000 
92.12500000 0.00000000 
92.17500000 0.00000000 
92.22500000 0.00000000 
92.27500000 0.00000000 
92.32500000 0.00000000 
92.37500000 0.00000000 
92.42500000 0.00000000 
92.47500000 0.00000000 
92.52500000 0.00000000 
92.57500000 0.00000000 
92.62500000 0.00000000 
92.67500000 0.00000000 
92.72500000 0.00000000 
92.77500000 0.00000000 
92.82500000 0.00000000 
92.87500000 0.00000000 
92.92500000 0.00000000 
92.97500000 0.00000000 
93.02500000 0.00000000 
93.07500000 0.00000000 
93.12500000 0.00000000 
93.17500000 0.00000000 
93.22500000 0.00000000 
93.27500000 0.00000000 
93.32500000 0.00000000 
93.37500000 0.00000000 
93.42500000 0.00000000 
93.47500000 0.00000000 
93.52500000 0.00000000 
93.57500000 0.00000000 
93.62500000 0.00000000 
93.67500000 0.00000000 
93.72500000 0.00000000 
93.77500000 0.00000000 
93.82500000 0.00000000 
93.87500000 0.00000000 
93.92500000 0.00000000 
93.97500000 0.00000000 
94.02500000 0.00000000 
94.07500000 0.00000000 
94.12500000 0.00000000 
94.17500000 0.00000000 
94.22500000 0.00000000 
94.27500000 0.00000000 
94.32500000 0.00000000 
94.37500000 0.00000000 
94.42500000 0.00000000 
94.47500000 0.00000000 
94.52500000 0.00000000 
94.57500000 0.00000000 
94.62500000 0.00000000 
94.67500000 0.00000000 
94.72500000 0.00000000 
94.77500000 0.00000000 
94.82500000 0.00000000 
94.87500000 0.00000000 
94.92500000 0.00000000 
94.97500000 0.00000000 
95.02500000 0.00000000 
95.07500000 0.00000000 
95.12500000 0.00000000 
95.17500000 0.00000000 
95.22500000 0.00000000 
95.27500000 0.00000000 
95.32500000 0.00000000 
95.37500000 0.00000000 
95.42500000 0.00000000 
95.47500000 0.00000000 
95.52500000 0.00000000 
95.57500000 0.00000000 
95.62500000 0.00000000 
95.67500000 0.00000000 
95.72500000 0.00000000 
95.77500000 0.00000000 
95.82500000 0.00000000 
95.87500000 0.00000000 
95.92500000 0.00000000 
95.97500000 0.00000000 
96.02500000 0.00000000 
96.07500000 0.00000000 
96.12500000 0.00000000 
96.17500000 0.00000000 
96.22500000 0.00000000 
96.27500000 0.00000000 
96.32500000 0.00000000 
96.37500000 0.00000000 
96.42500000 0.00000000 
96.47500000 0.00000000 
96.52500000 0.00000000 
96.57500000 0.00000000 
96.62500000 0.00000000 
96.67500000 0.00000000 
96.72500000 0.00000000 
96.77500000 0.00000000 
96.82500000 0.00000000 
96.87500000 0.00000000 
96.92500000 0.00000000 
96.97500000 0.00000000 
97.02500000 0.00000000 
97.07500000 0.00000000 
97.12500000 0.00000000 
97.17500000 0.00000000 
97.22500000 0.00000000 
97.27500000 0.00000000 
97.32500000 0.00000000 
97.37500000 0.00000000 
97.42500000 0.00000000 
97.47500000 0.00000000 
97.52500000 0.00000000 
97.57500000 0.00000000 
97.62500000 0.00000000 
97.67500000 0.00000000 
97.72500000 0.00000000 
97.77500000 0.00000000 
97.82500000 0.00000000 
97.87500000 0.00000000 
97.92500000 0.00000000 
97.97500000 0.00000000 
98.02500000 0.00000000 
98.07500000 0.00000000 
98.12500000 0.00000000 
98.17500000 0.00000000 
98.22500000 0.00000000 
98.27500000 0.00000000 
98.32500000 0.00000000 
98.37500000 0.00000000 
98.42500000 0.00000000 
98.47500000 0.00000000 
98.52500000 0.00000000 
98.57500000 0.00000000 
98.62500000 0.00000000 
98.67500000 0.00000000 
98.72500000 0.00000000 
98.77500000 0.00000000 
98.82500000 0.00000000 
98.87500000 0.00000000 
98.92500000 0.00000000 
98.97500000 0.00000000 
99.02500000 0.00000000 
99.07500000 0.00000000 
99.12500000 0.00000000 
99.17500000 0.00000000 
99.22500000 0.00000000 
99.27500000 0.00000000 
99.32500000 0.00000000 
99.37500000 0.00000000 
99.42500000 0.00000000 
99.47500000 0.00000000 
99.52500000 0.00000000 
99.57500000 0.00000000 
99.62500000 0.00000000 
99.67500000 0.00000000 
99.72500000 0.00000000 
99.77500000 0.00000000 
99.82500000 0.00000000 
99.87500000 0.00000000 
99.92500000 0.00000000 
99.97500000 0.00000000 
100.02500000 0.00000000 
100.07500000 0.00000000 
100.12500000 0.00000000 
100.17500000 0.00000000 
100.22500000 0.00000000 
100.27500000 0.00000000 
100.32500000 0.00000000 
100.37500000 0.00000000 
100.42500000 0.00000000 
100.47500000 0.00000000 
100.52500000 0.00000000 
100.57500000 0.00000000 
100.62500000 0.00000000 
100.67500000 0.00000000 
100.72500000 0.00000000 
100.77500000 0.00000000 
100.82500000 0.00000000 
100.87500000 0.00000000 
100.92500000 0.00000000 
100.97500000 0.00000000 
101.02500000 0.00000000 
101.07500000 0.00000000 
101.12500000 0.00000000 
101.17500000 0.00000000 
101.22500000 0.00000000 
101.27500000 0.00000000 
101.32500000 0.00000000 
101.37500000 0.00000000 
101.42500000 0.00000000 
101.47500000 0.00000000 
101.52500000 0.00000000 
101.57500000 0.00000000 
101.62500000 0.00000000 
101.67500000 0.00000000 
101.72500000 0.00000000 
101.77500000 0.00000000 
101.82500000 0.00000000 
101.87500000 0.00000000 
101.92500000 0.00000000 
101.97500000 0.00000000 
102.02500000 0.00000000 
102.07500000 0.00000000 
102.12500000 0.00000000 
102.17500000 0.00000000 
102.22500000 0.00000000 
102.27500000 0.00000000 
102.32500000 0.00000000 
102.37500000 0.00000000 
102.42500000 0.00000000 
102.47500000 0.00000000 
102.52500000 0.00000000 
102.57500000 0.00000000 
102.62500000 0.00000000 
102.67500000 0.00000000 
102.72500000 0.00000000 
102.77500000 0.00000000 
102.82500000 0.00000000 
102.87500000 0.00000000 
102.92500000 0.00000000 
102.97500000 0.00000000 
103.02500000 0.00000000 
103.07500000 0.00000000 
103.12500000 0.00000000 
103.17500000 0.00000000 
103.22500000 0.00000000 
103.27500000 0.00000000 
103.32500000 0.00000000 
103.37500000 0.00000000 
103.42500000 0.00000000 
103.47500000 0.00000000 
103.52500000 0.00000000 
103.57500000 0.00000000 
103.62500000 0.00000000 
103.67500000 0.00000000 
103.72500000 0.00000000 
103.77500000 0.00000000 
103.82500000 0.00000000 
103.87500000 0.00000000 
103.92500000 0.00000000 
103.97500000 0.00000000 
104.02500000 0.00000000 
104.07500000 0.00000000 
104.12500000 0.00000000 
104.17500000 0.00000000 
104.22500000 0.00000000 
104.27500000 0.00000000 
104.32500000 0.00000000 
104.37500000 0.00000000 
104.42500000 0.00000000 
104.47500000 0.00000000 
104.52500000 0.00000000 
104.57500000 0.00000000 
104.62500000 0.00000000 
104.67500000 0.00000000 
104.72500000 0.00000000 
104.77500000 0.00000000 
104.82500000 0.00000000 
104.87500000 0.00000000 
104.92500000 0.00000000 
104.97500000 0.00000000 
105.02500000 0.00000000 
105.07500000 0.00000000 
105.12500000 0.00000000 
105.17500000 0.00000000 
105.22500000 0.00000000 
105.27500000 0.00000000 
105.32500000 0.00000000 
105.37500000 0.00000000 
105.42500000 0.00000000 
105.47500000 0.00000000 
105.52500000 0.00000000 
105.57500000 0.00000000 
105.62500000 0.00000000 
105.67500000 0.00000000 
105.72500000 0.00000000 
105.77500000 0.00000000 
105.82500000 0.00000000 
105.87500000 0.00000000 
105.92500000 0.00000000 
105.97500000 0.00000000 
106.02500000 0.00000000 
106.07500000 0.00000000 
106.12500000 0.00000000 
106.17500000 0.00000000 
106.22500000 0.00000000 
106.27500000 0.00000000 
106.32500000 0.00000000 
106.37500000 0.00000000 
106.42500000 0.00000000 
106.47500000 0.00000000 
106.52500000 0.00000000 
106.57500000 0.00000000 
106.62500000 0.00000000 
106.67500000 0.00000000 
106.72500000 0.00000000 
106.77500000 0.00000000 
106.82500000 0.00000000 
106.87500000 0.00000000 
106.92500000 0.00000000 
106.97500000 0.00000000 
107.02500000 0.00000000 
107.07500000 0.00000000 
107.12500000 0.00000000 
107.17500000 0.00000000 
107.22500000 0.00000000 
107.27500000 0.00000000 
107.32500000 0.00000000 
107.37500000 0.00000000 
107.42500000 0.00000000 
107.47500000 0.00000000 
107.52500000 0.00000000 
107.57500000 0.00000000 
107.62500000 0.00000000 
107.67500000 0.00000000 
107.72500000 0.00000000 
107.77500000 0.00000000 
107.82500000 0.00000000 
107.87500000 0.00000000 
107.92500000 0.00000000 
107.97500000 0.00000000 
108.02500000 0.00000000 
108.07500000 0.00000000 
108.12500000 0.00000000 
108.17500000 0.00000000 
108.22500000 0.00000000 
108.27500000 0.00000000 
108.32500000 0.00000000 
108.37500000 0.00000000 
108.42500000 0.00000000 
108.47500000 0.00000000 
108.52500000 0.00000000 
108.57500000 0.00000000 
108.62500000 0.00000000 
108.67500000 0.00000000 
108.72500000 0.00000000 
108.77500000 0.00000000 
108.82500000 0.00000000 
108.87500000 0.00000000 
108.92500000 0.00000000 
108.97500000 0.00000000 
109.02500000 0.00000000 
109.07500000 0.00000000 
109.12500000 0.00000000 
109.17500000 0.00000000 
109.22500000 0.00000000 
109.27500000 0.00000000 
109.32500000 0.00000000 
109.37500000 0.00000000 
109.42500000 0.00000000 
109.47500000 0.00000000 
109.52500000 0.00000000 
109.57500000 0.00000000 
109.62500000 0.00000000 
109.67500000 0.00000000 
109.72500000 0.00000000 
109.77500000 0.00000000 
109.82500000 0.00000000 
109.87500000 0.00000000 
109.92500000 0.00000000 
109.97500000 0.00000000 
110.02500000 0.00000000 
110.07500000 0.00000000 
110.12500000 0.00000000 
110.17500000 0.00000000 
110.22500000 0.00000000 
110.27500000 0.00000000 
110.32500000 0.00000000 
110.37500000 0.00000000 
110.42500000 0.00000000 
110.47500000 0.00000000 
110.52500000 0.00000000 
110.57500000 0.00000000 
110.62500000 0.00000000 
110.67500000 0.00000000 
110.72500000 0.00000000 
110.77500000 0.00000000 
110.82500000 0.00000000 
110.87500000 0.00000000 
110.92500000 0.00000000 
110.97500000 0.00000000 
111.02500000 0.00000000 
111.07500000 0.00000000 
111.12500000 0.00000000 
111.17500000 0.00000000 
111.22500000 0.00000000 
111.27500000 0.00000000 
111.32500000 0.00000000 
111.37500000 0.00000000 
111.42500000 0.00000000 
111.47500000 0.00000000 
111.52500000 0.00000000 
111.57500000 0.00000000 
111.62500000 0.00000000 
111.67500000 0.00000000 
111.72500000 0.00000000 
111.77500000 0.00000000 
111.82500000 0.00000000 
111.87500000 0.00000000 
111.92500000 0.00000000 
111.97500000 0.00000000 
112.02500000 0.00000000 
112.07500000 0.00000000 
112.12500000 0.00000000 
112.17500000 0.00000000 
112.22500000 0.00000000 
112.27500000 0.00000000 
112.32500000 0.00000000 
112.37500000 0.00000000 
112.42500000 0.00000000 
112.47500000 0.00000000 
112.52500000 0.00000000 
112.57500000 0.00000000 
112.62500000 0.00000000 
112.67500000 0.00000000 
112.72500000 0.00000000 
112.77500000 0.00000000 
112.82500000 0.00000000 
112.87500000 0.00000000 
112.92500000 0.00000000 
112.97500000 0.00000000 
113.02500000 0.00000000 
113.07500000 0.00000000 
113.12500000 0.00000000 
113.17500000 0.00000000 
113.22500000 0.00000000 
113.27500000 0.00000000 
113.32500000 0.00000000 
113.37500000 0.00000000 
113.42500000 0.00000000 
113.47500000 0.00000000 
113.52500000 0.00000000 
113.57500000 0.00000000 
113.62500000 0.00000000 
113.67500000 0.00000000 
113.72500000 0.00000000 
113.77500000 0.00000000 
113.82500000 0.00000000 
113.87500000 0.00000000 
113.92500000 0.00000000 
113.97500000 0.00000000 
114.02500000 0.00000000 
114.07500000 0.00000000 
114.12500000 0.00000000 
114.17500000 0.00000000 
114.22500000 0.00000000 
114.27500000 0.00000000 
114.32500000 0.00000000 
114.37500000 0.00000000 
114.42500000 0.00000000 
114.47500000 0.00000000 
114.52500000 0.00000000 
114.57500000 0.00000000 
114.62500000 0.00000000 
114.67500000 0.00000000 
114.72500000 0.00000000 
114.77500000 0.00000000 
114.82500000 0.00000000 
114.87500000 0.00000000 
114.92500000 0.00000000 
114.97500000 0.00000000 
115.02500000 0.00000000 
115.07500000 0.00000000 
115.12500000 0.00000000 
115.17500000 0.00000000 
115.22500000 0.00000000 
115.27500000 0.00000000 
115.32500000 0.00000000 
115.37500000 0.00000000 
115.42500000 0.00000000 
115.47500000 0.00000000 
115.52500000 0.00000000 
115.57500000 0.00000000 
115.62500000 0.00000000 
115.67500000 0.00000000 
115.72500000 0.00000000 
115.77500000 0.00000000 
115.82500000 0.00000000 
115.87500000 0.00000000 
115.92500000 0.00000000 
115.97500000 0.00000000 
116.02500000 0.00000000 
116.07500000 0.00000000 
116.12500000 0.00000000 
116.17500000 0.00000000 
116.22500000 0.00000000 
116.27500000 0.00000000 
116.32500000 0.00000000 
116.37500000 0.00000000 
116.42500000 0.00000000 
116.47500000 0.00000000 
116.52500000 0.00000000 
116.57500000 0.00000000 
116.62500000 0.00000000 
116.67500000 0.00000000 
116.72500000 0.00000000 
116.77500000 0.00000000 
116.82500000 0.00000000 
116.87500000 0.00000000 
116.92500000 0.00000000 
116.97500000 0.00000000 
117.02500000 0.00000000 
117.07500000 0.00000000 
117.12500000 0.00000000 
117.17500000 0.00000000 
117.22500000 0.00000000 
117.27500000 0.00000000 
117.32500000 0.00000000 
117.37500000 0.00000000 
117.42500000 0.00000000 
117.47500000 0.00000000 
117.52500000 0.00000000 
117.57500000 0.00000000 
117.62500000 0.00000000 
117.67500000 0.00000000 
117.72500000 0.00000000 
117.77500000 0.00000000 
117.82500000 0.00000000 
117.87500000 0.00000000 
117.92500000 0.00000000 
117.97500000 0.00000000 
118.02500000 0.00000000 
118.07500000 0.00000000 
118.12500000 0.00000000 
118.17500000 0.00000000 
118.22500000 0.00000000 
118.27500000 0.00000000 
118.32500000 0.00000000 
118.37500000 0.00000000 
118.42500000 0.00000000 
118.47500000 0.00000000 
118.52500000 0.00000000 
118.57500000 0.00000000 
118.62500000 0.00000000 
118.67500000 0.00000000 
118.72500000 0.00000000 
118.77500000 0.00000000 
118.82500000 0.00000000 
118.87500000 0.00000000 
118.92500000 0.00000000 
118.97500000 0.00000000 
119.02500000 0.00000000 
119.07500000 0.00000000 
119.12500000 0.00000000 
119.17500000 0.00000000 
119.22500000 0.00000000 
119.27500000 0.00000000 
119.32500000 0.00000000 
119.37500000 0.00000000 
119.42500000 0.00000000 
119.47500000 0.00000000 
119.52500000 0.00000000 
119.57500000 0.00000000 
119.62500000 0.00000000 
119.67500000 0.00000000 
119.72500000 0.00000000 
119.77500000 0.00000000 
119.82500000 0.00000000 
119.87500000 0.00000000 
119.92500000 0.00000000 
119.97500000 0.00000000 
120.02500000 0.00000000 
120.07500000 0.00000000 
120.12500000 0.00000000 
120.17500000 0.00000000 
120.22500000 0.00000000 
120.27500000 0.00000000 
120.32500000 0.00000000 
120.37500000 0.00000000 
120.42500000 0.00000000 
120.47500000 0.00000000 
120.52500000 0.00000000 
120.57500000 0.00000000 
120.62500000 0.00000000 
120.67500000 0.00000000 
120.72500000 0.00000000 
120.77500000 0.00000000 
120.82500000 0.00000000 
120.87500000 0.00000000 
120.92500000 0.00000000 
120.97500000 0.00000000 
121.02500000 0.00000000 
121.07500000 0.00000000 
121.12500000 0.00000000 
121.17500000 0.00000000 
121.22500000 0.00000000 
121.27500000 0.00000000 
121.32500000 0.00000000 
121.37500000 0.00000000 
121.42500000 0.00000000 
121.47500000 0.00000000 
121.52500000 0.00000000 
121.57500000 0.00000000 
121.62500000 0.00000000 
121.67500000 0.00000000 
121.72500000 0.00000000 
121.77500000 0.00000000 
121.82500000 0.00000000 
121.87500000 0.00000000 
121.92500000 0.00000000 
121.97500000 0.00000000 
122.02500000 0.00000000 
122.07500000 0.00000000 
122.12500000 0.00000000 
122.17500000 0.00000000 
122.22500000 0.00000000 
122.27500000 0.00000000 
122.32500000 0.00000000 
122.37500000 0.00000000 
122.42500000 0.00000000 
122.47500000 0.00000000 
122.52500000 0.00000000 
122.57500000 0.00000000 
122.62500000 0.00000000 
122.67500000 0.00000000 
122.72500000 0.00000000 
122.77500000 0.00000000 
122.82500000 0.00000000 
122.87500000 0.00000000 
122.92500000 0.00000000 
122.97500000 0.00000000 
123.02500000 0.00000000 
123.07500000 0.00000000 
123.12500000 0.00000000 
123.17500000 0.00000000 
123.22500000 0.00000000 
123.27500000 0.00000000 
123.32500000 0.00000000 
123.37500000 0.00000000 
123.42500000 0.00000000 
123.47500000 0.00000000 
123.52500000 0.00000000 
123.57500000 0.00000000 
123.62500000 0.00000000 
123.67500000 0.00000000 
123.72500000 0.00000000 
123.77500000 0.00000000 
123.82500000 0.00000000 
123.87500000 0.00000000 
123.92500000 0.00000000 
123.97500000 0.00000000 
124.02500000 0.00000000 
124.07500000 0.00000000 
124.12500000 0.00000000 
124.17500000 0.00000000 
124.22500000 0.00000000 
124.27500000 0.00000000 
124.32500000 0.00000000 
124.37500000 0.00000000 
124.42500000 0.00000000 
124.47500000 0.00000000 
124.52500000 0.00000000 
124.57500000 0.00000000 
124.62500000 0.00000000 
124.67500000 0.00000000 
124.72500000 0.00000000 
124.77500000 0.00000000 
124.82500000 0.00000000 
124.87500000 0.00000000 
124.92500000 0.00000000 
124.97500000 0.00000000 
125.02500000 0.00000000 
125.07500000 0.00000000 
125.12500000 0.00000000 
125.17500000 0.00000000 
125.22500000 0.00000000 
125.27500000 0.00000000 
125.32500000 0.00000000 
125.37500000 0.00000000 
125.42500000 0.00000000 
125.47500000 0.00000000 
125.52500000 0.00000000 
125.57500000 0.00000000 
125.62500000 0.00000000 
125.67500000 0.00000000 
125.72500000 0.00000000 
125.77500000 0.00000000 
125.82500000 0.00000000 
125.87500000 0.00000000 
125.92500000 0.00000000 
125.97500000 0.00000000 
126.02500000 0.00000000 
126.07500000 0.00000000 
126.12500000 0.00000000 
126.17500000 0.00000000 
126.22500000 0.00000000 
126.27500000 0.00000000 
126.32500000 0.00000000 
126.37500000 0.00000000 
126.42500000 0.00000000 
126.47500000 0.00000000 
126.52500000 0.00000000 
126.57500000 0.00000000 
126.62500000 0.00000000 
126.67500000 0.00000000 
126.72500000 0.00000000 
126.77500000 0.00000000 
126.82500000 0.00000000 
126.87500000 0.00000000 
126.92500000 0.00000000 
126.97500000 0.00000000 
127.02500000 0.00000000 
127.07500000 0.00000000 
127.12500000 0.00000000 
127.17500000 0.00000000 
127.22500000 0.00000000 
127.27500000 0.00000000 
127.32500000 0.00000000 
127.37500000 0.00000000 
127.42500000 0.00000000 
127.47500000 0.00000000 
127.52500000 0.00000000 
127.57500000 0.00000000 
127.62500000 0.00000000 
127.67500000 0.00000000 
127.72500000 0.00000000 
127.77500000 0.00000000 
127.82500000 0.00000000 
127.87500000 0.00000000 
127.92500000 0.00000000 
127.97500000 0.00000000 
128.02500000 0.00000000 
128.07500000 0.00000000 
128.12500000 0.00000000 
128.17500000 0.00000000 
128.22500000 0.00000000 
128.27500000 0.00000000 
128.32500000 0.00000000 
128.37500000 0.00000000 
128.42500000 0.00000000 
128.47500000 0.00000000 
128.52500000 0.00000000 
128.57500000 0.00000000 
128.62500000 0.00000000 
128.67500000 0.00000000 
128.72500000 0.00000000 
128.77500000 0.00000000 
128.82500000 0.00000000 
128.87500000 0.00000000 
128.92500000 0.00000000 
128.97500000 0.00000000 
129.02500000 0.00000000 
129.07500000 0.00000000 
129.12500000 0.00000000 
129.17500000 0.00000000 
129.22500000 0.00000000 
129.27500000 0.00000000 
129.32500000 0.00000000 
129.37500000 0.00000000 
129.42500000 0.00000000 
129.47500000 0.00000000 
129.52500000 0.00000000 
129.57500000 0.00000000 
129.62500000 0.00000000 
129.67500000 0.00000000 
129.72500000 0.00000000 
129.77500000 0.00000000 
129.82500000 0.00000000 
129.87500000 0.00000000 
129.92500000 0.00000000 
129.97500000 0.00000000 
130.02500000 0.00000000 
130.07500000 0.00000000 
130.12500000 0.00000000 
130.17500000 0.00000000 
130.22500000 0.00000000 
130.27500000 0.00000000 
130.32500000 0.00000000 
130.37500000 0.00000000 
130.42500000 0.00000000 
130.47500000 0.00000000 
130.52500000 0.00000000 
130.57500000 0.00000000 
130.62500000 0.00000000 
130.67500000 0.00000000 
130.72500000 0.00000000 
130.77500000 0.00000000 
130.82500000 0.00000000 
130.87500000 0.00000000 
130.92500000 0.00000000 
130.97500000 0.00000000 
131.02500000 0.00000000 
131.07500000 0.00000000 
131.12500000 0.00000000 
131.17500000 0.00000000 
131.22500000 0.00000000 
131.27500000 0.00000000 
131.32500000 0.00000000 
131.37500000 0.00000000 
131.42500000 0.00000000 
131.47500000 0.00000000 
131.52500000 0.00000000 
131.57500000 0.00000000 
131.62500000 0.00000000 
131.67500000 0.00000000 
131.72500000 0.00000000 
131.77500000 0.00000000 
131.82500000 0.00000000 
131.87500000 0.00000000 
131.92500000 0.00000000 
131.97500000 0.00000000 
132.02500000 0.00000000 
132.07500000 0.00000000 
132.12500000 0.00000000 
132.17500000 0.00000000 
132.22500000 0.00000000 
132.27500000 0.00000000 
132.32500000 0.00000000 
132.37500000 0.00000000 
132.42500000 0.00000000 
132.47500000 0.00000000 
132.52500000 0.00000000 
132.57500000 0.00000000 
132.62500000 0.00000000 
132.67500000 0.00000000 
132.72500000 0.00000000 
132.77500000 0.00000000 
132.82500000 0.00000000 
132.87500000 0.00000000 
132.92500000 0.00000000 
132.97500000 0.00000000 
133.02500000 0.00000000 
133.07500000 0.00000000 
133.12500000 0.00000000 
133.17500000 0.00000000 
133.22500000 0.00000000 
133.27500000 0.00000000 
133.32500000 0.00000000 
133.37500000 0.00000000 
133.42500000 0.00000000 
133.47500000 0.00000000 
133.52500000 0.00000000 
133.57500000 0.00000000 
133.62500000 0.00000000 
133.67500000 0.00000000 
133.72500000 0.00000000 
133.77500000 0.00000000 
133.82500000 0.00000000 
133.87500000 0.00000000 
133.92500000 0.00000000 
133.97500000 0.00000000 
134.02500000 0.00000000 
134.07500000 0.00000000 
134.12500000 0.00000000 
134.17500000 0.00000000 
134.22500000 0.00000000 
134.27500000 0.00000000 
134.32500000 0.00000000 
134.37500000 0.00000000 
134.42500000 0.00000000 
134.47500000 0.00000000 
134.52500000 0.00000000 
134.57500000 0.00000000 
134.62500000 0.00000000 
134.67500000 0.00000000 
134.72500000 0.00000000 
134.77500000 0.00000000 
134.82500000 0.00000000 
134.87500000 0.00000000 
134.92500000 0.00000000 
134.97500000 0.00000000 
135.02500000 0.00000000 
135.07500000 0.00000000 
135.12500000 0.00000000 
135.17500000 0.00000000 
135.22500000 0.00000000 
135.27500000 0.00000000 
135.32500000 0.00000000 
135.37500000 0.00000000 
135.42500000 0.00000000 
135.47500000 0.00000000 
135.52500000 0.00000000 
135.57500000 0.00000000 
135.62500000 0.00000000 
135.67500000 0.00000000 
135.72500000 0.00000000 
135.77500000 0.00000000 
135.82500000 0.00000000 
135.87500000 0.00000000 
135.92500000 0.00000000 
135.97500000 0.00000000 
136.02500000 0.00000000 
136.07500000 0.00000000 
136.12500000 0.00000000 
136.17500000 0.00000000 
136.22500000 0.00000000 
136.27500000 0.00000000 
136.32500000 0.00000000 
136.37500000 0.00000000 
136.42500000 0.00000000 
136.47500000 0.00000000 
136.52500000 0.00000000 
136.57500000 0.00000000 
136.62500000 0.00000000 
136.67500000 0.00000000 
136.72500000 0.00000000 
136.77500000 0.00000000 
136.82500000 0.00000000 
136.87500000 0.00000000 
136.92500000 0.00000000 
136.97500000 0.00000000 
137.02500000 0.00000000 
137.07500000 0.00000000 
137.12500000 0.00000000 
137.17500000 0.00000000 
137.22500000 0.00000000 
137.27500000 0.00000000 
137.32500000 0.00000000 
137.37500000 0.00000000 
137.42500000 0.00000000 
137.47500000 0.00000000 
137.52500000 0.00000000 
137.57500000 0.00000000 
137.62500000 0.00000000 
137.67500000 0.00000000 
137.72500000 0.00000000 
137.77500000 0.00000000 
137.82500000 0.00000000 
137.87500000 0.00000000 
137.92500000 0.00000000 
137.97500000 0.00000000 
138.02500000 0.00000000 
138.07500000 0.00000000 
138.12500000 0.00000000 
138.17500000 0.00000000 
138.22500000 0.00000000 
138.27500000 0.00000000 
138.32500000 0.00000000 
138.37500000 0.00000000 
138.42500000 0.00000000 
138.47500000 0.00000000 
138.52500000 0.00000000 
138.57500000 0.00000000 
138.62500000 0.00000000 
138.67500000 0.00000000 
138.72500000 0.00000000 
138.77500000 0.00000000 
138.82500000 0.00000000 
138.87500000 0.00000000 
138.92500000 0.00000000 
138.97500000 0.00000000 
139.02500000 0.00000000 
139.07500000 0.00000000 
139.12500000 0.00000000 
139.17500000 0.00000000 
139.22500000 0.00000000 
139.27500000 0.00000000 
139.32500000 0.00000000 
139.37500000 0.00000000 
139.42500000 0.00000000 
139.47500000 0.00000000 
139.52500000 0.00000000 
139.57500000 0.00000000 
139.62500000 0.00000000 
139.67500000 0.00000000 
139.72500000 0.00000000 
139.77500000 0.00000000 
139.82500000 0.00000000 
139.87500000 0.00000000 
139.92500000 0.00000000 
139.97500000 0.00000000 
140.02500000 0.00000000 
140.07500000 0.00000000 
140.12500000 0.00000000 
140.17500000 0.00000000 
140.22500000 0.00000000 
140.27500000 0.00000000 
140.32500000 0.00000000 
140.37500000 0.00000000 
140.42500000 0.00000000 
140.47500000 0.00000000 
140.52500000 0.00000000 
140.57500000 0.00000000 
140.62500000 0.00000000 
140.67500000 0.00000000 
140.72500000 0.00000000 
140.77500000 0.00000000 
140.82500000 0.00000000 
140.87500000 0.00000000 
140.92500000 0.00000000 
140.97500000 0.00000000 
141.02500000 0.00000000 
141.07500000 0.00000000 
141.12500000 0.00000000 
141.17500000 0.00000000 
141.22500000 0.00000000 
141.27500000 0.00000000 
141.32500000 0.00000000 
141.37500000 0.00000000 
141.42500000 0.00000000 
141.47500000 0.00000000 
141.52500000 0.00000000 
141.57500000 0.00000000 
141.62500000 0.00000000 
141.67500000 0.00000000 
141.72500000 0.00000000 
141.77500000 0.00000000 
141.82500000 0.00000000 
141.87500000 0.00000000 
141.92500000 0.00000000 
141.97500000 0.00000000 
142.02500000 0.00000000 
142.07500000 0.00000000 
142.12500000 0.00000000 
142.17500000 0.00000000 
142.22500000 0.00000000 
142.27500000 0.00000000 
142.32500000 0.00000000 
142.37500000 0.00000000 
142.42500000 0.00000000 
142.47500000 0.00000000 
142.52500000 0.00000000 
142.57500000 0.00000000 
142.62500000 0.00000000 
142.67500000 0.00000000 
142.72500000 0.00000000 
142.77500000 0.00000000 
142.82500000 0.00000000 
142.87500000 0.00000000 
142.92500000 0.00000000 
142.97500000 0.00000000 
143.02500000 0.00000000 
143.07500000 0.00000000 
143.12500000 0.00000000 
143.17500000 0.00000000 
143.22500000 0.00000000 
143.27500000 0.00000000 
143.32500000 0.00000000 
143.37500000 0.00000000 
143.42500000 0.00000000 
143.47500000 0.00000000 
143.52500000 0.00000000 
143.57500000 0.00000000 
143.62500000 0.00000000 
143.67500000 0.00000000 
143.72500000 0.00000000 
143.77500000 0.00000000 
143.82500000 0.00000000 
143.87500000 0.00000000 
143.92500000 0.00000000 
143.97500000 0.00000000 
144.02500000 0.00000000 
144.07500000 0.00000000 
144.12500000 0.00000000 
144.17500000 0.00000000 
144.22500000 0.00000000 
144.27500000 0.00000000 
144.32500000 0.00000000 
144.37500000 0.00000000 
144.42500000 0.00000000 
144.47500000 0.00000000 
144.52500000 0.00000000 
144.57500000 0.00000000 
144.62500000 0.00000000 
144.67500000 0.00000000 
144.72500000 0.00000000 
144.77500000 0.00000000 
144.82500000 0.00000000 
144.87500000 0.00000000 
144.92500000 0.00000000 
144.97500000 0.00000000 
145.02500000 0.00000000 
145.07500000 0.00000000 
145.12500000 0.00000000 
145.17500000 0.00000000 
145.22500000 0.00000000 
145.27500000 0.00000000 
145.32500000 0.00000000 
145.37500000 0.00000000 
145.42500000 0.00000000 
145.47500000 0.00000000 
145.52500000 0.00000000 
145.57500000 0.00000000 
145.62500000 0.00000000 
145.67500000 0.00000000 
145.72500000 0.00000000 
145.77500000 0.00000000 
145.82500000 0.00000000 
145.87500000 0.00000000 
145.92500000 0.00000000 
145.97500000 0.00000000 
146.02500000 0.00000000 
146.07500000 0.00000000 
146.12500000 0.00000000 
146.17500000 0.00000000 
146.22500000 0.00000000 
146.27500000 0.00000000 
146.32500000 0.00000000 
146.37500000 0.00000000 
146.42500000 0.00000000 
146.47500000 0.00000000 
146.52500000 0.00000000 
146.57500000 0.00000000 
146.62500000 0.00000000 
146.67500000 0.00000000 
146.72500000 0.00000000 
146.77500000 0.00000000 
146.82500000 0.00000000 
146.87500000 0.00000000 
146.92500000 0.00000000 
146.97500000 0.00000000 
147.02500000 0.00000000 
147.07500000 0.00000000 
147.12500000 0.00000000 
147.17500000 0.00000000 
147.22500000 0.00000000 
147.27500000 0.00000000 
147.32500000 0.00000000 
147.37500000 0.00000000 
147.42500000 0.00000000 
147.47500000 0.00000000 
147.52500000 0.00000000 
147.57500000 0.00000000 
147.62500000 0.00000000 
147.67500000 0.00000000 
147.72500000 0.00000000 
147.77500000 0.00000000 
147.82500000 0.00000000 
147.87500000 0.00000000 
147.92500000 0.00000000 
147.97500000 0.00000000 
148.02500000 0.00000000 
148.07500000 0.00000000 
148.12500000 0.00000000 
148.17500000 0.00000000 
148.22500000 0.00000000 
148.27500000 0.00000000 
148.32500000 0.00000000 
148.37500000 0.00000000 
148.42500000 0.00000000 
148.47500000 0.00000000 
148.52500000 0.00000000 
148.57500000 0.00000000 
148.62500000 0.00000000 
148.67500000 0.00000000 
148.72500000 0.00000000 
148.77500000 0.00000000 
148.82500000 0.00000000 
148.87500000 0.00000000 
148.92500000 0.00000000 
148.97500000 0.00000000 
149.02500000 0.00000000 
149.07500000 0.00000000 
149.12500000 0.00000000 
149.17500000 0.00000000 
149.22500000 0.00000000 
149.27500000 0.00000000 
149.32500000 0.00000000 
149.37500000 0.00000000 
149.42500000 0.00000000 
149.47500000 0.00000000 
149.52500000 0.00000000 
149.57500000 0.00000000 
149.62500000 0.00000000 
149.67500000 0.00000000 
149.72500000 0.00000000 
149.77500000 0.00000000 
149.82500000 0.00000000 
149.87500000 0.00000000 
149.92500000 0.00000000 
149.97500000 0.00000000 
150.02500000 0.00000000 
150.07500000 0.00000000 
150.12500000 0.00000000 
150.17500000 0.00000000 
150.22500000 0.00000000 
150.27500000 0.00000000 
150.32500000 0.00000000 
150.37500000 0.00000000 
150.42500000 0.00000000 
150.47500000 0.00000000 
150.52500000 0.00000000 
150.57500000 0.00000000 
150.62500000 0.00000000 
150.67500000 0.00000000 
150.72500000 0.00000000 
150.77500000 0.00000000 
150.82500000 0.00000000 
150.87500000 0.00000000 
150.92500000 0.00000000 
150.97500000 0.00000000 
151.02500000 0.00000000 
151.07500000 0.00000000 
151.12500000 0.00000000 
151.17500000 0.00000000 
151.22500000 0.00000000 
151.27500000 0.00000000 
151.32500000 0.00000000 
151.37500000 0.00000000 
151.42500000 0.00000000 
151.47500000 0.00000000 
151.52500000 0.00000000 
151.57500000 0.00000000 
151.62500000 0.00000000 
151.67500000 0.00000000 
151.72500000 0.00000000 
151.77500000 0.00000000 
151.82500000 0.00000000 
151.87500000 0.00000000 
151.92500000 0.00000000 
151.97500000 0.00000000 
152.02500000 0.00000000 
152.07500000 0.00000000 
152.12500000 0.00000000 
152.17500000 0.00000000 
152.22500000 0.00000000 
152.27500000 0.00000000 
152.32500000 0.00000000 
152.37500000 0.00000000 
152.42500000 0.00000000 
152.47500000 0.00000000 
152.52500000 0.00000000 
152.57500000 0.00000000 
152.62500000 0.00000000 
152.67500000 0.00000000 
152.72500000 0.00000000 
152.77500000 0.00000000 
152.82500000 0.00000000 
152.87500000 0.00000000 
152.92500000 0.00000000 
152.97500000 0.00000000 
153.02500000 0.00000000 
153.07500000 0.00000000 
153.12500000 0.00000000 
153.17500000 0.00000000 
153.22500000 0.00000000 
153.27500000 0.00000000 
153.32500000 0.00000000 
153.37500000 0.00000000 
153.42500000 0.00000000 
153.47500000 0.00000000 
153.52500000 0.00000000 
153.57500000 0.00000000 
153.62500000 0.00000000 
153.67500000 0.00000000 
153.72500000 0.00000000 
153.77500000 0.00000000 
153.82500000 0.00000000 
153.87500000 0.00000000 
153.92500000 0.00000000 
153.97500000 0.00000000 
154.02500000 0.00000000 
154.07500000 0.00000000 
154.12500000 0.00000000 
154.17500000 0.00000000 
154.22500000 0.00000000 
154.27500000 0.00000000 
154.32500000 0.00000000 
154.37500000 0.00000000 
154.42500000 0.00000000 
154.47500000 0.00000000 
154.52500000 0.00000000 
154.57500000 0.00000000 
154.62500000 0.00000000 
154.67500000 0.00000000 
154.72500000 0.00000000 
154.77500000 0.00000000 
154.82500000 0.00000000 
154.87500000 0.00000000 
154.92500000 0.00000000 
154.97500000 0.00000000 
155.02500000 0.00000000 
155.07500000 0.00000000 
155.12500000 0.00000000 
155.17500000 0.00000000 
155.22500000 0.00000000 
155.27500000 0.00000000 
155.32500000 0.00000000 
155.37500000 0.00000000 
155.42500000 0.00000000 
155.47500000 0.00000000 
155.52500000 0.00000000 
155.57500000 0.00000000 
155.62500000 0.00000000 
155.67500000 0.00000000 
155.72500000 0.00000000 
155.77500000 0.00000000 
155.82500000 0.00000000 
155.87500000 0.00000000 
155.92500000 0.00000000 
155.97500000 0.00000000 
156.02500000 0.00000000 
156.07500000 0.00000000 
156.12500000 0.00000000 
156.17500000 0.00000000 
156.22500000 0.00000000 
156.27500000 0.00000000 
156.32500000 0.00000000 
156.37500000 0.00000000 
156.42500000 0.00000000 
156.47500000 0.00000000 
156.52500000 0.00000000 
156.57500000 0.00000000 
156.62500000 0.00000000 
156.67500000 0.00000000 
156.72500000 0.00000000 
156.77500000 0.00000000 
156.82500000 0.00000000 
156.87500000 0.00000000 
156.92500000 0.00000000 
156.97500000 0.00000000 
157.02500000 0.00000000 
157.07500000 0.00000000 
157.12500000 0.00000000 
157.17500000 0.00000000 
157.22500000 0.00000000 
157.27500000 0.00000000 
157.32500000 0.00000000 
157.37500000 0.00000000 
157.42500000 0.00000000 
157.47500000 0.00000000 
157.52500000 0.00000000 
157.57500000 0.00000000 
157.62500000 0.00000000 
157.67500000 0.00000000 
157.72500000 0.00000000 
157.77500000 0.00000000 
157.82500000 0.00000000 
157.87500000 0.00000000 
157.92500000 0.00000000 
157.97500000 0.00000000 
158.02500000 0.00000000 
158.07500000 0.00000000 
158.12500000 0.00000000 
158.17500000 0.00000000 
158.22500000 0.00000000 
158.27500000 0.00000000 
158.32500000 0.00000000 
158.37500000 0.00000000 
158.42500000 0.00000000 
158.47500000 0.00000000 
158.52500000 0.00000000 
158.57500000 0.00000000 
158.62500000 0.00000000 
158.67500000 0.00000000 
158.72500000 0.00000000 
158.77500000 0.00000000 
158.82500000 0.00000000 
158.87500000 0.00000000 
158.92500000 0.00000000 
158.97500000 0.00000000 
159.02500000 0.00000000 
159.07500000 0.00000000 
159.12500000 0.00000000 
159.17500000 0.00000000 
159.22500000 0.00000000 
159.27500000 0.00000000 
159.32500000 0.00000000 
159.37500000 0.00000000 
159.42500000 0.00000000 
159.47500000 0.00000000 
159.52500000 0.00000000 
159.57500000 0.00000000 
159.62500000 0.00000000 
159.67500000 0.00000000 
159.72500000 0.00000000 
159.77500000 0.00000000 
159.82500000 0.00000000 
159.87500000 0.00000000 
159.92500000 0.00000000 
159.97500000 0.00000000 
160.02500000 0.00000000 
160.07500000 0.00000000 
160.12500000 0.00000000 
160.17500000 0.00000000 
160.22500000 0.00000000 
160.27500000 0.00000000 
160.32500000 0.00000000 
160.37500000 0.00000000 
160.42500000 0.00000000 
160.47500000 0.00000000 
160.52500000 0.00000000 
160.57500000 0.00000000 
160.62500000 0.00000000 
160.67500000 0.00000000 
160.72500000 0.00000000 
160.77500000 0.00000000 
160.82500000 0.00000000 
160.87500000 0.00000000 
160.92500000 0.00000000 
160.97500000 0.00000000 
161.02500000 0.00000000 
161.07500000 0.00000000 
161.12500000 0.00000000 
161.17500000 0.00000000 
161.22500000 0.00000000 
161.27500000 0.00000000 
161.32500000 0.00000000 
161.37500000 0.00000000 
161.42500000 0.00000000 
161.47500000 0.00000000 
161.52500000 0.00000000 
161.57500000 0.00000000 
161.62500000 0.00000000 
161.67500000 0.00000000 
161.72500000 0.00000000 
161.77500000 0.00000000 
161.82500000 0.00000000 
161.87500000 0.00000000 
161.92500000 0.00000000 
161.97500000 0.00000000 
162.02500000 0.00000000 
162.07500000 0.00000000 
162.12500000 0.00000000 
162.17500000 0.00000000 
162.22500000 0.00000000 
162.27500000 0.00000000 
162.32500000 0.00000000 
162.37500000 0.00000000 
162.42500000 0.00000000 
162.47500000 0.00000000 
162.52500000 0.00000000 
162.57500000 0.00000000 
162.62500000 0.00000000 
162.67500000 0.00000000 
162.72500000 0.00000000 
162.77500000 0.00000000 
162.82500000 0.00000000 
162.87500000 0.00000000 
162.92500000 0.00000000 
162.97500000 0.00000000 
163.02500000 0.00000000 
163.07500000 0.00000000 
163.12500000 0.00000000 
163.17500000 0.00000000 
163.22500000 0.00000000 
163.27500000 0.00000000 
163.32500000 0.00000000 
163.37500000 0.00000000 
163.42500000 0.00000000 
163.47500000 0.00000000 
163.52500000 0.00000000 
163.57500000 0.00000000 
163.62500000 0.00000000 
163.67500000 0.00000000 
163.72500000 0.00000000 
163.77500000 0.00000000 
163.82500000 0.00000000 
163.87500000 0.00000000 
163.92500000 0.00000000 
163.97500000 0.00000000 
164.02500000 0.00000000 
164.07500000 0.00000000 
164.12500000 0.00000000 
164.17500000 0.00000000 
164.22500000 0.00000000 
164.27500000 0.00000000 
164.32500000 0.00000000 
164.37500000 0.00000000 
164.42500000 0.00000000 
164.47500000 0.00000000 
164.52500000 0.00000000 
164.57500000 0.00000000 
164.62500000 0.00000000 
164.67500000 0.00000000 
164.72500000 0.00000000 
164.77500000 0.00000000 
164.82500000 0.00000000 
164.87500000 0.00000000 
164.92500000 0.00000000 
164.97500000 0.00000000 
165.02500000 0.00000000 
165.07500000 0.00000000 
165.12500000 0.00000000 
165.17500000 0.00000000 
165.22500000 0.00000000 
165.27500000 0.00000000 
165.32500000 0.00000000 
165.37500000 0.00000000 
165.42500000 0.00000000 
165.47500000 0.00000000 
165.52500000 0.00000000 
165.57500000 0.00000000 
165.62500000 0.00000000 
165.67500000 0.00000000 
165.72500000 0.00000000 
165.77500000 0.00000000 
165.82500000 0.00000000 
165.87500000 0.00000000 
165.92500000 0.00000000 
165.97500000 0.00000000 
166.02500000 0.00000000 
166.07500000 0.00000000 
166.12500000 0.00000000 
166.17500000 0.00000000 
166.22500000 0.00000000 
166.27500000 0.00000000 
166.32500000 0.00000000 
166.37500000 0.00000000 
166.42500000 0.00000000 
166.47500000 0.00000000 
166.52500000 0.00000000 
166.57500000 0.00000000 
166.62500000 0.00000000 
166.67500000 0.00000000 
166.72500000 0.00000000 
166.77500000 0.00000000 
166.82500000 0.00000000 
166.87500000 0.00000000 
166.92500000 0.00000000 
166.97500000 0.00000000 
167.02500000 0.00000000 
167.07500000 0.00000000 
167.12500000 0.00000000 
167.17500000 0.00000000 
167.22500000 0.00000000 
167.27500000 0.00000000 
167.32500000 0.00000000 
167.37500000 0.00000000 
167.42500000 0.00000000 
167.47500000 0.00000000 
167.52500000 0.00000000 
167.57500000 0.00000000 
167.62500000 0.00000000 
167.67500000 0.00000000 
167.72500000 0.00000000 
167.77500000 0.00000000 
167.82500000 0.00000000 
167.87500000 0.00000000 
167.92500000 0.00000000 
167.97500000 0.00000000 
168.02500000 0.00000000 
168.07500000 0.00000000 
168.12500000 0.00000000 
168.17500000 0.00000000 
168.22500000 0.00000000 
168.27500000 0.00000000 
168.32500000 0.00000000 
168.37500000 0.00000000 
168.42500000 0.00000000 
168.47500000 0.00000000 
168.52500000 0.00000000 
168.57500000 0.00000000 
168.62500000 0.00000000 
168.67500000 0.00000000 
168.72500000 0.00000000 
168.77500000 0.00000000 
168.82500000 0.00000000 
168.87500000 0.00000000 
168.92500000 0.00000000 
168.97500000 0.00000000 
169.02500000 0.00000000 
169.07500000 0.00000000 
169.12500000 0.00000000 
169.17500000 0.00000000 
169.22500000 0.00000000 
169.27500000 0.00000000 
169.32500000 0.00000000 
169.37500000 0.00000000 
169.42500000 0.00000000 
169.47500000 0.00000000 
169.52500000 0.00000000 
169.57500000 0.00000000 
169.62500000 0.00000000 
169.67500000 0.00000000 
169.72500000 0.00000000 
169.77500000 0.00000000 
169.82500000 0.00000000 
169.87500000 0.00000000 
169.92500000 0.00000000 
169.97500000 0.00000000 
170.02500000 0.00000000 
170.07500000 0.00000000 
170.12500000 0.00000000 
170.17500000 0.00000000 
170.22500000 0.00000000 
170.27500000 0.00000000 
170.32500000 0.00000000 
170.37500000 0.00000000 
170.42500000 0.00000000 
170.47500000 0.00000000 
170.52500000 0.00000000 
170.57500000 0.00000000 
170.62500000 0.00000000 
170.67500000 0.00000000 
170.72500000 0.00000000 
170.77500000 0.00000000 
170.82500000 0.00000000 
170.87500000 0.00000000 
170.92500000 0.00000000 
170.97500000 0.00000000 
171.02500000 0.00000000 
171.07500000 0.00000000 
171.12500000 0.00000000 
171.17500000 0.00000000 
171.22500000 0.00000000 
171.27500000 0.00000000 
171.32500000 0.00000000 
171.37500000 0.00000000 
171.42500000 0.00000000 
171.47500000 0.00000000 
171.52500000 0.00000000 
171.57500000 0.00000000 
171.62500000 0.00000000 
171.67500000 0.00000000 
171.72500000 0.00000000 
171.77500000 0.00000000 
171.82500000 0.00000000 
171.87500000 0.00000000 
171.92500000 0.00000000 
171.97500000 0.00000000 
172.02500000 0.00000000 
172.07500000 0.00000000 
172.12500000 0.00000000 
172.17500000 0.00000000 
172.22500000 0.00000000 
172.27500000 0.00000000 
172.32500000 0.00000000 
172.37500000 0.00000000 
172.42500000 0.00000000 
172.47500000 0.00000000 
172.52500000 0.00000000 
172.57500000 0.00000000 
172.62500000 0.00000000 
172.67500000 0.00000000 
172.72500000 0.00000000 
172.77500000 0.00000000 
172.82500000 0.00000000 
172.87500000 0.00000000 
172.92500000 0.00000000 
172.97500000 0.00000000 
173.02500000 0.00000000 
173.07500000 0.00000000 
173.12500000 0.00000000 
173.17500000 0.00000000 
173.22500000 0.00000000 
173.27500000 0.00000000 
173.32500000 0.00000000 
173.37500000 0.00000000 
173.42500000 0.00000000 
173.47500000 0.00000000 
173.52500000 0.00000000 
173.57500000 0.00000000 
173.62500000 0.00000000 
173.67500000 0.00000000 
173.72500000 0.00000000 
173.77500000 0.00000000 
173.82500000 0.00000000 
173.87500000 0.00000000 
173.92500000 0.00000000 
173.97500000 0.00000000 
174.02500000 0.00000000 
174.07500000 0.00000000 
174.12500000 0.00000000 
174.17500000 0.00000000 
174.22500000 0.00000000 
174.27500000 0.00000000 
174.32500000 0.00000000 
174.37500000 0.00000000 
174.42500000 0.00000000 
174.47500000 0.00000000 
174.52500000 0.00000000 
174.57500000 0.00000000 
174.62500000 0.00000000 
174.67500000 0.00000000 
174.72500000 0.00000000 
174.77500000 0.00000000 
174.82500000 0.00000000 
174.87500000 0.00000000 
174.92500000 0.00000000 
174.97500000 0.00000000 
175.02500000 0.00000000 
175.07500000 0.00000000 
175.12500000 0.00000000 
175.17500000 0.00000000 
175.22500000 0.00000000 
175.27500000 0.00000000 
175.32500000 0.00000000 
175.37500000 0.00000000 
175.42500000 0.00000000 
175.47500000 0.00000000 
175.52500000 0.00000000 
175.57500000 0.00000000 
175.62500000 0.00000000 
175.67500000 0.00000000 
175.72500000 0.00000000 
175.77500000 0.00000000 
175.82500000 0.00000000 
175.87500000 0.00000000 
175.92500000 0.00000000 
175.97500000 0.00000000 
176.02500000 0.00000000 
176.07500000 0.00000000 
176.12500000 0.00000000 
176.17500000 0.00000000 
176.22500000 0.00000000 
176.27500000 0.00000000 
176.32500000 0.00000000 
176.37500000 0.00000000 
176.42500000 0.00000000 
176.47500000 0.00000000 
176.52500000 0.00000000 
176.57500000 0.00000000 
176.62500000 0.00000000 
176.67500000 0.00000000 
176.72500000 0.00000000 
176.77500000 0.00000000 
176.82500000 0.00000000 
176.87500000 0.00000000 
176.92500000 0.00000000 
176.97500000 0.00000000 
177.02500000 0.00000000 
177.07500000 0.00000000 
177.12500000 0.00000000 
177.17500000 0.00000000 
177.22500000 0.00000000 
177.27500000 0.00000000 
177.32500000 0.00000000 
177.37500000 0.00000000 
177.42500000 0.00000000 
177.47500000 0.00000000 
177.52500000 0.00000000 
177.57500000 0.00000000 
177.62500000 0.00000000 
177.67500000 0.00000000 
177.72500000 0.00000000 
177.77500000 0.00000000 
177.82500000 0.00000000 
177.87500000 0.00000000 
177.92500000 0.00000000 
177.97500000 0.00000000 
178.02500000 0.00000000 
178.07500000 0.00000000 
178.12500000 0.00000000 
178.17500000 0.00000000 
178.22500000 0.00000000 
178.27500000 0.00000000 
178.32500000 0.00000000 
178.37500000 0.00000000 
178.42500000 0.00000000 
178.47500000 0.00000000 
178.52500000 0.00000000 
178.57500000 0.00000000 
178.62500000 0.00000000 
178.67500000 0.00000000 
178.72500000 0.00000000 
178.77500000 0.00000000 
178.82500000 0.00000000 
178.87500000 0.00000000 
178.92500000 0.00000000 
178.97500000 0.00000000 
179.02500000 0.00000000 
179.07500000 0.00000000 
179.12500000 0.00000000 
179.17500000 0.00000000 
179.22500000 0.00000000 
179.27500000 0.00000000 
179.32500000 0.00000000 
179.37500000 0.00000000 
179.42500000 0.00000000 
179.47500000 0.00000000 
179.52500000 0.00000000 
179.57500000 0.00000000 
179.62500000 0.00000000 
179.67500000 0.00000000 
179.72500000 0.00000000 
179.77500000 0.00000000 
179.82500000 0.00000000 
179.87500000 0.00000000 
179.92500000 0.00000000 
179.97500000 0.00000000 
180.02500000 0.00000000 
180.07500000 0.00000000 
180.12500000 0.00000000 
180.17500000 0.00000000 
180.22500000 0.00000000 
180.27500000 0.00000000 
180.32500000 0.00000000 
180.37500000 0.00000000 
180.42500000 0.00000000 
180.47500000 0.00000000 
180.52500000 0.00000000 
180.57500000 0.00000000 
180.62500000 0.00000000 
180.67500000 0.00000000 
180.72500000 0.00000000 
180.77500000 0.00000000 
180.82500000 0.00000000 
180.87500000 0.00000000 
180.92500000 0.00000000 
180.97500000 0.00000000 
181.02500000 0.00000000 
181.07500000 0.00000000 
181.12500000 0.00000000 
181.17500000 0.00000000 
181.22500000 0.00000000 
181.27500000 0.00000000 
181.32500000 0.00000000 
181.37500000 0.00000000 
181.42500000 0.00000000 
181.47500000 0.00000000 
181.52500000 0.00000000 
181.57500000 0.00000000 
181.62500000 0.00000000 
181.67500000 0.00000000 
181.72500000 0.00000000 
181.77500000 0.00000000 
181.82500000 0.00000000 
181.87500000 0.00000000 
181.92500000 0.00000000 
181.97500000 0.00000000 
182.02500000 0.00000000 
182.07500000 0.00000000 
182.12500000 0.00000000 
182.17500000 0.00000000 
182.22500000 0.00000000 
182.27500000 0.00000000 
182.32500000 0.00000000 
182.37500000 0.00000000 
182.42500000 0.00000000 
182.47500000 0.00000000 
182.52500000 0.00000000 
182.57500000 0.00000000 
182.62500000 0.00000000 
182.67500000 0.00000000 
182.72500000 0.00000000 
182.77500000 0.00000000 
182.82500000 0.00000000 
182.87500000 0.00000000 
182.92500000 0.00000000 
182.97500000 0.00000000 
183.02500000 0.00000000 
183.07500000 0.00000000 
183.12500000 0.00000000 
183.17500000 0.00000000 
183.22500000 0.00000000 
183.27500000 0.00000000 
183.32500000 0.00000000 
183.37500000 0.00000000 
183.42500000 0.00000000 
183.47500000 0.00000000 
183.52500000 0.00000000 
183.57500000 0.00000000 
183.62500000 0.00000000 
183.67500000 0.00000000 
183.72500000 0.00000000 
183.77500000 0.00000000 
183.82500000 0.00000000 
183.87500000 0.00000000 
183.92500000 0.00000000 
183.97500000 0.00000000 
184.02500000 0.00000000 
184.07500000 0.00000000 
184.12500000 0.00000000 
184.17500000 0.00000000 
184.22500000 0.00000000 
184.27500000 0.00000000 
184.32500000 0.00000000 
184.37500000 0.00000000 
184.42500000 0.00000000 
184.47500000 0.00000000 
184.52500000 0.00000000 
184.57500000 0.00000000 
184.62500000 0.00000000 
184.67500000 0.00000000 
184.72500000 0.00000000 
184.77500000 0.00000000 
184.82500000 0.00000000 
184.87500000 0.00000000 
184.92500000 0.00000000 
184.97500000 0.00000000 
185.02500000 0.00000000 
185.07500000 0.00000000 
185.12500000 0.00000000 
185.17500000 0.00000000 
185.22500000 0.00000000 
185.27500000 0.00000000 
185.32500000 0.00000000 
185.37500000 0.00000000 
185.42500000 0.00000000 
185.47500000 0.00000000 
185.52500000 0.00000000 
185.57500000 0.00000000 
185.62500000 0.00000000 
185.67500000 0.00000000 
185.72500000 0.00000000 
185.77500000 0.00000000 
185.82500000 0.00000000 
185.87500000 0.00000000 
185.92500000 0.00000000 
185.97500000 0.00000000 
186.02500000 0.00000000 
186.07500000 0.00000000 
186.12500000 0.00000000 
186.17500000 0.00000000 
186.22500000 0.00000000 
186.27500000 0.00000000 
186.32500000 0.00000000 
186.37500000 0.00000000 
186.42500000 0.00000000 
186.47500000 0.00000000 
186.52500000 0.00000000 
186.57500000 0.00000000 
186.62500000 0.00000000 
186.67500000 0.00000000 
186.72500000 0.00000000 
186.77500000 0.00000000 
186.82500000 0.00000000 
186.87500000 0.00000000 
186.92500000 0.00000000 
186.97500000 0.00000000 
187.02500000 0.00000000 
187.07500000 0.00000000 
187.12500000 0.00000000 
187.17500000 0.00000000 
187.22500000 0.00000000 
187.27500000 0.00000000 
187.32500000 0.00000000 
187.37500000 0.00000000 
187.42500000 0.00000000 
187.47500000 0.00000000 
187.52500000 0.00000000 
187.57500000 0.00000000 
187.62500000 0.00000000 
187.67500000 0.00000000 
187.72500000 0.00000000 
187.77500000 0.00000000 
187.82500000 0.00000000 
187.87500000 0.00000000 
187.92500000 0.00000000 
187.97500000 0.00000000 
188.02500000 0.00000000 
188.07500000 0.00000000 
188.12500000 0.00000000 
188.17500000 0.00000000 
188.22500000 0.00000000 
188.27500000 0.00000000 
188.32500000 0.00000000 
188.37500000 0.00000000 
188.42500000 0.00000000 
188.47500000 0.00000000 
188.52500000 0.00000000 
188.57500000 0.00000000 
188.62500000 0.00000000 
188.67500000 0.00000000 
188.72500000 0.00000000 
188.77500000 0.00000000 
188.82500000 0.00000000 
188.87500000 0.00000000 
188.92500000 0.00000000 
188.97500000 0.00000000 
189.02500000 0.00000000 
189.07500000 0.00000000 
189.12500000 0.00000000 
189.17500000 0.00000000 
189.22500000 0.00000000 
189.27500000 0.00000000 
189.32500000 0.00000000 
189.37500000 0.00000000 
189.42500000 0.00000000 
189.47500000 0.00000000 
189.52500000 0.00000000 
189.57500000 0.00000000 
189.62500000 0.00000000 
189.67500000 0.00000000 
189.72500000 0.00000000 
189.77500000 0.00000000 
189.82500000 0.00000000 
189.87500000 0.00000000 
189.92500000 0.00000000 
189.97500000 0.00000000 
190.02500000 0.00000000 
190.07500000 0.00000000 
190.12500000 0.00000000 
190.17500000 0.00000000 
190.22500000 0.00000000 
190.27500000 0.00000000 
190.32500000 0.00000000 
190.37500000 0.00000000 
190.42500000 0.00000000 
190.47500000 0.00000000 
190.52500000 0.00000000 
190.57500000 0.00000000 
190.62500000 0.00000000 
190.67500000 0.00000000 
190.72500000 0.00000000 
190.77500000 0.00000000 
190.82500000 0.00000000 
190.87500000 0.00000000 
190.92500000 0.00000000 
190.97500000 0.00000000 
191.02500000 0.00000000 
191.07500000 0.00000000 
191.12500000 0.00000000 
191.17500000 0.00000000 
191.22500000 0.00000000 
191.27500000 0.00000000 
191.32500000 0.00000000 
191.37500000 0.00000000 
191.42500000 0.00000000 
191.47500000 0.00000000 
191.52500000 0.00000000 
191.57500000 0.00000000 
191.62500000 0.00000000 
191.67500000 0.00000000 
191.72500000 0.00000000 
191.77500000 0.00000000 
191.82500000 0.00000000 
191.87500000 0.00000000 
191.92500000 0.00000000 
191.97500000 0.00000000 
192.02500000 0.00000000 
192.07500000 0.00000000 
192.12500000 0.00000000 
192.17500000 0.00000000 
192.22500000 0.00000000 
192.27500000 0.00000000 
192.32500000 0.00000000 
192.37500000 0.00000000 
192.42500000 0.00000000 
192.47500000 0.00000000 
192.52500000 0.00000000 
192.57500000 0.00000000 
192.62500000 0.00000000 
192.67500000 0.00000000 
192.72500000 0.00000000 
192.77500000 0.00000000 
192.82500000 0.00000000 
192.87500000 0.00000000 
192.92500000 0.00000000 
192.97500000 0.00000000 
193.02500000 0.00000000 
193.07500000 0.00000000 
193.12500000 0.00000000 
193.17500000 0.00000000 
193.22500000 0.00000000 
193.27500000 0.00000000 
193.32500000 0.00000000 
193.37500000 0.00000000 
193.42500000 0.00000000 
193.47500000 0.00000000 
193.52500000 0.00000000 
193.57500000 0.00000000 
193.62500000 0.00000000 
193.67500000 0.00000000 
193.72500000 0.00000000 
193.77500000 0.00000000 
193.82500000 0.00000000 
193.87500000 0.00000000 
193.92500000 0.00000000 
193.97500000 0.00000000 
194.02500000 0.00000000 
194.07500000 0.00000000 
194.12500000 0.00000000 
194.17500000 0.00000000 
194.22500000 0.00000000 
194.27500000 0.00000000 
194.32500000 0.00000000 
194.37500000 0.00000000 
194.42500000 0.00000000 
194.47500000 0.00000000 
194.52500000 0.00000000 
194.57500000 0.00000000 
194.62500000 0.00000000 
194.67500000 0.00000000 
194.72500000 0.00000000 
194.77500000 0.00000000 
194.82500000 0.00000000 
194.87500000 0.00000000 
194.92500000 0.00000000 
194.97500000 0.00000000 
195.02500000 0.00000000 
195.07500000 0.00000000 
195.12500000 0.00000000 
195.17500000 0.00000000 
195.22500000 0.00000000 
195.27500000 0.00000000 
195.32500000 0.00000000 
195.37500000 0.00000000 
195.42500000 0.00000000 
195.47500000 0.00000000 
195.52500000 0.00000000 
195.57500000 0.00000000 
195.62500000 0.00000000 
195.67500000 0.00000000 
195.72500000 0.00000000 
195.77500000 0.00000000 
195.82500000 0.00000000 
195.87500000 0.00000000 
195.92500000 0.00000000 
195.97500000 0.00000000 
196.02500000 0.00000000 
196.07500000 0.00000000 
196.12500000 0.00000000 
196.17500000 0.00000000 
196.22500000 0.00000000 
196.27500000 0.00000000 
196.32500000 0.00000000 
196.37500000 0.00000000 
196.42500000 0.00000000 
196.47500000 0.00000000 
196.52500000 0.00000000 
196.57500000 0.00000000 
196.62500000 0.00000000 
196.67500000 0.00000000 
196.72500000 0.00000000 
196.77500000 0.00000000 
196.82500000 0.00000000 
196.87500000 0.00000000 
196.92500000 0.00000000 
196.97500000 0.00000000 
197.02500000 0.00000000 
197.07500000 0.00000000 
197.12500000 0.00000000 
197.17500000 0.00000000 
197.22500000 0.00000000 
197.27500000 0.00000000 
197.32500000 0.00000000 
197.37500000 0.00000000 
197.42500000 0.00000000 
197.47500000 0.00000000 
197.52500000 0.00000000 
197.57500000 0.00000000 
197.62500000 0.00000000 
197.67500000 0.00000000 
197.72500000 0.00000000 
197.77500000 0.00000000 
197.82500000 0.00000000 
197.87500000 0.00000000 
197.92500000 0.00000000 
197.97500000 0.00000000 
198.02500000 0.00000000 
198.07500000 0.00000000 
198.12500000 0.00000000 
198.17500000 0.00000000 
198.22500000 0.00000000 
198.27500000 0.00000000 
198.32500000 0.00000000 
198.37500000 0.00000000 
198.42500000 0.00000000 
198.47500000 0.00000000 
198.52500000 0.00000000 
198.57500000 0.00000000 
198.62500000 0.00000000 
198.67500000 0.00000000 
198.72500000 0.00000000 
198.77500000 0.00000000 
198.82500000 0.00000000 
198.87500000 0.00000000 
198.92500000 0.00000000 
198.97500000 0.00000000 
199.02500000 0.00000000 
199.07500000 0.00000000 
199.12500000 0.00000000 
199.17500000 0.00000000 
199.22500000 0.00000000 
199.27500000 0.00000000 
199.32500000 0.00000000 
199.37500000 0.00000000 
199.42500000 0.00000000 
199.47500000 0.00000000 
199.52500000 0.00000000 
199.57500000 0.00000000 
199.62500000 0.00000000 
199.67500000 0.00000000 
199.72500000 0.00000000 
199.77500000 0.00000000 
199.82500000 0.00000000 
199.87500000 0.00000000 
199.92500000 0.00000000 
199.97500000 0.00000000 
