0.02500000 0.00057443 
0.07500000 0.00115145 
0.12500000 0.00173364 
0.17500000 0.00232361 
0.22500000 0.00292393 
0.27500000 0.00353721 
0.32500000 0.00416605 
0.37500000 0.00481304 
0.42500000 0.00548078 
0.47500000 0.00617188 
0.52500000 0.00688895 
0.57500000 0.00763459 
0.62500000 0.00841141 
0.67500000 0.00922201 
0.72500000 0.01006900 
0.77500000 0.01095495 
0.82500000 0.01188246 
0.87500000 0.01285410 
0.92500000 0.01387241 
0.97500000 0.01493993 
1.02500000 0.01605915 
1.07500000 0.01723256 
1.12500000 0.01846259 
1.17500000 0.01975163 
1.22500000 0.02110202 
1.27500000 0.02251604 
1.32500000 0.02399591 
1.37500000 0.02554378 
1.42500000 0.02716170 
1.47500000 0.02885165 
1.52500000 0.03061550 
1.57500000 0.03245501 
1.62500000 0.03437181 
1.67500000 0.03636741 
1.72500000 0.03844318 
1.77500000 0.04060034 
1.82500000 0.04283993 
1.87500000 0.04516284 
1.92500000 0.04756976 
1.97500000 0.05006118 
2.02500000 0.05263740 
2.07500000 0.05529850 
2.12500000 0.05804433 
2.17500000 0.06087450 
2.22500000 0.06378838 
2.27500000 0.06678509 
2.32500000 0.06986348 
2.37500000 0.07302213 
2.42500000 0.07625936 
2.47500000 0.07957317 
2.52500000 0.08296132 
2.57500000 0.08642124 
2.62500000 0.08995007 
2.67500000 0.09354468 
2.72500000 0.09720160 
2.77500000 0.10091710 
2.82500000 0.10468712 
2.87500000 0.10850734 
2.92500000 0.11237311 
2.97500000 0.11627953 
3.02500000 0.12022140 
3.07500000 0.12419327 
3.12500000 0.12818940 
3.17500000 0.13220382 
3.22500000 0.13623033 
3.27500000 0.14026249 
3.32500000 0.14429366 
3.37500000 0.14831700 
3.42500000 0.15232550 
3.47500000 0.15631200 
3.52500000 0.16026920 
3.57500000 0.16418968 
3.62500000 0.16806594 
3.67500000 0.17189041 
3.72500000 0.17565545 
3.77500000 0.17935343 
3.82500000 0.18297671 
3.87500000 0.18651770 
3.92500000 0.18996883 
3.97500000 0.19332264 
4.02500000 0.19657179 
4.07500000 0.19970905 
4.12500000 0.20272736 
4.17500000 0.20561987 
4.22500000 0.20837993 
4.27500000 0.21100112 
4.32500000 0.21347730 
4.37500000 0.21580264 
4.42500000 0.21797157 
4.47500000 0.21997891 
4.52500000 0.22181980 
4.57500000 0.22348978 
4.62500000 0.22498475 
4.67500000 0.22630105 
4.72500000 0.22743544 
4.77500000 0.22838511 
4.82500000 0.22914769 
4.87500000 0.22972130 
4.92500000 0.23010451 
4.97500000 0.23029635 
5.02500000 0.23029635 
5.07500000 0.23010451 
5.12500000 0.22972130 
5.17500000 0.22914769 
5.22500000 0.22838511 
5.27500000 0.22743544 
5.32500000 0.22630105 
5.37500000 0.22498475 
5.42500000 0.22348978 
5.47500000 0.22181980 
5.52500000 0.21997891 
5.57500000 0.21797157 
5.62500000 0.21580264 
5.67500000 0.21347730 
5.72500000 0.21100112 
5.77500000 0.20837993 
5.82500000 0.20561987 
5.87500000 0.20272736 
5.92500000 0.19970905 
5.97500000 0.19657179 
6.02500000 0.19332264 
6.07500000 0.18996883 
6.12500000 0.18651770 
6.17500000 0.18297671 
6.22500000 0.17935343 
6.27500000 0.17565545 
6.32500000 0.17189041 
6.37500000 0.16806594 
6.42500000 0.16418968 
6.47500000 0.16026920 
6.52500000 0.15631200 
6.57500000 0.15232550 
6.62500000 0.14831700 
6.67500000 0.14429366 
6.72500000 0.14026249 
6.77500000 0.13623033 
6.82500000 0.13220382 
6.87500000 0.12818940 
6.92500000 0.12419327 
6.97500000 0.12022140 
7.02500000 0.11627953 
7.07500000 0.11237311 
7.12500000 0.10850734 
7.17500000 0.10468712 
7.22500000 0.10091710 
7.27500000 0.09720160 
7.32500000 0.09354468 
7.37500000 0.08995007 
7.42500000 0.08642124 
7.47500000 0.08296132 
7.52500000 0.07957317 
7.57500000 0.07625936 
7.62500000 0.07302213 
7.67500000 0.06986348 
7.72500000 0.06678509 
7.77500000 0.06378838 
7.82500000 0.06087450 
7.87500000 0.05804433 
7.92500000 0.05529850 
7.97500000 0.05263740 
8.02500000 0.05006118 
8.07500000 0.04756976 
8.12500000 0.04516284 
8.17500000 0.04283993 
8.22500000 0.04060034 
8.27500000 0.03844318 
8.32500000 0.03636741 
8.37500000 0.03437181 
8.42500000 0.03245501 
8.47500000 0.03061550 
8.52500000 0.02885165 
8.57500000 0.02716170 
8.62500000 0.02554378 
8.67500000 0.02399591 
8.72500000 0.02251604 
8.77500000 0.02110202 
8.82500000 0.01975163 
8.87500000 0.01846259 
8.92500000 0.01723256 
8.97500000 0.01605915 
9.02500000 0.01493993 
9.07500000 0.01387241 
9.12500000 0.01285410 
9.17500000 0.01188246 
9.22500000 0.01095495 
9.27500000 0.01006900 
9.32500000 0.00922201 
9.37500000 0.00841141 
9.42500000 0.00763459 
9.47500000 0.00688895 
9.52500000 0.00617188 
9.57500000 0.00548078 
9.62500000 0.00481304 
9.67500000 0.00416605 
9.72500000 0.00353721 
9.77500000 0.00292393 
9.82500000 0.00232361 
9.87500000 0.00173364 
9.92500000 0.00115145 
9.97500000 0.00057443 
