-9.97500000 0.00000000 
-9.92500000 0.00000000 
-9.87500000 0.00000000 
-9.82500000 0.00000000 
-9.77500000 0.00000000 
-9.72500000 0.00000000 
-9.67500000 0.00000000 
-9.62500000 0.00000000 
-9.57500000 0.00000000 
-9.52500000 0.00000000 
-9.47500000 0.00000000 
-9.42500000 0.00000000 
-9.37500000 0.00000000 
-9.32500000 0.00000000 
-9.27500000 0.00000000 
-9.22500000 0.00000000 
-9.17500000 0.00000000 
-9.12500000 0.00000000 
-9.07500000 0.00000000 
-9.02500000 0.00000000 
-8.97500000 0.00000000 
-8.92500000 0.00000000 
-8.87500000 0.00000000 
-8.82500000 0.00000000 
-8.77500000 0.00000000 
-8.72500000 0.00000000 
-8.67500000 0.00000000 
-8.62500000 0.00000000 
-8.57500000 0.00000000 
-8.52500000 0.00000000 
-8.47500000 0.00000000 
-8.42500000 0.00000000 
-8.37500000 0.00000000 
-8.32500000 0.00000000 
-8.27500000 0.00000000 
-8.22500000 0.00000000 
-8.17500000 0.00000000 
-8.12500000 0.00000000 
-8.07500000 0.00000000 
-8.02500000 0.00000000 
-7.97500000 0.00000000 
-7.92500000 0.00000000 
-7.87500000 0.00000000 
-7.82500000 0.00000000 
-7.77500000 0.00000000 
-7.72500000 0.00000000 
-7.67500000 0.00000000 
-7.62500000 0.00000000 
-7.57500000 0.00000000 
-7.52500000 0.00000001 
-7.47500000 0.00000001 
-7.42500000 0.00000003 
-7.37500000 0.00000005 
-7.32500000 0.00000011 
-7.27500000 0.00000022 
-7.22500000 0.00000042 
-7.17500000 0.00000081 
-7.12500000 0.00000155 
-7.07500000 0.00000289 
-7.02500000 0.00000533 
-6.97500000 0.00000965 
-6.92500000 0.00001720 
-6.87500000 0.00003018 
-6.82500000 0.00005212 
-6.77500000 0.00008861 
-6.72500000 0.00014836 
-6.67500000 0.00024465 
-6.62500000 0.00039740 
-6.57500000 0.00063588 
-6.52500000 0.00100237 
-6.47500000 0.00155673 
-6.42500000 0.00238203 
-6.37500000 0.00359131 
-6.32500000 0.00533525 
-6.27500000 0.00781037 
-6.22500000 0.01126740 
-6.17500000 0.01601879 
-6.12500000 0.02244422 
-6.07500000 0.03099287 
-6.02500000 0.04218058 
-5.97500000 0.05658036 
-5.92500000 0.07480457 
-5.87500000 0.09747773 
-5.82500000 0.12519928 
-5.77500000 0.15849690 
-5.72500000 0.19777203 
-5.67500000 0.24324064 
-5.62500000 0.29487369 
-5.57500000 0.35234271 
-5.52500000 0.41497700 
-5.47500000 0.48173860 
-5.42500000 0.55122101 
-5.37500000 0.62167595 
-5.32500000 0.69107023 
-5.27500000 0.75717205 
-5.22500000 0.81766290 
-5.17500000 0.87026783 
-5.12500000 0.91289466 
-5.07500000 0.94377027 
-5.02500000 0.96156202 
-4.97500000 0.96547263 
-4.92500000 0.95529923 
-4.87500000 0.93145050 
-4.82500000 0.89491975 
-4.77500000 0.84721652 
-4.72500000 0.79026315 
-4.67500000 0.72626622 
-4.62500000 0.65757489 
-4.57500000 0.58653889 
-4.52500000 0.51537801 
-4.47500000 0.44607291 
-4.42500000 0.38028409 
-4.37500000 0.31930247 
-4.32500000 0.26403153 
-4.27500000 0.21499805 
-4.22500000 0.17238627 
-4.17500000 0.13608901 
-4.12500000 0.10576864 
-4.07500000 0.08092150 
-4.02500000 0.06093988 
-3.97500000 0.04516733 
-3.92500000 0.03294451 
-3.87500000 0.02364416 
-3.82500000 0.01669504 
-3.77500000 0.01159607 
-3.72500000 0.00792186 
-3.67500000 0.00532193 
-3.62500000 0.00351537 
-3.57500000 0.00228282 
-3.52500000 0.00145719 
-3.47500000 0.00091422 
-3.42500000 0.00056366 
-3.37500000 0.00034146 
-3.32500000 0.00020319 
-3.27500000 0.00011874 
-3.22500000 0.00006812 
-3.17500000 0.00003835 
-3.12500000 0.00002118 
-3.07500000 0.00001148 
-3.02500000 0.00000611 
-2.97500000 0.00000319 
-2.92500000 0.00000164 
-2.87500000 0.00000082 
-2.82500000 0.00000041 
-2.77500000 0.00000019 
-2.72500000 0.00000009 
-2.67500000 0.00000004 
-2.62500000 0.00000002 
-2.57500000 0.00000001 
-2.52500000 0.00000000 
-2.47500000 0.00000000 
-2.42500000 0.00000000 
-2.37500000 0.00000000 
-2.32500000 0.00000000 
-2.27500000 0.00000000 
-2.22500000 0.00000000 
-2.17500000 0.00000000 
-2.12500000 0.00000000 
-2.07500000 0.00000000 
-2.02500000 0.00000000 
-1.97500000 0.00000000 
-1.92500000 0.00000000 
-1.87500000 0.00000000 
-1.82500000 0.00000000 
-1.77500000 0.00000000 
-1.72500000 0.00000000 
-1.67500000 0.00000000 
-1.62500000 0.00000000 
-1.57500000 0.00000000 
-1.52500000 0.00000000 
-1.47500000 0.00000000 
-1.42500000 0.00000000 
-1.37500000 0.00000000 
-1.32500000 0.00000000 
-1.27500000 0.00000000 
-1.22500000 0.00000000 
-1.17500000 0.00000000 
-1.12500000 0.00000000 
-1.07500000 0.00000000 
-1.02500000 0.00000000 
-0.97500000 0.00000000 
-0.92500000 0.00000000 
-0.87500000 0.00000000 
-0.82500000 0.00000000 
-0.77500000 0.00000000 
-0.72500000 0.00000000 
-0.67500000 0.00000000 
-0.62500000 0.00000000 
-0.57500000 0.00000000 
-0.52500000 0.00000000 
-0.47500000 0.00000000 
-0.42500000 0.00000000 
-0.37500000 0.00000000 
-0.32500000 0.00000000 
-0.27500000 0.00000000 
-0.22500000 0.00000000 
-0.17500000 0.00000000 
-0.12500000 0.00000000 
-0.07500000 0.00000000 
-0.02500000 0.00000000 
0.02500000 0.00000000 
0.07500000 0.00000000 
0.12500000 0.00000000 
0.17500000 0.00000000 
0.22500000 0.00000000 
0.27500000 0.00000000 
0.32500000 0.00000000 
0.37500000 0.00000000 
0.42500000 0.00000000 
0.47500000 0.00000000 
0.52500000 0.00000000 
0.57500000 0.00000000 
0.62500000 0.00000000 
0.67500000 0.00000000 
0.72500000 0.00000000 
0.77500000 0.00000000 
0.82500000 0.00000000 
0.87500000 0.00000000 
0.92500000 0.00000000 
0.97500000 0.00000000 
1.02500000 0.00000000 
1.07500000 0.00000000 
1.12500000 0.00000000 
1.17500000 0.00000000 
1.22500000 0.00000000 
1.27500000 0.00000000 
1.32500000 0.00000000 
1.37500000 0.00000000 
1.42500000 0.00000000 
1.47500000 0.00000000 
1.52500000 0.00000000 
1.57500000 0.00000000 
1.62500000 0.00000000 
1.67500000 0.00000000 
1.72500000 0.00000000 
1.77500000 0.00000000 
1.82500000 0.00000000 
1.87500000 0.00000000 
1.92500000 0.00000000 
1.97500000 0.00000000 
2.02500000 0.00000000 
2.07500000 0.00000000 
2.12500000 0.00000000 
2.17500000 0.00000000 
2.22500000 0.00000000 
2.27500000 0.00000000 
2.32500000 0.00000000 
2.37500000 0.00000000 
2.42500000 0.00000000 
2.47500000 0.00000000 
2.52500000 0.00000000 
2.57500000 0.00000000 
2.62500000 0.00000000 
2.67500000 0.00000000 
2.72500000 0.00000000 
2.77500000 0.00000000 
2.82500000 0.00000000 
2.87500000 0.00000000 
2.92500000 0.00000000 
2.97500000 0.00000000 
3.02500000 0.00000000 
3.07500000 0.00000000 
3.12500000 0.00000000 
3.17500000 0.00000000 
3.22500000 0.00000000 
3.27500000 0.00000000 
3.32500000 0.00000000 
3.37500000 0.00000000 
3.42500000 0.00000000 
3.47500000 0.00000000 
3.52500000 0.00000000 
3.57500000 0.00000000 
3.62500000 0.00000000 
3.67500000 0.00000000 
3.72500000 0.00000000 
3.77500000 0.00000000 
3.82500000 0.00000000 
3.87500000 0.00000000 
3.92500000 0.00000000 
3.97500000 0.00000000 
4.02500000 0.00000000 
4.07500000 0.00000000 
4.12500000 0.00000000 
4.17500000 0.00000000 
4.22500000 0.00000000 
4.27500000 0.00000000 
4.32500000 0.00000000 
4.37500000 0.00000000 
4.42500000 0.00000000 
4.47500000 0.00000000 
4.52500000 0.00000000 
4.57500000 0.00000000 
4.62500000 0.00000000 
4.67500000 0.00000000 
4.72500000 0.00000000 
4.77500000 0.00000000 
4.82500000 0.00000000 
4.87500000 0.00000000 
4.92500000 0.00000000 
4.97500000 0.00000000 
5.02500000 0.00000000 
5.07500000 0.00000000 
5.12500000 0.00000000 
5.17500000 0.00000000 
5.22500000 0.00000000 
5.27500000 0.00000000 
5.32500000 0.00000000 
5.37500000 0.00000000 
5.42500000 0.00000000 
5.47500000 0.00000000 
5.52500000 0.00000000 
5.57500000 0.00000000 
5.62500000 0.00000000 
5.67500000 0.00000000 
5.72500000 0.00000000 
5.77500000 0.00000000 
5.82500000 0.00000000 
5.87500000 0.00000000 
5.92500000 0.00000000 
5.97500000 0.00000000 
6.02500000 0.00000000 
6.07500000 0.00000000 
6.12500000 0.00000000 
6.17500000 0.00000000 
6.22500000 0.00000000 
6.27500000 0.00000000 
6.32500000 0.00000000 
6.37500000 0.00000000 
6.42500000 0.00000000 
6.47500000 0.00000000 
6.52500000 0.00000000 
6.57500000 0.00000000 
6.62500000 0.00000000 
6.67500000 0.00000000 
6.72500000 0.00000000 
6.77500000 0.00000000 
6.82500000 0.00000000 
6.87500000 0.00000000 
6.92500000 0.00000000 
6.97500000 0.00000000 
7.02500000 0.00000000 
7.07500000 0.00000000 
7.12500000 0.00000000 
7.17500000 0.00000000 
7.22500000 0.00000000 
7.27500000 0.00000000 
7.32500000 0.00000000 
7.37500000 0.00000000 
7.42500000 0.00000000 
7.47500000 0.00000000 
7.52500000 0.00000000 
7.57500000 0.00000000 
7.62500000 0.00000000 
7.67500000 0.00000000 
7.72500000 0.00000000 
7.77500000 0.00000000 
7.82500000 0.00000000 
7.87500000 0.00000000 
7.92500000 0.00000000 
7.97500000 0.00000000 
8.02500000 0.00000000 
8.07500000 0.00000000 
8.12500000 0.00000000 
8.17500000 0.00000000 
8.22500000 0.00000000 
8.27500000 0.00000000 
8.32500000 0.00000000 
8.37500000 0.00000000 
8.42500000 0.00000000 
8.47500000 0.00000000 
8.52500000 0.00000000 
8.57500000 0.00000000 
8.62500000 0.00000000 
8.67500000 0.00000000 
8.72500000 0.00000000 
8.77500000 0.00000000 
8.82500000 0.00000000 
8.87500000 0.00000000 
8.92500000 0.00000000 
8.97500000 0.00000000 
9.02500000 0.00000000 
9.07500000 0.00000000 
9.12500000 0.00000000 
9.17500000 0.00000000 
9.22500000 0.00000000 
9.27500000 0.00000000 
9.32500000 0.00000000 
9.37500000 0.00000000 
9.42500000 0.00000000 
9.47500000 0.00000000 
9.52500000 0.00000000 
9.57500000 0.00000000 
9.62500000 0.00000000 
9.67500000 0.00000000 
9.72500000 0.00000000 
9.77500000 0.00000000 
9.82500000 0.00000000 
9.87500000 0.00000000 
9.92500000 0.00000000 
9.97500000 0.00000000 
