0.02500000 0.06632318 
0.07500000 0.06635593 
0.12500000 0.06642140 
0.17500000 0.06651953 
0.22500000 0.06665022 
0.27500000 0.06681336 
0.32500000 0.06700879 
0.37500000 0.06723634 
0.42500000 0.06749578 
0.47500000 0.06778689 
0.52500000 0.06810938 
0.57500000 0.06846296 
0.62500000 0.06884730 
0.67500000 0.06926204 
0.72500000 0.06970679 
0.77500000 0.07018114 
0.82500000 0.07068465 
0.87500000 0.07121684 
0.92500000 0.07177721 
0.97500000 0.07236524 
1.02500000 0.07298038 
1.07500000 0.07362205 
1.12500000 0.07428965 
1.17500000 0.07498254 
1.22500000 0.07570007 
1.27500000 0.07644157 
1.32500000 0.07720634 
1.37500000 0.07799364 
1.42500000 0.07880274 
1.47500000 0.07963287 
1.52500000 0.08048323 
1.57500000 0.08135301 
1.62500000 0.08224139 
1.67500000 0.08314751 
1.72500000 0.08407052 
1.77500000 0.08500952 
1.82500000 0.08596360 
1.87500000 0.08693187 
1.92500000 0.08791337 
1.97500000 0.08890716 
2.02500000 0.08991229 
2.07500000 0.09092777 
2.12500000 0.09195263 
2.17500000 0.09298586 
2.22500000 0.09402646 
2.27500000 0.09507341 
2.32500000 0.09612569 
2.37500000 0.09718226 
2.42500000 0.09824210 
2.47500000 0.09930416 
2.52500000 0.10036738 
2.57500000 0.10143074 
2.62500000 0.10249316 
2.67500000 0.10355360 
2.72500000 0.10461102 
2.77500000 0.10566434 
2.82500000 0.10671254 
2.87500000 0.10775455 
2.92500000 0.10878935 
2.97500000 0.10981589 
3.02500000 0.11083315 
3.07500000 0.11184010 
3.12500000 0.11283573 
3.17500000 0.11381904 
3.22500000 0.11478903 
3.27500000 0.11574472 
3.32500000 0.11668515 
3.37500000 0.11760936 
3.42500000 0.11851641 
3.47500000 0.11940538 
3.52500000 0.12027537 
3.57500000 0.12112548 
3.62500000 0.12195485 
3.67500000 0.12276263 
3.72500000 0.12354799 
3.77500000 0.12431013 
3.82500000 0.12504826 
3.87500000 0.12576163 
3.92500000 0.12644949 
3.97500000 0.12711115 
4.02500000 0.12774592 
4.07500000 0.12835314 
4.12500000 0.12893219 
4.17500000 0.12948246 
4.22500000 0.13000339 
4.27500000 0.13049444 
4.32500000 0.13095509 
4.37500000 0.13138487 
4.42500000 0.13178334 
4.47500000 0.13215008 
4.52500000 0.13248470 
4.57500000 0.13278686 
4.62500000 0.13305625 
4.67500000 0.13329258 
4.72500000 0.13349561 
4.77500000 0.13366513 
4.82500000 0.13380095 
4.87500000 0.13390295 
4.92500000 0.13397100 
4.97500000 0.13400504 
5.02500000 0.13400504 
5.07500000 0.13397100 
5.12500000 0.13390295 
5.17500000 0.13380095 
5.22500000 0.13366513 
5.27500000 0.13349561 
5.32500000 0.13329258 
5.37500000 0.13305625 
5.42500000 0.13278686 
5.47500000 0.13248470 
5.52500000 0.13215008 
5.57500000 0.13178334 
5.62500000 0.13138487 
5.67500000 0.13095509 
5.72500000 0.13049444 
5.77500000 0.13000339 
5.82500000 0.12948246 
5.87500000 0.12893219 
5.92500000 0.12835314 
5.97500000 0.12774592 
6.02500000 0.12711115 
6.07500000 0.12644949 
6.12500000 0.12576163 
6.17500000 0.12504826 
6.22500000 0.12431013 
6.27500000 0.12354799 
6.32500000 0.12276263 
6.37500000 0.12195485 
6.42500000 0.12112548 
6.47500000 0.12027537 
6.52500000 0.11940538 
6.57500000 0.11851641 
6.62500000 0.11760936 
6.67500000 0.11668515 
6.72500000 0.11574472 
6.77500000 0.11478903 
6.82500000 0.11381904 
6.87500000 0.11283573 
6.92500000 0.11184010 
6.97500000 0.11083315 
7.02500000 0.10981589 
7.07500000 0.10878935 
7.12500000 0.10775455 
7.17500000 0.10671254 
7.22500000 0.10566434 
7.27500000 0.10461102 
7.32500000 0.10355360 
7.37500000 0.10249316 
7.42500000 0.10143074 
7.47500000 0.10036738 
7.52500000 0.09930416 
7.57500000 0.09824210 
7.62500000 0.09718226 
7.67500000 0.09612569 
7.72500000 0.09507341 
7.77500000 0.09402646 
7.82500000 0.09298586 
7.87500000 0.09195263 
7.92500000 0.09092777 
7.97500000 0.08991229 
8.02500000 0.08890716 
8.07500000 0.08791337 
8.12500000 0.08693187 
8.17500000 0.08596360 
8.22500000 0.08500952 
8.27500000 0.08407052 
8.32500000 0.08314751 
8.37500000 0.08224139 
8.42500000 0.08135301 
8.47500000 0.08048323 
8.52500000 0.07963287 
8.57500000 0.07880274 
8.62500000 0.07799364 
8.67500000 0.07720634 
8.72500000 0.07644157 
8.77500000 0.07570007 
8.82500000 0.07498254 
8.87500000 0.07428965 
8.92500000 0.07362205 
8.97500000 0.07298038 
9.02500000 0.07236524 
9.07500000 0.07177721 
9.12500000 0.07121684 
9.17500000 0.07068465 
9.22500000 0.07018114 
9.27500000 0.06970679 
9.32500000 0.06926204 
9.37500000 0.06884730 
9.42500000 0.06846296 
9.47500000 0.06810938 
9.52500000 0.06778689 
9.57500000 0.06749578 
9.62500000 0.06723634 
9.67500000 0.06700879 
9.72500000 0.06681336 
9.77500000 0.06665022 
9.82500000 0.06651953 
9.87500000 0.06642140 
9.92500000 0.06635593 
9.97500000 0.06632318 
