-9.97500000 0.00000000 
-9.92500000 0.00000000 
-9.87500000 0.00000000 
-9.82500000 0.00000000 
-9.77500000 0.00000000 
-9.72500000 0.00000000 
-9.67500000 0.00000001 
-9.62500000 0.00000001 
-9.57500000 0.00000001 
-9.52500000 0.00000002 
-9.47500000 0.00000003 
-9.42500000 0.00000004 
-9.37500000 0.00000005 
-9.32500000 0.00000007 
-9.27500000 0.00000009 
-9.22500000 0.00000012 
-9.17500000 0.00000015 
-9.12500000 0.00000020 
-9.07500000 0.00000026 
-9.02500000 0.00000034 
-8.97500000 0.00000043 
-8.92500000 0.00000056 
-8.87500000 0.00000071 
-8.82500000 0.00000091 
-8.77500000 0.00000116 
-8.72500000 0.00000148 
-8.67500000 0.00000187 
-8.62500000 0.00000237 
-8.57500000 0.00000300 
-8.52500000 0.00000378 
-8.47500000 0.00000475 
-8.42500000 0.00000595 
-8.37500000 0.00000743 
-8.32500000 0.00000926 
-8.27500000 0.00001151 
-8.22500000 0.00001426 
-8.17500000 0.00001762 
-8.12500000 0.00002173 
-8.07500000 0.00002672 
-8.02500000 0.00003279 
-7.97500000 0.00004014 
-7.92500000 0.00004904 
-7.87500000 0.00005976 
-7.82500000 0.00007266 
-7.77500000 0.00008815 
-7.72500000 0.00010669 
-7.67500000 0.00012883 
-7.62500000 0.00015520 
-7.57500000 0.00018652 
-7.52500000 0.00022362 
-7.47500000 0.00026747 
-7.42500000 0.00031917 
-7.37500000 0.00037998 
-7.32500000 0.00045132 
-7.27500000 0.00053484 
-7.22500000 0.00063238 
-7.17500000 0.00074602 
-7.12500000 0.00087808 
-7.07500000 0.00103118 
-7.02500000 0.00120823 
-6.97500000 0.00141245 
-6.92500000 0.00164741 
-6.87500000 0.00191710 
-6.82500000 0.00222586 
-6.77500000 0.00257854 
-6.72500000 0.00298043 
-6.67500000 0.00343734 
-6.62500000 0.00395562 
-6.57500000 0.00454217 
-6.52500000 0.00520442 
-6.47500000 0.00595036 
-6.42500000 0.00678850 
-6.37500000 0.00772788 
-6.32500000 0.00877800 
-6.27500000 0.00994891 
-6.22500000 0.01125111 
-6.17500000 0.01269564 
-6.12500000 0.01429406 
-6.07500000 0.01605845 
-6.02500000 0.01800141 
-5.97500000 0.02013598 
-5.92500000 0.02247559 
-5.87500000 0.02503383 
-5.82500000 0.02782437 
-5.77500000 0.03086066 
-5.72500000 0.03415583 
-5.67500000 0.03772245 
-5.62500000 0.04157249 
-5.57500000 0.04571719 
-5.52500000 0.05016711 
-5.47500000 0.05493203 
-5.42500000 0.06002093 
-5.37500000 0.06544181 
-5.32500000 0.07120147 
-5.27500000 0.07730511 
-5.22500000 0.08375596 
-5.17500000 0.09055490 
-5.12500000 0.09770011 
-5.07500000 0.10518697 
-5.02500000 0.11300803 
-4.97500000 0.12115318 
-4.92500000 0.12960988 
-4.87500000 0.13836331 
-4.82500000 0.14739639 
-4.77500000 0.15668960 
-4.72500000 0.16622058 
-4.67500000 0.17596368 
-4.62500000 0.18588956 
-4.57500000 0.19596497 
-4.52500000 0.20615303 
-4.47500000 0.21641372 
-4.42500000 0.22670474 
-4.37500000 0.23698236 
-4.32500000 0.24720213 
-4.27500000 0.25731915 
-4.22500000 0.26728799 
-4.17500000 0.27706226 
-4.12500000 0.28659406 
-4.07500000 0.29583387 
-4.02500000 0.30473081 
-3.97500000 0.31323358 
-3.92500000 0.32129182 
-3.87500000 0.32885765 
-3.82500000 0.33588676 
-3.77500000 0.34233902 
-3.72500000 0.34817819 
-3.67500000 0.35337123 
-3.62500000 0.35788740 
-3.57500000 0.36169779 
-3.52500000 0.36477559 
-3.47500000 0.36709720 
-3.42500000 0.36864383 
-3.37500000 0.36940300 
-3.32500000 0.36936944 
-3.27500000 0.36854502 
-3.22500000 0.36693760 
-3.17500000 0.36455946 
-3.12500000 0.36142582 
-3.07500000 0.35755411 
-3.02500000 0.35296436 
-2.97500000 0.34768035 
-2.92500000 0.34173105 
-2.87500000 0.33515155 
-2.82500000 0.32798286 
-2.77500000 0.32027057 
-2.72500000 0.31206273 
-2.67500000 0.30340783 
-2.62500000 0.29435352 
-2.57500000 0.28494656 
-2.52500000 0.27523382 
-2.47500000 0.26526354 
-2.42500000 0.25508620 
-2.37500000 0.24475431 
-2.32500000 0.23432091 
-2.27500000 0.22383756 
-2.22500000 0.21335240 
-2.17500000 0.20290916 
-2.12500000 0.19254742 
-2.07500000 0.18230383 
-2.02500000 0.17221353 
-1.97500000 0.16231093 
-1.92500000 0.15262945 
-1.87500000 0.14320027 
-1.82500000 0.13405073 
-1.77500000 0.12520312 
-1.72500000 0.11667452 
-1.67500000 0.10847772 
-1.62500000 0.10062265 
-1.57500000 0.09311763 
-1.52500000 0.08596993 
-1.47500000 0.07918528 
-1.42500000 0.07276689 
-1.37500000 0.06671447 
-1.32500000 0.06102400 
-1.27500000 0.05568829 
-1.22500000 0.05069820 
-1.17500000 0.04604379 
-1.12500000 0.04171508 
-1.07500000 0.03770193 
-1.02500000 0.03399346 
-0.97500000 0.03057738 
-0.92500000 0.02743969 
-0.87500000 0.02456511 
-0.82500000 0.02193785 
-0.77500000 0.01954252 
-0.72500000 0.01736466 
-0.67500000 0.01539066 
-0.62500000 0.01360736 
-0.57500000 0.01200156 
-0.52500000 0.01055974 
-0.47500000 0.00926835 
-0.42500000 0.00811424 
-0.37500000 0.00708517 
-0.32500000 0.00617009 
-0.27500000 0.00535899 
-0.22500000 0.00464261 
-0.17500000 0.00401205 
-0.12500000 0.00345861 
-0.07500000 0.00297398 
-0.02500000 0.00255042 
0.02500000 0.00218105 
0.07500000 0.00185985 
0.12500000 0.00158156 
0.17500000 0.00134141 
0.22500000 0.00113491 
0.27500000 0.00095784 
0.32500000 0.00080628 
0.37500000 0.00067673 
0.42500000 0.00056625 
0.47500000 0.00047235 
0.52500000 0.00039291 
0.57500000 0.00032600 
0.62500000 0.00026986 
0.67500000 0.00022285 
0.72500000 0.00018350 
0.77500000 0.00015060 
0.82500000 0.00012317 
0.87500000 0.00010040 
0.92500000 0.00008162 
0.97500000 0.00006622 
1.02500000 0.00005362 
1.07500000 0.00004330 
1.12500000 0.00003485 
1.17500000 0.00002793 
1.22500000 0.00002229 
1.27500000 0.00001774 
1.32500000 0.00001409 
1.37500000 0.00001118 
1.42500000 0.00000886 
1.47500000 0.00000699 
1.52500000 0.00000549 
1.57500000 0.00000428 
1.62500000 0.00000333 
1.67500000 0.00000258 
1.72500000 0.00000201 
1.77500000 0.00000156 
1.82500000 0.00000121 
1.87500000 0.00000093 
1.92500000 0.00000071 
1.97500000 0.00000054 
2.02500000 0.00000040 
2.07500000 0.00000031 
2.12500000 0.00000024 
2.17500000 0.00000018 
2.22500000 0.00000014 
2.27500000 0.00000010 
2.32500000 0.00000007 
2.37500000 0.00000005 
2.42500000 0.00000004 
2.47500000 0.00000003 
2.52500000 0.00000002 
2.57500000 0.00000002 
2.62500000 0.00000001 
2.67500000 0.00000001 
2.72500000 0.00000001 
2.77500000 0.00000000 
2.82500000 0.00000000 
2.87500000 0.00000000 
2.92500000 0.00000000 
2.97500000 0.00000000 
3.02500000 0.00000000 
3.07500000 0.00000000 
3.12500000 0.00000000 
3.17500000 0.00000000 
3.22500000 0.00000000 
3.27500000 0.00000000 
3.32500000 0.00000000 
3.37500000 0.00000000 
3.42500000 0.00000000 
3.47500000 0.00000000 
3.52500000 0.00000000 
3.57500000 0.00000000 
3.62500000 0.00000000 
3.67500000 0.00000000 
3.72500000 0.00000000 
3.77500000 0.00000000 
3.82500000 0.00000000 
3.87500000 0.00000000 
3.92500000 0.00000000 
3.97500000 0.00000000 
4.02500000 0.00000000 
4.07500000 0.00000000 
4.12500000 0.00000000 
4.17500000 0.00000000 
4.22500000 0.00000000 
4.27500000 0.00000000 
4.32500000 0.00000000 
4.37500000 0.00000000 
4.42500000 0.00000000 
4.47500000 0.00000000 
4.52500000 0.00000000 
4.57500000 0.00000000 
4.62500000 0.00000000 
4.67500000 0.00000000 
4.72500000 0.00000000 
4.77500000 0.00000000 
4.82500000 0.00000000 
4.87500000 0.00000000 
4.92500000 0.00000000 
4.97500000 0.00000000 
5.02500000 0.00000000 
5.07500000 0.00000000 
5.12500000 0.00000000 
5.17500000 0.00000000 
5.22500000 0.00000000 
5.27500000 0.00000000 
5.32500000 0.00000000 
5.37500000 0.00000000 
5.42500000 0.00000000 
5.47500000 0.00000000 
5.52500000 0.00000000 
5.57500000 0.00000000 
5.62500000 0.00000000 
5.67500000 0.00000000 
5.72500000 0.00000000 
5.77500000 0.00000000 
5.82500000 0.00000000 
5.87500000 0.00000000 
5.92500000 0.00000000 
5.97500000 0.00000000 
6.02500000 0.00000000 
6.07500000 0.00000000 
6.12500000 0.00000000 
6.17500000 0.00000000 
6.22500000 0.00000000 
6.27500000 0.00000000 
6.32500000 0.00000000 
6.37500000 0.00000000 
6.42500000 0.00000000 
6.47500000 0.00000000 
6.52500000 0.00000000 
6.57500000 0.00000000 
6.62500000 0.00000000 
6.67500000 0.00000000 
6.72500000 0.00000000 
6.77500000 0.00000000 
6.82500000 0.00000000 
6.87500000 0.00000000 
6.92500000 0.00000000 
6.97500000 0.00000000 
7.02500000 0.00000000 
7.07500000 0.00000000 
7.12500000 0.00000000 
7.17500000 0.00000000 
7.22500000 0.00000000 
7.27500000 0.00000000 
7.32500000 0.00000000 
7.37500000 0.00000000 
7.42500000 0.00000000 
7.47500000 0.00000000 
7.52500000 0.00000000 
7.57500000 0.00000000 
7.62500000 0.00000000 
7.67500000 0.00000000 
7.72500000 0.00000000 
7.77500000 0.00000000 
7.82500000 0.00000000 
7.87500000 0.00000000 
7.92500000 0.00000000 
7.97500000 0.00000000 
8.02500000 0.00000000 
8.07500000 0.00000000 
8.12500000 0.00000000 
8.17500000 0.00000000 
8.22500000 0.00000000 
8.27500000 0.00000000 
8.32500000 0.00000000 
8.37500000 0.00000000 
8.42500000 0.00000000 
8.47500000 0.00000000 
8.52500000 0.00000000 
8.57500000 0.00000000 
8.62500000 0.00000000 
8.67500000 0.00000000 
8.72500000 0.00000000 
8.77500000 0.00000000 
8.82500000 0.00000000 
8.87500000 0.00000000 
8.92500000 0.00000000 
8.97500000 0.00000000 
9.02500000 0.00000000 
9.07500000 0.00000000 
9.12500000 0.00000000 
9.17500000 0.00000000 
9.22500000 0.00000000 
9.27500000 0.00000000 
9.32500000 0.00000000 
9.37500000 0.00000000 
9.42500000 0.00000000 
9.47500000 0.00000000 
9.52500000 0.00000000 
9.57500000 0.00000000 
9.62500000 0.00000000 
9.67500000 0.00000000 
9.72500000 0.00000000 
9.77500000 0.00000000 
9.82500000 0.00000000 
9.87500000 0.00000000 
9.92500000 0.00000000 
9.97500000 0.00000000 
