0.02500000 0.07723021 
0.07500000 0.07725258 
0.12500000 0.07729730 
0.17500000 0.07736433 
0.22500000 0.07745359 
0.27500000 0.07756501 
0.32500000 0.07769848 
0.37500000 0.07785386 
0.42500000 0.07803101 
0.47500000 0.07822976 
0.52500000 0.07844990 
0.57500000 0.07869124 
0.62500000 0.07895352 
0.67500000 0.07923651 
0.72500000 0.07953992 
0.77500000 0.07986347 
0.82500000 0.08020682 
0.87500000 0.08056966 
0.92500000 0.08095163 
0.97500000 0.08135236 
1.02500000 0.08177146 
1.07500000 0.08220852 
1.12500000 0.08266311 
1.17500000 0.08313480 
1.22500000 0.08362313 
1.27500000 0.08412761 
1.32500000 0.08464776 
1.37500000 0.08518307 
1.42500000 0.08573301 
1.47500000 0.08629706 
1.52500000 0.08687466 
1.57500000 0.08746525 
1.62500000 0.08806825 
1.67500000 0.08868307 
1.72500000 0.08930910 
1.77500000 0.08994575 
1.82500000 0.09059238 
1.87500000 0.09124835 
1.92500000 0.09191304 
1.97500000 0.09258578 
2.02500000 0.09326592 
2.07500000 0.09395279 
2.12500000 0.09464571 
2.17500000 0.09534400 
2.22500000 0.09604698 
2.27500000 0.09675396 
2.32500000 0.09746424 
2.37500000 0.09817711 
2.42500000 0.09889189 
2.47500000 0.09960785 
2.52500000 0.10032431 
2.57500000 0.10104054 
2.62500000 0.10175585 
2.67500000 0.10246953 
2.72500000 0.10318086 
2.77500000 0.10388915 
2.82500000 0.10459370 
2.87500000 0.10529381 
2.92500000 0.10598878 
2.97500000 0.10667793 
3.02500000 0.10736057 
3.07500000 0.10803602 
3.12500000 0.10870362 
3.17500000 0.10936270 
3.22500000 0.11001261 
3.27500000 0.11065270 
3.32500000 0.11128233 
3.37500000 0.11190088 
3.42500000 0.11250772 
3.47500000 0.11310227 
3.52500000 0.11368392 
3.57500000 0.11425209 
3.62500000 0.11480622 
3.67500000 0.11534575 
3.72500000 0.11587015 
3.77500000 0.11637889 
3.82500000 0.11687146 
3.87500000 0.11734737 
3.92500000 0.11780615 
3.97500000 0.11824733 
4.02500000 0.11867047 
4.07500000 0.11907516 
4.12500000 0.11946098 
4.17500000 0.11982755 
4.22500000 0.12017450 
4.27500000 0.12050149 
4.32500000 0.12080818 
4.37500000 0.12109427 
4.42500000 0.12135947 
4.47500000 0.12160352 
4.52500000 0.12182617 
4.57500000 0.12202719 
4.62500000 0.12220639 
4.67500000 0.12236359 
4.72500000 0.12249862 
4.77500000 0.12261136 
4.82500000 0.12270168 
4.87500000 0.12276951 
4.92500000 0.12281476 
4.97500000 0.12283740 
5.02500000 0.12283740 
5.07500000 0.12281476 
5.12500000 0.12276951 
5.17500000 0.12270168 
5.22500000 0.12261136 
5.27500000 0.12249862 
5.32500000 0.12236359 
5.37500000 0.12220639 
5.42500000 0.12202719 
5.47500000 0.12182617 
5.52500000 0.12160352 
5.57500000 0.12135947 
5.62500000 0.12109427 
5.67500000 0.12080818 
5.72500000 0.12050149 
5.77500000 0.12017450 
5.82500000 0.11982755 
5.87500000 0.11946098 
5.92500000 0.11907516 
5.97500000 0.11867047 
6.02500000 0.11824733 
6.07500000 0.11780615 
6.12500000 0.11734737 
6.17500000 0.11687146 
6.22500000 0.11637889 
6.27500000 0.11587015 
6.32500000 0.11534575 
6.37500000 0.11480622 
6.42500000 0.11425209 
6.47500000 0.11368392 
6.52500000 0.11310227 
6.57500000 0.11250772 
6.62500000 0.11190088 
6.67500000 0.11128233 
6.72500000 0.11065270 
6.77500000 0.11001261 
6.82500000 0.10936270 
6.87500000 0.10870362 
6.92500000 0.10803602 
6.97500000 0.10736057 
7.02500000 0.10667793 
7.07500000 0.10598878 
7.12500000 0.10529381 
7.17500000 0.10459370 
7.22500000 0.10388915 
7.27500000 0.10318086 
7.32500000 0.10246953 
7.37500000 0.10175585 
7.42500000 0.10104054 
7.47500000 0.10032431 
7.52500000 0.09960785 
7.57500000 0.09889189 
7.62500000 0.09817711 
7.67500000 0.09746424 
7.72500000 0.09675396 
7.77500000 0.09604698 
7.82500000 0.09534400 
7.87500000 0.09464571 
7.92500000 0.09395279 
7.97500000 0.09326592 
8.02500000 0.09258578 
8.07500000 0.09191304 
8.12500000 0.09124835 
8.17500000 0.09059238 
8.22500000 0.08994575 
8.27500000 0.08930910 
8.32500000 0.08868307 
8.37500000 0.08806825 
8.42500000 0.08746525 
8.47500000 0.08687466 
8.52500000 0.08629706 
8.57500000 0.08573301 
8.62500000 0.08518307 
8.67500000 0.08464776 
8.72500000 0.08412761 
8.77500000 0.08362313 
8.82500000 0.08313480 
8.87500000 0.08266311 
8.92500000 0.08220852 
8.97500000 0.08177146 
9.02500000 0.08135236 
9.07500000 0.08095163 
9.12500000 0.08056966 
9.17500000 0.08020682 
9.22500000 0.07986347 
9.27500000 0.07953992 
9.32500000 0.07923651 
9.37500000 0.07895352 
9.42500000 0.07869124 
9.47500000 0.07844990 
9.52500000 0.07822976 
9.57500000 0.07803101 
9.62500000 0.07785386 
9.67500000 0.07769848 
9.72500000 0.07756501 
9.77500000 0.07745359 
9.82500000 0.07736433 
9.87500000 0.07729730 
9.92500000 0.07725258 
9.97500000 0.07723021 
