0.02500000 0.05057466 
0.07500000 0.05062108 
0.12500000 0.05071390 
0.17500000 0.05085304 
0.22500000 0.05103838 
0.27500000 0.05126978 
0.32500000 0.05154707 
0.37500000 0.05187001 
0.42500000 0.05223836 
0.47500000 0.05265181 
0.52500000 0.05311005 
0.57500000 0.05361270 
0.62500000 0.05415937 
0.67500000 0.05474961 
0.72500000 0.05538295 
0.77500000 0.05605888 
0.82500000 0.05677685 
0.87500000 0.05753628 
0.92500000 0.05833654 
0.97500000 0.05917699 
1.02500000 0.06005692 
1.07500000 0.06097560 
1.12500000 0.06193229 
1.17500000 0.06292617 
1.22500000 0.06395641 
1.27500000 0.06502214 
1.32500000 0.06612247 
1.37500000 0.06725644 
1.42500000 0.06842309 
1.47500000 0.06962141 
1.52500000 0.07085036 
1.57500000 0.07210887 
1.62500000 0.07339584 
1.67500000 0.07471012 
1.72500000 0.07605056 
1.77500000 0.07741595 
1.82500000 0.07880507 
1.87500000 0.08021665 
1.92500000 0.08164943 
1.97500000 0.08310207 
2.02500000 0.08457324 
2.07500000 0.08606159 
2.12500000 0.08756571 
2.17500000 0.08908420 
2.22500000 0.09061563 
2.27500000 0.09215853 
2.32500000 0.09371143 
2.37500000 0.09527283 
2.42500000 0.09684122 
2.47500000 0.09841508 
2.52500000 0.09999286 
2.57500000 0.10157300 
2.62500000 0.10315393 
2.67500000 0.10473408 
2.72500000 0.10631187 
2.77500000 0.10788568 
2.82500000 0.10945394 
2.87500000 0.11101504 
2.92500000 0.11256736 
2.97500000 0.11410932 
3.02500000 0.11563931 
3.07500000 0.11715573 
3.12500000 0.11865700 
3.17500000 0.12014152 
3.22500000 0.12160774 
3.27500000 0.12305407 
3.32500000 0.12447899 
3.37500000 0.12588096 
3.42500000 0.12725846 
3.47500000 0.12861000 
3.52500000 0.12993412 
3.57500000 0.13122935 
3.62500000 0.13249429 
3.67500000 0.13372753 
3.72500000 0.13492771 
3.77500000 0.13609350 
3.82500000 0.13722361 
3.87500000 0.13831675 
3.92500000 0.13937172 
3.97500000 0.14038733 
4.02500000 0.14136242 
4.07500000 0.14229589 
4.12500000 0.14318669 
4.17500000 0.14403380 
4.22500000 0.14483625 
4.27500000 0.14559313 
4.32500000 0.14630357 
4.37500000 0.14696675 
4.42500000 0.14758191 
4.47500000 0.14814834 
4.52500000 0.14866539 
4.57500000 0.14913246 
4.62500000 0.14954901 
4.67500000 0.14991456 
4.72500000 0.15022867 
4.77500000 0.15049100 
4.82500000 0.15070122 
4.87500000 0.15085911 
4.92500000 0.15096447 
4.97500000 0.15101718 
5.02500000 0.15101718 
5.07500000 0.15096447 
5.12500000 0.15085911 
5.17500000 0.15070122 
5.22500000 0.15049100 
5.27500000 0.15022867 
5.32500000 0.14991456 
5.37500000 0.14954901 
5.42500000 0.14913246 
5.47500000 0.14866539 
5.52500000 0.14814834 
5.57500000 0.14758191 
5.62500000 0.14696675 
5.67500000 0.14630357 
5.72500000 0.14559313 
5.77500000 0.14483625 
5.82500000 0.14403380 
5.87500000 0.14318669 
5.92500000 0.14229589 
5.97500000 0.14136242 
6.02500000 0.14038733 
6.07500000 0.13937172 
6.12500000 0.13831675 
6.17500000 0.13722361 
6.22500000 0.13609350 
6.27500000 0.13492771 
6.32500000 0.13372753 
6.37500000 0.13249429 
6.42500000 0.13122935 
6.47500000 0.12993412 
6.52500000 0.12861000 
6.57500000 0.12725846 
6.62500000 0.12588096 
6.67500000 0.12447899 
6.72500000 0.12305407 
6.77500000 0.12160774 
6.82500000 0.12014152 
6.87500000 0.11865700 
6.92500000 0.11715573 
6.97500000 0.11563931 
7.02500000 0.11410932 
7.07500000 0.11256736 
7.12500000 0.11101504 
7.17500000 0.10945394 
7.22500000 0.10788568 
7.27500000 0.10631187 
7.32500000 0.10473408 
7.37500000 0.10315393 
7.42500000 0.10157300 
7.47500000 0.09999286 
7.52500000 0.09841508 
7.57500000 0.09684122 
7.62500000 0.09527283 
7.67500000 0.09371143 
7.72500000 0.09215853 
7.77500000 0.09061563 
7.82500000 0.08908420 
7.87500000 0.08756571 
7.92500000 0.08606159 
7.97500000 0.08457324 
8.02500000 0.08310207 
8.07500000 0.08164943 
8.12500000 0.08021665 
8.17500000 0.07880507 
8.22500000 0.07741595 
8.27500000 0.07605056 
8.32500000 0.07471012 
8.37500000 0.07339584 
8.42500000 0.07210887 
8.47500000 0.07085036 
8.52500000 0.06962141 
8.57500000 0.06842309 
8.62500000 0.06725644 
8.67500000 0.06612247 
8.72500000 0.06502214 
8.77500000 0.06395641 
8.82500000 0.06292617 
8.87500000 0.06193229 
8.92500000 0.06097560 
8.97500000 0.06005692 
9.02500000 0.05917699 
9.07500000 0.05833654 
9.12500000 0.05753628 
9.17500000 0.05677685 
9.22500000 0.05605888 
9.27500000 0.05538295 
9.32500000 0.05474961 
9.37500000 0.05415937 
9.42500000 0.05361270 
9.47500000 0.05311005 
9.52500000 0.05265181 
9.57500000 0.05223836 
9.62500000 0.05187001 
9.67500000 0.05154707 
9.72500000 0.05126978 
9.77500000 0.05103838 
9.82500000 0.05085304 
9.87500000 0.05071390 
9.92500000 0.05062108 
9.97500000 0.05057466 
