-9.97500000 0.00000000 
-9.92500000 0.00000000 
-9.87500000 0.00000000 
-9.82500000 0.00000000 
-9.77500000 0.00000000 
-9.72500000 0.00000000 
-9.67500000 0.00000000 
-9.62500000 0.00000000 
-9.57500000 0.00000000 
-9.52500000 0.00000000 
-9.47500000 0.00000000 
-9.42500000 0.00000000 
-9.37500000 0.00000000 
-9.32500000 0.00000000 
-9.27500000 0.00000000 
-9.22500000 0.00000000 
-9.17500000 0.00000000 
-9.12500000 0.00000000 
-9.07500000 0.00000000 
-9.02500000 0.00000000 
-8.97500000 0.00000000 
-8.92500000 0.00000000 
-8.87500000 0.00000000 
-8.82500000 0.00000000 
-8.77500000 0.00000000 
-8.72500000 0.00000000 
-8.67500000 0.00000000 
-8.62500000 0.00000000 
-8.57500000 0.00000000 
-8.52500000 0.00000000 
-8.47500000 0.00000000 
-8.42500000 0.00000000 
-8.37500000 0.00000000 
-8.32500000 0.00000000 
-8.27500000 0.00000000 
-8.22500000 0.00000000 
-8.17500000 0.00000000 
-8.12500000 0.00000000 
-8.07500000 0.00000000 
-8.02500000 0.00000000 
-7.97500000 0.00000000 
-7.92500000 0.00000000 
-7.87500000 0.00000000 
-7.82500000 0.00000000 
-7.77500000 0.00000000 
-7.72500000 0.00000000 
-7.67500000 0.00000000 
-7.62500000 0.00000000 
-7.57500000 0.00000000 
-7.52500000 0.00000000 
-7.47500000 0.00000000 
-7.42500000 0.00000000 
-7.37500000 0.00000000 
-7.32500000 0.00000000 
-7.27500000 0.00000000 
-7.22500000 0.00000000 
-7.17500000 0.00000000 
-7.12500000 0.00000000 
-7.07500000 0.00000000 
-7.02500000 0.00000000 
-6.97500000 0.00000000 
-6.92500000 0.00000000 
-6.87500000 0.00000000 
-6.82500000 0.00000000 
-6.77500000 0.00000000 
-6.72500000 0.00000000 
-6.67500000 0.00000000 
-6.62500000 0.00000000 
-6.57500000 0.00000000 
-6.52500000 0.00000000 
-6.47500000 0.00000000 
-6.42500000 0.00000000 
-6.37500000 0.00000000 
-6.32500000 0.00000000 
-6.27500000 0.00000000 
-6.22500000 0.00000000 
-6.17500000 0.00000000 
-6.12500000 0.00000000 
-6.07500000 0.00000000 
-6.02500000 0.00000000 
-5.97500000 0.00000000 
-5.92500000 0.00000000 
-5.87500000 0.00000000 
-5.82500000 0.00000000 
-5.77500000 0.00000000 
-5.72500000 0.00000000 
-5.67500000 0.00000000 
-5.62500000 0.00000000 
-5.57500000 0.00000000 
-5.52500000 0.00000000 
-5.47500000 0.00000000 
-5.42500000 0.00000000 
-5.37500000 0.00000000 
-5.32500000 0.00000000 
-5.27500000 0.00000000 
-5.22500000 0.00000000 
-5.17500000 0.00000000 
-5.12500000 0.00000000 
-5.07500000 0.00000000 
-5.02500000 0.00000000 
-4.97500000 0.00000000 
-4.92500000 0.00000000 
-4.87500000 0.00000000 
-4.82500000 0.00000000 
-4.77500000 0.00000000 
-4.72500000 0.00000000 
-4.67500000 0.00000000 
-4.62500000 0.00000000 
-4.57500000 0.00000000 
-4.52500000 0.00000000 
-4.47500000 0.00000000 
-4.42500000 0.00000000 
-4.37500000 0.00000000 
-4.32500000 0.00000000 
-4.27500000 0.00000001 
-4.22500000 0.00000001 
-4.17500000 0.00000001 
-4.12500000 0.00000001 
-4.07500000 0.00000002 
-4.02500000 0.00000002 
-3.97500000 0.00000003 
-3.92500000 0.00000003 
-3.87500000 0.00000004 
-3.82500000 0.00000006 
-3.77500000 0.00000007 
-3.72500000 0.00000009 
-3.67500000 0.00000012 
-3.62500000 0.00000015 
-3.57500000 0.00000019 
-3.52500000 0.00000024 
-3.47500000 0.00000031 
-3.42500000 0.00000039 
-3.37500000 0.00000049 
-3.32500000 0.00000061 
-3.27500000 0.00000077 
-3.22500000 0.00000096 
-3.17500000 0.00000120 
-3.12500000 0.00000150 
-3.07500000 0.00000186 
-3.02500000 0.00000231 
-2.97500000 0.00000286 
-2.92500000 0.00000353 
-2.87500000 0.00000435 
-2.82500000 0.00000535 
-2.77500000 0.00000656 
-2.72500000 0.00000804 
-2.67500000 0.00000983 
-2.62500000 0.00001199 
-2.57500000 0.00001460 
-2.52500000 0.00001774 
-2.47500000 0.00002150 
-2.42500000 0.00002602 
-2.37500000 0.00003142 
-2.32500000 0.00003787 
-2.27500000 0.00004554 
-2.22500000 0.00005466 
-2.17500000 0.00006547 
-2.12500000 0.00007827 
-2.07500000 0.00009338 
-2.02500000 0.00011119 
-1.97500000 0.00013213 
-1.92500000 0.00015671 
-1.87500000 0.00018548 
-1.82500000 0.00021911 
-1.77500000 0.00025832 
-1.72500000 0.00030395 
-1.67500000 0.00035694 
-1.62500000 0.00041835 
-1.57500000 0.00048936 
-1.52500000 0.00057131 
-1.47500000 0.00066569 
-1.42500000 0.00077416 
-1.37500000 0.00089855 
-1.32500000 0.00104091 
-1.27500000 0.00120349 
-1.22500000 0.00138880 
-1.17500000 0.00159955 
-1.12500000 0.00183876 
-1.07500000 0.00210970 
-1.02500000 0.00241593 
-0.97500000 0.00276134 
-0.92500000 0.00315011 
-0.87500000 0.00358678 
-0.82500000 0.00407624 
-0.77500000 0.00462371 
-0.72500000 0.00523481 
-0.67500000 0.00591551 
-0.62500000 0.00667213 
-0.57500000 0.00751139 
-0.52500000 0.00844035 
-0.47500000 0.00946641 
-0.42500000 0.01059734 
-0.37500000 0.01184120 
-0.32500000 0.01320640 
-0.27500000 0.01470157 
-0.22500000 0.01633562 
-0.17500000 0.01811764 
-0.12500000 0.02005686 
-0.07500000 0.02216260 
-0.02500000 0.02444420 
0.02500000 0.02691097 
0.07500000 0.02957211 
0.12500000 0.03243664 
0.17500000 0.03551332 
0.22500000 0.03881055 
0.27500000 0.04233630 
0.32500000 0.04609799 
0.37500000 0.05010234 
0.42500000 0.05435534 
0.47500000 0.05886208 
0.52500000 0.06362665 
0.57500000 0.06865203 
0.62500000 0.07394003 
0.67500000 0.07949114 
0.72500000 0.08530445 
0.77500000 0.09137758 
0.82500000 0.09770656 
0.87500000 0.10428575 
0.92500000 0.11110777 
0.97500000 0.11816342 
1.02500000 0.12544165 
1.07500000 0.13292950 
1.12500000 0.14061209 
1.17500000 0.14847264 
1.22500000 0.15649247 
1.27500000 0.16465106 
1.32500000 0.17292611 
1.37500000 0.18129358 
1.42500000 0.18972779 
1.47500000 0.19820154 
1.52500000 0.20668620 
1.57500000 0.21515185 
1.62500000 0.22356746 
1.67500000 0.23190105 
1.72500000 0.24011988 
1.77500000 0.24819066 
1.82500000 0.25607980 
1.87500000 0.26375361 
1.92500000 0.27117858 
1.97500000 0.27832157 
2.02500000 0.28515009 
2.07500000 0.29163254 
2.12500000 0.29773845 
2.17500000 0.30343870 
2.22500000 0.30870572 
2.27500000 0.31351380 
2.32500000 0.31783920 
2.37500000 0.32166040 
2.42500000 0.32495825 
2.47500000 0.32771616 
2.52500000 0.32992024 
2.57500000 0.33155940 
2.62500000 0.33262543 
2.67500000 0.33311311 
2.72500000 0.33302025 
2.77500000 0.33234766 
2.82500000 0.33109917 
2.87500000 0.32928160 
2.92500000 0.32690469 
2.97500000 0.32398100 
3.02500000 0.32052581 
3.07500000 0.31655698 
3.12500000 0.31209483 
3.17500000 0.30716189 
3.22500000 0.30178281 
3.27500000 0.29598409 
3.32500000 0.28979387 
3.37500000 0.28324174 
3.42500000 0.27635847 
3.47500000 0.26917581 
3.52500000 0.26172621 
3.57500000 0.25404260 
3.62500000 0.24615816 
3.67500000 0.23810608 
3.72500000 0.22991933 
3.77500000 0.22163043 
3.82500000 0.21327130 
3.87500000 0.20487297 
3.92500000 0.19646551 
3.97500000 0.18807779 
4.02500000 0.17973734 
4.07500000 0.17147027 
4.12500000 0.16330112 
4.17500000 0.15525277 
4.22500000 0.14734637 
4.27500000 0.13960131 
4.32500000 0.13203512 
4.37500000 0.12466352 
4.42500000 0.11750038 
4.47500000 0.11055772 
4.52500000 0.10384577 
4.57500000 0.09737296 
4.62500000 0.09114604 
4.67500000 0.08517006 
4.72500000 0.07944852 
4.77500000 0.07398341 
4.82500000 0.06877528 
4.87500000 0.06382339 
4.92500000 0.05912576 
4.97500000 0.05467928 
5.02500000 0.05047983 
5.07500000 0.04652237 
5.12500000 0.04280107 
5.17500000 0.03930935 
5.22500000 0.03604006 
5.27500000 0.03298551 
5.32500000 0.03013761 
5.37500000 0.02748793 
5.42500000 0.02502779 
5.47500000 0.02274837 
5.52500000 0.02064072 
5.57500000 0.01869587 
5.62500000 0.01690492 
5.67500000 0.01525900 
5.72500000 0.01374944 
5.77500000 0.01236770 
5.82500000 0.01110549 
5.87500000 0.00995477 
5.92500000 0.00890777 
5.97500000 0.00795702 
6.02500000 0.00709537 
6.07500000 0.00631601 
6.12500000 0.00561246 
6.17500000 0.00497859 
6.22500000 0.00440860 
6.27500000 0.00389705 
6.32500000 0.00343884 
6.37500000 0.00302920 
6.42500000 0.00266370 
6.47500000 0.00233819 
6.52500000 0.00204887 
6.57500000 0.00179220 
6.62500000 0.00156494 
6.67500000 0.00136409 
6.72500000 0.00118694 
6.77500000 0.00103097 
6.82500000 0.00089392 
6.87500000 0.00077373 
6.92500000 0.00066852 
6.97500000 0.00057659 
7.02500000 0.00049643 
7.07500000 0.00042666 
7.12500000 0.00036604 
7.17500000 0.00031348 
7.22500000 0.00026799 
7.27500000 0.00022870 
7.32500000 0.00019482 
7.37500000 0.00016567 
7.42500000 0.00014062 
7.47500000 0.00011915 
7.52500000 0.00010078 
7.57500000 0.00008509 
7.62500000 0.00007172 
7.67500000 0.00006033 
7.72500000 0.00005067 
7.77500000 0.00004247 
7.82500000 0.00003554 
7.87500000 0.00002969 
7.92500000 0.00002475 
7.97500000 0.00002060 
8.02500000 0.00001711 
8.07500000 0.00001419 
8.12500000 0.00001175 
8.17500000 0.00000971 
8.22500000 0.00000801 
8.27500000 0.00000659 
8.32500000 0.00000542 
8.37500000 0.00000444 
8.42500000 0.00000364 
8.47500000 0.00000297 
8.52500000 0.00000243 
8.57500000 0.00000198 
8.62500000 0.00000161 
8.67500000 0.00000130 
8.72500000 0.00000106 
8.77500000 0.00000085 
8.82500000 0.00000069 
8.87500000 0.00000056 
8.92500000 0.00000045 
8.97500000 0.00000036 
9.02500000 0.00000029 
9.07500000 0.00000023 
9.12500000 0.00000018 
9.17500000 0.00000015 
9.22500000 0.00000012 
9.27500000 0.00000009 
9.32500000 0.00000007 
9.37500000 0.00000006 
9.42500000 0.00000004 
9.47500000 0.00000003 
9.52500000 0.00000003 
9.57500000 0.00000002 
9.62500000 0.00000002 
9.67500000 0.00000001 
9.72500000 0.00000001 
9.77500000 0.00000001 
9.82500000 0.00000001 
9.87500000 0.00000000 
9.92500000 0.00000000 
9.97500000 0.00000000 
