-9.97500000 0.00000000 
-9.92500000 0.00000000 
-9.87500000 0.00000000 
-9.82500000 0.00000000 
-9.77500000 0.00000000 
-9.72500000 0.00000000 
-9.67500000 0.00000000 
-9.62500000 0.00000000 
-9.57500000 0.00000000 
-9.52500000 0.00000000 
-9.47500000 0.00000000 
-9.42500000 0.00000000 
-9.37500000 0.00000000 
-9.32500000 0.00000000 
-9.27500000 0.00000000 
-9.22500000 0.00000000 
-9.17500000 0.00000000 
-9.12500000 0.00000000 
-9.07500000 0.00000000 
-9.02500000 0.00000000 
-8.97500000 0.00000000 
-8.92500000 0.00000000 
-8.87500000 0.00000000 
-8.82500000 0.00000000 
-8.77500000 0.00000000 
-8.72500000 0.00000000 
-8.67500000 0.00000000 
-8.62500000 0.00000000 
-8.57500000 0.00000000 
-8.52500000 0.00000000 
-8.47500000 0.00000000 
-8.42500000 0.00000000 
-8.37500000 0.00000000 
-8.32500000 0.00000000 
-8.27500000 0.00000000 
-8.22500000 0.00000000 
-8.17500000 0.00000000 
-8.12500000 0.00000000 
-8.07500000 0.00000000 
-8.02500000 0.00000000 
-7.97500000 0.00000000 
-7.92500000 0.00000000 
-7.87500000 0.00000000 
-7.82500000 0.00000000 
-7.77500000 0.00000000 
-7.72500000 0.00000000 
-7.67500000 0.00000000 
-7.62500000 0.00000000 
-7.57500000 0.00000000 
-7.52500000 0.00000000 
-7.47500000 0.00000000 
-7.42500000 0.00000000 
-7.37500000 0.00000000 
-7.32500000 0.00000000 
-7.27500000 0.00000000 
-7.22500000 0.00000000 
-7.17500000 0.00000000 
-7.12500000 0.00000000 
-7.07500000 0.00000000 
-7.02500000 0.00000000 
-6.97500000 0.00000000 
-6.92500000 0.00000000 
-6.87500000 0.00000000 
-6.82500000 0.00000000 
-6.77500000 0.00000000 
-6.72500000 0.00000000 
-6.67500000 0.00000000 
-6.62500000 0.00000000 
-6.57500000 0.00000000 
-6.52500000 0.00000000 
-6.47500000 0.00000000 
-6.42500000 0.00000000 
-6.37500000 0.00000000 
-6.32500000 0.00000000 
-6.27500000 0.00000000 
-6.22500000 0.00000000 
-6.17500000 0.00000000 
-6.12500000 0.00000000 
-6.07500000 0.00000000 
-6.02500000 0.00000000 
-5.97500000 0.00000000 
-5.92500000 0.00000000 
-5.87500000 0.00000000 
-5.82500000 0.00000000 
-5.77500000 0.00000000 
-5.72500000 0.00000000 
-5.67500000 0.00000000 
-5.62500000 0.00000000 
-5.57500000 0.00000000 
-5.52500000 0.00000000 
-5.47500000 0.00000000 
-5.42500000 0.00000000 
-5.37500000 0.00000000 
-5.32500000 0.00000000 
-5.27500000 0.00000000 
-5.22500000 0.00000000 
-5.17500000 0.00000000 
-5.12500000 0.00000000 
-5.07500000 0.00000000 
-5.02500000 0.00000000 
-4.97500000 0.00000000 
-4.92500000 0.00000000 
-4.87500000 0.00000000 
-4.82500000 0.00000000 
-4.77500000 0.00000000 
-4.72500000 0.00000000 
-4.67500000 0.00000000 
-4.62500000 0.00000000 
-4.57500000 0.00000000 
-4.52500000 0.00000000 
-4.47500000 0.00000000 
-4.42500000 0.00000000 
-4.37500000 0.00000000 
-4.32500000 0.00000000 
-4.27500000 0.00000000 
-4.22500000 0.00000000 
-4.17500000 0.00000000 
-4.12500000 0.00000000 
-4.07500000 0.00000000 
-4.02500000 0.00000000 
-3.97500000 0.00000000 
-3.92500000 0.00000000 
-3.87500000 0.00000000 
-3.82500000 0.00000000 
-3.77500000 0.00000000 
-3.72500000 0.00000000 
-3.67500000 0.00000000 
-3.62500000 0.00000000 
-3.57500000 0.00000000 
-3.52500000 0.00000000 
-3.47500000 0.00000000 
-3.42500000 0.00000000 
-3.37500000 0.00000000 
-3.32500000 0.00000000 
-3.27500000 0.00000000 
-3.22500000 0.00000000 
-3.17500000 0.00000000 
-3.12500000 0.00000000 
-3.07500000 0.00000000 
-3.02500000 0.00000000 
-2.97500000 0.00000000 
-2.92500000 0.00000000 
-2.87500000 0.00000000 
-2.82500000 0.00000000 
-2.77500000 0.00000000 
-2.72500000 0.00000000 
-2.67500000 0.00000000 
-2.62500000 0.00000000 
-2.57500000 0.00000000 
-2.52500000 0.00000000 
-2.47500000 0.00000000 
-2.42500000 0.00000000 
-2.37500000 0.00000000 
-2.32500000 0.00000000 
-2.27500000 0.00000000 
-2.22500000 0.00000000 
-2.17500000 0.00000000 
-2.12500000 0.00000000 
-2.07500000 0.00000000 
-2.02500000 0.00000000 
-1.97500000 0.00000000 
-1.92500000 0.00000000 
-1.87500000 0.00000000 
-1.82500000 0.00000000 
-1.77500000 0.00000000 
-1.72500000 0.00000000 
-1.67500000 0.00000000 
-1.62500000 0.00000000 
-1.57500000 0.00000000 
-1.52500000 0.00000000 
-1.47500000 0.00000000 
-1.42500000 0.00000000 
-1.37500000 0.00000000 
-1.32500000 0.00000000 
-1.27500000 0.00000000 
-1.22500000 0.00000000 
-1.17500000 0.00000000 
-1.12500000 0.00000000 
-1.07500000 0.00000000 
-1.02500000 0.00000000 
-0.97500000 0.00000000 
-0.92500000 0.00000000 
-0.87500000 0.00000000 
-0.82500000 0.00000000 
-0.77500000 0.00000000 
-0.72500000 0.00000000 
-0.67500000 0.00000000 
-0.62500000 0.00000000 
-0.57500000 0.00000000 
-0.52500000 0.00000000 
-0.47500000 0.00000000 
-0.42500000 0.00000000 
-0.37500000 0.00000000 
-0.32500000 0.00000000 
-0.27500000 0.00000000 
-0.22500000 0.00000000 
-0.17500000 0.00000000 
-0.12500000 0.00000000 
-0.07500000 0.00000000 
-0.02500000 0.00000000 
0.02500000 0.00000000 
0.07500000 0.00000000 
0.12500000 0.00000000 
0.17500000 0.00000000 
0.22500000 0.00000000 
0.27500000 0.00000000 
0.32500000 0.00000000 
0.37500000 0.00000000 
0.42500000 0.00000000 
0.47500000 0.00000000 
0.52500000 0.00000000 
0.57500000 0.00000000 
0.62500000 0.00000000 
0.67500000 0.00000000 
0.72500000 0.00000000 
0.77500000 0.00000000 
0.82500000 0.00000000 
0.87500000 0.00000000 
0.92500000 0.00000000 
0.97500000 0.00000000 
1.02500000 0.00000000 
1.07500000 0.00000000 
1.12500000 0.00000000 
1.17500000 0.00000000 
1.22500000 0.00000000 
1.27500000 0.00000000 
1.32500000 0.00000001 
1.37500000 0.00000001 
1.42500000 0.00000002 
1.47500000 0.00000002 
1.52500000 0.00000003 
1.57500000 0.00000006 
1.62500000 0.00000011 
1.67500000 0.00000017 
1.72500000 0.00000027 
1.77500000 0.00000040 
1.82500000 0.00000061 
1.87500000 0.00000094 
1.92500000 0.00000148 
1.97500000 0.00000231 
2.02500000 0.00000356 
2.07500000 0.00000538 
2.12500000 0.00000806 
2.17500000 0.00001201 
2.22500000 0.00001789 
2.27500000 0.00002661 
2.32500000 0.00003942 
2.37500000 0.00005797 
2.42500000 0.00008453 
2.47500000 0.00012228 
2.52500000 0.00017565 
2.57500000 0.00025083 
2.62500000 0.00035614 
2.67500000 0.00050265 
2.72500000 0.00070470 
2.77500000 0.00098082 
2.82500000 0.00135478 
2.87500000 0.00185705 
2.92500000 0.00252641 
2.97500000 0.00341163 
3.02500000 0.00457309 
3.07500000 0.00608428 
3.12500000 0.00803314 
3.17500000 0.01052339 
3.22500000 0.01367581 
3.27500000 0.01762929 
3.32500000 0.02254148 
3.37500000 0.02858844 
3.42500000 0.03596293 
3.47500000 0.04487106 
3.52500000 0.05552719 
3.57500000 0.06814719 
3.62500000 0.08294045 
3.67500000 0.10010074 
3.72500000 0.11979614 
3.77500000 0.14215828 
3.82500000 0.16727068 
3.87500000 0.19515670 
3.92500000 0.22576758 
3.97500000 0.25897137 
4.02500000 0.29454392 
4.07500000 0.33216314 
4.12500000 0.37140742 
4.17500000 0.41175894 
4.22500000 0.45261210 
4.27500000 0.49328672 
4.32500000 0.53304567 
4.37500000 0.57111606 
4.42500000 0.60671321 
4.47500000 0.63906662 
4.52500000 0.66744687 
4.57500000 0.69119243 
4.62500000 0.70973529 
4.67500000 0.72262384 
4.72500000 0.72954178 
4.77500000 0.73032183 
4.82500000 0.72495295 
4.87500000 0.71358089 
4.92500000 0.69650156 
4.97500000 0.67414801 
5.02500000 0.64707167 
5.07500000 0.61591926 
5.12500000 0.58140674 
5.17500000 0.54429196 
5.22500000 0.50534728 
5.27500000 0.46533365 
5.32500000 0.42497729 
5.37500000 0.38494955 
5.42500000 0.34585094 
5.47500000 0.30819931 
5.52500000 0.27242249 
5.57500000 0.23885517 
5.62500000 0.20773970 
5.67500000 0.17923029 
5.72500000 0.15340005 
5.77500000 0.13025014 
5.82500000 0.10972036 
5.87500000 0.09170042 
5.92500000 0.07604143 
5.97500000 0.06256687 
6.02500000 0.05108277 
6.07500000 0.04138667 
6.12500000 0.03327532 
6.17500000 0.02655083 
6.22500000 0.02102546 
6.27500000 0.01652494 
6.32500000 0.01289070 
6.37500000 0.00998091 
6.42500000 0.00767074 
6.47500000 0.00585189 
6.52500000 0.00443171 
6.57500000 0.00333190 
6.62500000 0.00248712 
6.67500000 0.00184344 
6.72500000 0.00135689 
6.77500000 0.00099195 
6.82500000 0.00072032 
6.87500000 0.00051963 
6.92500000 0.00037241 
6.97500000 0.00026518 
7.02500000 0.00018760 
7.07500000 0.00013186 
7.12500000 0.00009209 
7.17500000 0.00006389 
7.22500000 0.00004405 
7.27500000 0.00003019 
7.32500000 0.00002058 
7.37500000 0.00001396 
7.42500000 0.00000943 
7.47500000 0.00000635 
7.52500000 0.00000426 
7.57500000 0.00000284 
7.62500000 0.00000189 
7.67500000 0.00000125 
7.72500000 0.00000082 
7.77500000 0.00000053 
7.82500000 0.00000034 
7.87500000 0.00000022 
7.92500000 0.00000014 
7.97500000 0.00000009 
8.02500000 0.00000006 
8.07500000 0.00000004 
8.12500000 0.00000003 
8.17500000 0.00000002 
8.22500000 0.00000001 
8.27500000 0.00000001 
8.32500000 0.00000000 
8.37500000 0.00000000 
8.42500000 0.00000000 
8.47500000 0.00000000 
8.52500000 0.00000000 
8.57500000 0.00000000 
8.62500000 0.00000000 
8.67500000 0.00000000 
8.72500000 0.00000000 
8.77500000 0.00000000 
8.82500000 0.00000000 
8.87500000 0.00000000 
8.92500000 0.00000000 
8.97500000 0.00000000 
9.02500000 0.00000000 
9.07500000 0.00000000 
9.12500000 0.00000000 
9.17500000 0.00000000 
9.22500000 0.00000000 
9.27500000 0.00000000 
9.32500000 0.00000000 
9.37500000 0.00000000 
9.42500000 0.00000000 
9.47500000 0.00000000 
9.52500000 0.00000000 
9.57500000 0.00000000 
9.62500000 0.00000000 
9.67500000 0.00000000 
9.72500000 0.00000000 
9.77500000 0.00000000 
9.82500000 0.00000000 
9.87500000 0.00000000 
9.92500000 0.00000000 
9.97500000 0.00000000 
