0.02500000 0.00143559 
0.07500000 0.00287264 
0.12500000 0.00431263 
0.17500000 0.00575702 
0.22500000 0.00720726 
0.27500000 0.00866477 
0.32500000 0.01013098 
0.37500000 0.01160728 
0.42500000 0.01309505 
0.47500000 0.01459561 
0.52500000 0.01611030 
0.57500000 0.01764036 
0.62500000 0.01918706 
0.67500000 0.02075157 
0.72500000 0.02233505 
0.77500000 0.02393860 
0.82500000 0.02556327 
0.87500000 0.02721004 
0.92500000 0.02887986 
0.97500000 0.03057359 
1.02500000 0.03229206 
1.07500000 0.03403600 
1.12500000 0.03580609 
1.17500000 0.03760293 
1.22500000 0.03942704 
1.27500000 0.04127888 
1.32500000 0.04315882 
1.37500000 0.04506714 
1.42500000 0.04700405 
1.47500000 0.04896968 
1.52500000 0.05096404 
1.57500000 0.05298709 
1.62500000 0.05503868 
1.67500000 0.05711855 
1.72500000 0.05922640 
1.77500000 0.06136177 
1.82500000 0.06352416 
1.87500000 0.06571293 
1.92500000 0.06792739 
1.97500000 0.07016672 
2.02500000 0.07243000 
2.07500000 0.07471625 
2.12500000 0.07702436 
2.17500000 0.07935314 
2.22500000 0.08170130 
2.27500000 0.08406747 
2.32500000 0.08645017 
2.37500000 0.08884784 
2.42500000 0.09125883 
2.47500000 0.09368141 
2.52500000 0.09611377 
2.57500000 0.09855399 
2.62500000 0.10100011 
2.67500000 0.10345007 
2.72500000 0.10590175 
2.77500000 0.10835295 
2.82500000 0.11080141 
2.87500000 0.11324482 
2.92500000 0.11568079 
2.97500000 0.11810691 
3.02500000 0.12052068 
3.07500000 0.12291959 
3.12500000 0.12530109 
3.17500000 0.12766257 
3.22500000 0.13000141 
3.27500000 0.13231498 
3.32500000 0.13460060 
3.37500000 0.13685561 
3.42500000 0.13907732 
3.47500000 0.14126306 
3.52500000 0.14341013 
3.57500000 0.14551589 
3.62500000 0.14757768 
3.67500000 0.14959287 
3.72500000 0.15155888 
3.77500000 0.15347313 
3.82500000 0.15533311 
3.87500000 0.15713634 
3.92500000 0.15888040 
3.97500000 0.16056292 
4.02500000 0.16218161 
4.07500000 0.16373424 
4.12500000 0.16521865 
4.17500000 0.16663275 
4.22500000 0.16797457 
4.27500000 0.16924220 
4.32500000 0.17043383 
4.37500000 0.17154776 
4.42500000 0.17258237 
4.47500000 0.17353618 
4.52500000 0.17440780 
4.57500000 0.17519595 
4.62500000 0.17589948 
4.67500000 0.17651736 
4.72500000 0.17704868 
4.77500000 0.17749266 
4.82500000 0.17784863 
4.87500000 0.17811607 
4.92500000 0.17829458 
4.97500000 0.17838391 
5.02500000 0.17838391 
5.07500000 0.17829458 
5.12500000 0.17811607 
5.17500000 0.17784863 
5.22500000 0.17749266 
5.27500000 0.17704868 
5.32500000 0.17651736 
5.37500000 0.17589948 
5.42500000 0.17519595 
5.47500000 0.17440780 
5.52500000 0.17353618 
5.57500000 0.17258237 
5.62500000 0.17154776 
5.67500000 0.17043383 
5.72500000 0.16924220 
5.77500000 0.16797457 
5.82500000 0.16663275 
5.87500000 0.16521865 
5.92500000 0.16373424 
5.97500000 0.16218161 
6.02500000 0.16056292 
6.07500000 0.15888040 
6.12500000 0.15713634 
6.17500000 0.15533311 
6.22500000 0.15347313 
6.27500000 0.15155888 
6.32500000 0.14959287 
6.37500000 0.14757768 
6.42500000 0.14551589 
6.47500000 0.14341013 
6.52500000 0.14126306 
6.57500000 0.13907732 
6.62500000 0.13685561 
6.67500000 0.13460060 
6.72500000 0.13231498 
6.77500000 0.13000141 
6.82500000 0.12766257 
6.87500000 0.12530109 
6.92500000 0.12291959 
6.97500000 0.12052068 
7.02500000 0.11810691 
7.07500000 0.11568079 
7.12500000 0.11324482 
7.17500000 0.11080141 
7.22500000 0.10835295 
7.27500000 0.10590175 
7.32500000 0.10345007 
7.37500000 0.10100011 
7.42500000 0.09855399 
7.47500000 0.09611377 
7.52500000 0.09368141 
7.57500000 0.09125883 
7.62500000 0.08884784 
7.67500000 0.08645017 
7.72500000 0.08406747 
7.77500000 0.08170130 
7.82500000 0.07935314 
7.87500000 0.07702436 
7.92500000 0.07471625 
7.97500000 0.07243000 
8.02500000 0.07016672 
8.07500000 0.06792739 
8.12500000 0.06571293 
8.17500000 0.06352416 
8.22500000 0.06136177 
8.27500000 0.05922640 
8.32500000 0.05711855 
8.37500000 0.05503868 
8.42500000 0.05298709 
8.47500000 0.05096404 
8.52500000 0.04896968 
8.57500000 0.04700405 
8.62500000 0.04506714 
8.67500000 0.04315882 
8.72500000 0.04127888 
8.77500000 0.03942704 
8.82500000 0.03760293 
8.87500000 0.03580609 
8.92500000 0.03403600 
8.97500000 0.03229206 
9.02500000 0.03057359 
9.07500000 0.02887986 
9.12500000 0.02721004 
9.17500000 0.02556327 
9.22500000 0.02393860 
9.27500000 0.02233505 
9.32500000 0.02075157 
9.37500000 0.01918706 
9.42500000 0.01764036 
9.47500000 0.01611030 
9.52500000 0.01459561 
9.57500000 0.01309505 
9.62500000 0.01160728 
9.67500000 0.01013098 
9.72500000 0.00866477 
9.77500000 0.00720726 
9.82500000 0.00575702 
9.87500000 0.00431263 
9.92500000 0.00287264 
9.97500000 0.00143559 
