0.02500000 1.00000000 
0.07500000 1.00000000 
0.12500000 1.00000000 
0.17500000 1.00000000 
0.22500000 1.00000000 
0.27500000 1.00000000 
0.32500000 1.00000000 
0.37500000 1.00000000 
0.42500000 1.00000000 
0.47500000 1.00000000 
0.52500000 1.00000000 
0.57500000 1.00000000 
0.62500000 1.00000000 
0.67500000 1.00000000 
0.72500000 1.00000000 
0.77500000 1.00000000 
0.82500000 1.00000000 
0.87500000 1.00000000 
0.92500000 1.00000000 
0.97500000 1.00000000 
1.02500000 1.00000000 
1.07500000 1.00000000 
1.12500000 1.00000000 
1.17500000 1.00000000 
1.22500000 1.00000000 
1.27500000 1.00000000 
1.32500000 1.00000000 
1.37500000 1.00000000 
1.42500000 1.00000000 
1.47500000 1.00000000 
1.52500000 1.00000000 
1.57500000 1.00000000 
1.62500000 1.00000000 
1.67500000 1.00000000 
1.72500000 1.00000000 
1.77500000 1.00000000 
1.82500000 1.00000000 
1.87500000 1.00000000 
1.92500000 1.00000000 
1.97500000 1.00000000 
2.02500000 1.00000000 
2.07500000 1.00000000 
2.12500000 1.00000000 
2.17500000 1.00000000 
2.22500000 1.00000000 
2.27500000 1.00000000 
2.32500000 1.00000000 
2.37500000 1.00000000 
2.42500000 1.00000000 
2.47500000 1.00000000 
2.52500000 1.00000000 
2.57500000 1.00000000 
2.62500000 1.00000000 
2.67500000 1.00000000 
2.72500000 1.00000000 
2.77500000 1.00000000 
2.82500000 1.00000000 
2.87500000 1.00000000 
2.92500000 1.00000000 
2.97500000 1.00000000 
3.02500000 1.00000000 
3.07500000 1.00000000 
3.12500000 1.00000000 
3.17500000 1.00000000 
3.22500000 1.00000000 
3.27500000 1.00000000 
3.32500000 1.00000000 
3.37500000 1.00000000 
3.42500000 1.00000000 
3.47500000 1.00000000 
3.52500000 1.00000000 
3.57500000 1.00000000 
3.62500000 1.00000000 
3.67500000 1.00000000 
3.72500000 1.00000000 
3.77500000 1.00000000 
3.82500000 1.00000000 
3.87500000 1.00000000 
3.92500000 1.00000000 
3.97500000 1.00000000 
4.02500000 1.00000000 
4.07500000 1.00000000 
4.12500000 1.00000000 
4.17500000 1.00000000 
4.22500000 1.00000000 
4.27500000 1.00000000 
4.32500000 1.00000000 
4.37500000 1.00000000 
4.42500000 1.00000000 
4.47500000 1.00000000 
4.52500000 1.00000000 
4.57500000 1.00000000 
4.62500000 1.00000000 
4.67500000 1.00000000 
4.72500000 1.00000000 
4.77500000 1.00000000 
4.82500000 1.00000000 
4.87500000 1.00000000 
4.92500000 1.00000000 
4.97500000 1.00000000 
5.02500000 1.00000000 
5.07500000 1.00000000 
5.12500000 1.00000000 
5.17500000 1.00000000 
5.22500000 1.00000000 
5.27500000 1.00000000 
5.32500000 1.00000000 
5.37500000 1.00000000 
5.42500000 1.00000000 
5.47500000 1.00000000 
5.52500000 1.00000000 
5.57500000 1.00000000 
5.62500000 1.00000000 
5.67500000 1.00000000 
5.72500000 1.00000000 
5.77500000 1.00000000 
5.82500000 1.00000000 
5.87500000 1.00000000 
5.92500000 1.00000000 
5.97500000 1.00000000 
6.02500000 1.00000000 
6.07500000 1.00000000 
6.12500000 1.00000000 
6.17500000 1.00000000 
6.22500000 1.00000000 
6.27500000 1.00000000 
6.32500000 1.00000000 
6.37500000 1.00000000 
6.42500000 1.00000000 
6.47500000 1.00000000 
6.52500000 1.00000000 
6.57500000 1.00000000 
6.62500000 1.00000000 
6.67500000 1.00000000 
6.72500000 1.00000000 
6.77500000 1.00000000 
6.82500000 1.00000000 
6.87500000 1.00000000 
6.92500000 1.00000000 
6.97500000 1.00000000 
7.02500000 1.00000000 
7.07500000 1.00000000 
7.12500000 1.00000000 
7.17500000 1.00000000 
7.22500000 1.00000000 
7.27500000 1.00000000 
7.32500000 1.00000000 
7.37500000 1.00000000 
7.42500000 1.00000000 
7.47500000 1.00000000 
7.52500000 1.00000000 
7.57500000 1.00000000 
7.62500000 1.00000000 
7.67500000 1.00000000 
7.72500000 1.00000000 
7.77500000 1.00000000 
7.82500000 1.00000000 
7.87500000 1.00000000 
7.92500000 1.00000000 
7.97500000 1.00000000 
8.02500000 1.00000000 
8.07500000 1.00000000 
8.12500000 1.00000000 
8.17500000 1.00000000 
8.22500000 1.00000000 
8.27500000 1.00000000 
8.32500000 1.00000000 
8.37500000 1.00000000 
8.42500000 1.00000000 
8.47500000 1.00000000 
8.52500000 1.00000000 
8.57500000 1.00000000 
8.62500000 1.00000000 
8.67500000 1.00000000 
8.72500000 1.00000000 
8.77500000 1.00000000 
8.82500000 1.00000000 
8.87500000 1.00000000 
8.92500000 1.00000000 
8.97500000 1.00000000 
9.02500000 1.00000000 
9.07500000 1.00000000 
9.12500000 1.00000000 
9.17500000 1.00000000 
9.22500000 1.00000000 
9.27500000 1.00000000 
9.32500000 1.00000000 
9.37500000 1.00000000 
9.42500000 1.00000000 
9.47500000 1.00000000 
9.52500000 1.00000000 
9.57500000 1.00000000 
9.62500000 1.00000000 
9.67500000 1.00000000 
9.72500000 1.00000000 
9.77500000 1.00000000 
9.82500000 1.00000000 
9.87500000 1.00000000 
9.92500000 1.00000000 
9.97500000 1.00000000 
10.02500000 1.00000000 
10.07500000 1.00000000 
10.12500000 1.00000000 
10.17500000 1.00000000 
10.22500000 1.00000000 
10.27500000 1.00000000 
10.32500000 1.00000000 
10.37500000 1.00000000 
10.42500000 1.00000000 
10.47500000 1.00000000 
10.52500000 1.00000000 
10.57500000 1.00000000 
10.62500000 1.00000000 
10.67500000 1.00000000 
10.72500000 1.00000000 
10.77500000 1.00000000 
10.82500000 1.00000000 
10.87500000 1.00000000 
10.92500000 1.00000000 
10.97500000 1.00000000 
11.02500000 1.00000000 
11.07500000 1.00000000 
11.12500000 1.00000000 
11.17500000 1.00000000 
11.22500000 1.00000000 
11.27500000 1.00000000 
11.32500000 1.00000000 
11.37500000 1.00000000 
11.42500000 1.00000000 
11.47500000 1.00000000 
11.52500000 1.00000000 
11.57500000 1.00000000 
11.62500000 1.00000000 
11.67500000 1.00000000 
11.72500000 1.00000000 
11.77500000 1.00000000 
11.82500000 1.00000000 
11.87500000 1.00000000 
11.92500000 1.00000000 
11.97500000 1.00000000 
12.02500000 1.00000000 
12.07500000 1.00000000 
12.12500000 1.00000000 
12.17500000 1.00000000 
12.22500000 1.00000000 
12.27500000 1.00000000 
12.32500000 1.00000000 
12.37500000 1.00000000 
12.42500000 1.00000000 
12.47500000 1.00000000 
12.52500000 1.00000000 
12.57500000 1.00000000 
12.62500000 1.00000000 
12.67500000 1.00000000 
12.72500000 1.00000000 
12.77500000 1.00000000 
12.82500000 1.00000000 
12.87500000 1.00000000 
12.92500000 1.00000000 
12.97500000 1.00000000 
13.02500000 1.00000000 
13.07500000 1.00000000 
13.12500000 1.00000000 
13.17500000 1.00000000 
13.22500000 1.00000000 
13.27500000 1.00000000 
13.32500000 1.00000000 
13.37500000 1.00000000 
13.42500000 1.00000000 
13.47500000 1.00000000 
13.52500000 1.00000000 
13.57500000 1.00000000 
13.62500000 1.00000000 
13.67500000 1.00000000 
13.72500000 0.99999999 
13.77500000 0.99999999 
13.82500000 0.99999999 
13.87500000 0.99999999 
13.92500000 0.99999999 
13.97500000 0.99999999 
14.02500000 0.99999999 
14.07500000 0.99999999 
14.12500000 0.99999999 
14.17500000 0.99999999 
14.22500000 0.99999999 
14.27500000 0.99999999 
14.32500000 0.99999999 
14.37500000 0.99999999 
14.42500000 0.99999999 
14.47500000 0.99999999 
14.52500000 0.99999999 
14.57500000 0.99999999 
14.62500000 0.99999999 
14.67500000 0.99999999 
14.72500000 0.99999999 
14.77500000 0.99999999 
14.82500000 0.99999999 
14.87500000 0.99999999 
14.92500000 0.99999999 
14.97500000 0.99999999 
15.02500000 0.99999999 
15.07500000 0.99999999 
15.12500000 0.99999999 
15.17500000 0.99999999 
15.22500000 0.99999999 
15.27500000 0.99999999 
15.32500000 0.99999999 
15.37500000 0.99999999 
15.42500000 0.99999999 
15.47500000 0.99999999 
15.52500000 0.99999999 
15.57500000 0.99999999 
15.62500000 0.99999999 
15.67500000 0.99999999 
15.72500000 0.99999999 
15.77500000 0.99999999 
15.82500000 0.99999999 
15.87500000 0.99999999 
15.92500000 0.99999999 
15.97500000 0.99999999 
16.02500000 0.99999999 
16.07500000 0.99999999 
16.12500000 0.99999999 
16.17500000 0.99999999 
16.22500000 0.99999999 
16.27500000 0.99999998 
16.32500000 0.99999998 
16.37500000 0.99999998 
16.42500000 0.99999998 
16.47500000 0.99999998 
16.52500000 0.99999998 
16.57500000 0.99999998 
16.62500000 0.99999998 
16.67500000 0.99999998 
16.72500000 0.99999998 
16.77500000 0.99999998 
16.82500000 0.99999998 
16.87500000 0.99999998 
16.92500000 0.99999998 
16.97500000 0.99999998 
17.02500000 0.99999998 
17.07500000 0.99999998 
17.12500000 0.99999998 
17.17500000 0.99999998 
17.22500000 0.99999998 
17.27500000 0.99999998 
17.32500000 0.99999998 
17.37500000 0.99999998 
17.42500000 0.99999997 
17.47500000 0.99999997 
17.52500000 0.99999997 
17.57500000 0.99999997 
17.62500000 0.99999997 
17.67500000 0.99999997 
17.72500000 0.99999997 
17.77500000 0.99999997 
17.82500000 0.99999997 
17.87500000 0.99999997 
17.92500000 0.99999997 
17.97500000 0.99999997 
18.02500000 0.99999997 
18.07500000 0.99999997 
18.12500000 0.99999997 
18.17500000 0.99999997 
18.22500000 0.99999996 
18.27500000 0.99999996 
18.32500000 0.99999996 
18.37500000 0.99999996 
18.42500000 0.99999996 
18.47500000 0.99999996 
18.52500000 0.99999996 
18.57500000 0.99999996 
18.62500000 0.99999996 
18.67500000 0.99999996 
18.72500000 0.99999996 
18.77500000 0.99999996 
18.82500000 0.99999995 
18.87500000 0.99999995 
18.92500000 0.99999995 
18.97500000 0.99999995 
19.02500000 0.99999995 
19.07500000 0.99999995 
19.12500000 0.99999995 
19.17500000 0.99999995 
19.22500000 0.99999995 
19.27500000 0.99999994 
19.32500000 0.99999994 
19.37500000 0.99999994 
19.42500000 0.99999994 
19.47500000 0.99999994 
19.52500000 0.99999994 
19.57500000 0.99999994 
19.62500000 0.99999994 
19.67500000 0.99999993 
19.72500000 0.99999993 
19.77500000 0.99999993 
19.82500000 0.99999993 
19.87500000 0.99999993 
19.92500000 0.99999993 
19.97500000 0.99999992 
20.02500000 0.99999992 
20.07500000 0.99999992 
20.12500000 0.99999992 
20.17500000 0.99999992 
20.22500000 0.99999992 
20.27500000 0.99999991 
20.32500000 0.99999991 
20.37500000 0.99999991 
20.42500000 0.99999991 
20.47500000 0.99999991 
20.52500000 0.99999990 
20.57500000 0.99999990 
20.62500000 0.99999990 
20.67500000 0.99999990 
20.72500000 0.99999990 
20.77500000 0.99999989 
20.82500000 0.99999989 
20.87500000 0.99999989 
20.92500000 0.99999989 
20.97500000 0.99999988 
21.02500000 0.99999988 
21.07500000 0.99999988 
21.12500000 0.99999988 
21.17500000 0.99999987 
21.22500000 0.99999987 
21.27500000 0.99999987 
21.32500000 0.99999987 
21.37500000 0.99999986 
21.42500000 0.99999986 
21.47500000 0.99999986 
21.52500000 0.99999985 
21.57500000 0.99999985 
21.62500000 0.99999985 
21.67500000 0.99999984 
21.72500000 0.99999984 
21.77500000 0.99999984 
21.82500000 0.99999983 
21.87500000 0.99999983 
21.92500000 0.99999983 
21.97500000 0.99999982 
22.02500000 0.99999982 
22.07500000 0.99999981 
22.12500000 0.99999981 
22.17500000 0.99999981 
22.22500000 0.99999980 
22.27500000 0.99999980 
22.32500000 0.99999979 
22.37500000 0.99999979 
22.42500000 0.99999979 
22.47500000 0.99999978 
22.52500000 0.99999978 
22.57500000 0.99999977 
22.62500000 0.99999977 
22.67500000 0.99999976 
22.72500000 0.99999976 
22.77500000 0.99999975 
22.82500000 0.99999974 
22.87500000 0.99999974 
22.92500000 0.99999973 
22.97500000 0.99999973 
23.02500000 0.99999972 
23.07500000 0.99999972 
23.12500000 0.99999971 
23.17500000 0.99999970 
23.22500000 0.99999970 
23.27500000 0.99999969 
23.32500000 0.99999968 
23.37500000 0.99999968 
23.42500000 0.99999967 
23.47500000 0.99999966 
23.52500000 0.99999966 
23.57500000 0.99999965 
23.62500000 0.99999964 
23.67500000 0.99999963 
23.72500000 0.99999962 
23.77500000 0.99999962 
23.82500000 0.99999961 
23.87500000 0.99999960 
23.92500000 0.99999959 
23.97500000 0.99999958 
24.02500000 0.99999957 
24.07500000 0.99999956 
24.12500000 0.99999955 
24.17500000 0.99999955 
24.22500000 0.99999954 
24.27500000 0.99999953 
24.32500000 0.99999952 
24.37500000 0.99999950 
24.42500000 0.99999949 
24.47500000 0.99999948 
24.52500000 0.99999947 
24.57500000 0.99999946 
24.62500000 0.99999945 
24.67500000 0.99999944 
24.72500000 0.99999942 
24.77500000 0.99999941 
24.82500000 0.99999940 
24.87500000 0.99999939 
24.92500000 0.99999937 
24.97500000 0.99999936 
25.02500000 0.99999935 
25.07500000 0.99999933 
25.12500000 0.99999932 
25.17500000 0.99999930 
25.22500000 0.99999929 
25.27500000 0.99999927 
25.32500000 0.99999926 
25.37500000 0.99999924 
25.42500000 0.99999922 
25.47500000 0.99999921 
25.52500000 0.99999919 
25.57500000 0.99999917 
25.62500000 0.99999915 
25.67500000 0.99999914 
25.72500000 0.99999912 
25.77500000 0.99999910 
25.82500000 0.99999908 
25.87500000 0.99999906 
25.92500000 0.99999904 
25.97500000 0.99999902 
26.02500000 0.99999900 
26.07500000 0.99999898 
26.12500000 0.99999895 
26.17500000 0.99999893 
26.22500000 0.99999891 
26.27500000 0.99999888 
26.32500000 0.99999886 
26.37500000 0.99999884 
26.42500000 0.99999881 
26.47500000 0.99999878 
26.52500000 0.99999876 
26.57500000 0.99999873 
26.62500000 0.99999870 
26.67500000 0.99999868 
26.72500000 0.99999865 
26.77500000 0.99999862 
26.82500000 0.99999859 
26.87500000 0.99999856 
26.92500000 0.99999853 
26.97500000 0.99999849 
27.02500000 0.99999846 
27.07500000 0.99999843 
27.12500000 0.99999840 
27.17500000 0.99999836 
27.22500000 0.99999833 
27.27500000 0.99999829 
27.32500000 0.99999825 
27.37500000 0.99999821 
27.42500000 0.99999818 
27.47500000 0.99999814 
27.52500000 0.99999810 
27.57500000 0.99999806 
27.62500000 0.99999801 
27.67500000 0.99999797 
27.72500000 0.99999793 
27.77500000 0.99999788 
27.82500000 0.99999784 
27.87500000 0.99999779 
27.92500000 0.99999774 
27.97500000 0.99999769 
28.02500000 0.99999764 
28.07500000 0.99999759 
28.12500000 0.99999754 
28.17500000 0.99999749 
28.22500000 0.99999743 
28.27500000 0.99999738 
28.32500000 0.99999732 
28.37500000 0.99999726 
28.42500000 0.99999721 
28.47500000 0.99999715 
28.52500000 0.99999708 
28.57500000 0.99999702 
28.62500000 0.99999696 
28.67500000 0.99999689 
28.72500000 0.99999682 
28.77500000 0.99999676 
28.82500000 0.99999669 
28.87500000 0.99999661 
28.92500000 0.99999654 
28.97500000 0.99999647 
29.02500000 0.99999639 
29.07500000 0.99999631 
29.12500000 0.99999623 
29.17500000 0.99999615 
29.22500000 0.99999607 
29.27500000 0.99999598 
29.32500000 0.99999590 
29.37500000 0.99999581 
29.42500000 0.99999572 
29.47500000 0.99999563 
29.52500000 0.99999553 
29.57500000 0.99999544 
29.62500000 0.99999534 
29.67500000 0.99999524 
29.72500000 0.99999514 
29.77500000 0.99999503 
29.82500000 0.99999492 
29.87500000 0.99999481 
29.92500000 0.99999470 
29.97500000 0.99999459 
30.02500000 0.99999447 
30.07500000 0.99999435 
30.12500000 0.99999423 
30.17500000 0.99999411 
30.22500000 0.99999398 
30.27500000 0.99999385 
30.32500000 0.99999372 
30.37500000 0.99999358 
30.42500000 0.99999344 
30.47500000 0.99999330 
30.52500000 0.99999316 
30.57500000 0.99999301 
30.62500000 0.99999286 
30.67500000 0.99999271 
30.72500000 0.99999255 
30.77500000 0.99999239 
30.82500000 0.99999223 
30.87500000 0.99999206 
30.92500000 0.99999189 
30.97500000 0.99999171 
31.02500000 0.99999153 
31.07500000 0.99999135 
31.12500000 0.99999117 
31.17500000 0.99999098 
31.22500000 0.99999078 
31.27500000 0.99999058 
31.32500000 0.99999038 
31.37500000 0.99999017 
31.42500000 0.99998996 
31.47500000 0.99998975 
31.52500000 0.99998953 
31.57500000 0.99998930 
31.62500000 0.99998907 
31.67500000 0.99998883 
31.72500000 0.99998859 
31.77500000 0.99998835 
31.82500000 0.99998810 
31.87500000 0.99998784 
31.92500000 0.99998758 
31.97500000 0.99998731 
32.02500000 0.99998704 
32.07500000 0.99998676 
32.12500000 0.99998648 
32.17500000 0.99998619 
32.22500000 0.99998589 
32.27500000 0.99998559 
32.32500000 0.99998528 
32.37500000 0.99998496 
32.42500000 0.99998463 
32.47500000 0.99998430 
32.52500000 0.99998397 
32.57500000 0.99998362 
32.62500000 0.99998327 
32.67500000 0.99998291 
32.72500000 0.99998254 
32.77500000 0.99998217 
32.82500000 0.99998178 
32.87500000 0.99998139 
32.92500000 0.99998099 
32.97500000 0.99998058 
33.02500000 0.99998017 
33.07500000 0.99997974 
33.12500000 0.99997930 
33.17500000 0.99997886 
33.22500000 0.99997840 
33.27500000 0.99997794 
33.32500000 0.99997746 
33.37500000 0.99997698 
33.42500000 0.99997649 
33.47500000 0.99997598 
33.52500000 0.99997546 
33.57500000 0.99997494 
33.62500000 0.99997440 
33.67500000 0.99997385 
33.72500000 0.99997328 
33.77500000 0.99997271 
33.82500000 0.99997212 
33.87500000 0.99997152 
33.92500000 0.99997091 
33.97500000 0.99997029 
34.02500000 0.99996965 
34.07500000 0.99996900 
34.12500000 0.99996833 
34.17500000 0.99996765 
34.22500000 0.99996695 
34.27500000 0.99996624 
34.32500000 0.99996552 
34.37500000 0.99996478 
34.42500000 0.99996402 
34.47500000 0.99996325 
34.52500000 0.99996246 
34.57500000 0.99996165 
34.62500000 0.99996083 
34.67500000 0.99995999 
34.72500000 0.99995913 
34.77500000 0.99995825 
34.82500000 0.99995735 
34.87500000 0.99995644 
34.92500000 0.99995550 
34.97500000 0.99995454 
35.02500000 0.99995357 
35.07500000 0.99995257 
35.12500000 0.99995155 
35.17500000 0.99995051 
35.22500000 0.99994945 
35.27500000 0.99994836 
35.32500000 0.99994725 
35.37500000 0.99994612 
35.42500000 0.99994496 
35.47500000 0.99994378 
35.52500000 0.99994257 
35.57500000 0.99994134 
35.62500000 0.99994008 
35.67500000 0.99993879 
35.72500000 0.99993748 
35.77500000 0.99993614 
35.82500000 0.99993476 
35.87500000 0.99993336 
35.92500000 0.99993193 
35.97500000 0.99993047 
36.02500000 0.99992898 
36.07500000 0.99992745 
36.12500000 0.99992590 
36.17500000 0.99992430 
36.22500000 0.99992268 
36.27500000 0.99992102 
36.32500000 0.99991932 
36.37500000 0.99991759 
36.42500000 0.99991582 
36.47500000 0.99991402 
36.52500000 0.99991217 
36.57500000 0.99991029 
36.62500000 0.99990836 
36.67500000 0.99990639 
36.72500000 0.99990438 
36.77500000 0.99990233 
36.82500000 0.99990024 
36.87500000 0.99989809 
36.92500000 0.99989591 
36.97500000 0.99989367 
37.02500000 0.99989139 
37.07500000 0.99988906 
37.12500000 0.99988668 
37.17500000 0.99988425 
37.22500000 0.99988176 
37.27500000 0.99987923 
37.32500000 0.99987664 
37.37500000 0.99987399 
37.42500000 0.99987128 
37.47500000 0.99986852 
37.52500000 0.99986570 
37.57500000 0.99986282 
37.62500000 0.99985988 
37.67500000 0.99985687 
37.72500000 0.99985380 
37.77500000 0.99985066 
37.82500000 0.99984746 
37.87500000 0.99984419 
37.92500000 0.99984085 
37.97500000 0.99983743 
38.02500000 0.99983394 
38.07500000 0.99983038 
38.12500000 0.99982674 
38.17500000 0.99982303 
38.22500000 0.99981923 
38.27500000 0.99981536 
38.32500000 0.99981140 
38.37500000 0.99980735 
38.42500000 0.99980322 
38.47500000 0.99979900 
38.52500000 0.99979469 
38.57500000 0.99979029 
38.62500000 0.99978579 
38.67500000 0.99978119 
38.72500000 0.99977650 
38.77500000 0.99977171 
38.82500000 0.99976682 
38.87500000 0.99976182 
38.92500000 0.99975671 
38.97500000 0.99975149 
39.02500000 0.99974616 
39.07500000 0.99974072 
39.12500000 0.99973516 
39.17500000 0.99972949 
39.22500000 0.99972369 
39.27500000 0.99971776 
39.32500000 0.99971171 
39.37500000 0.99970553 
39.42500000 0.99969922 
39.47500000 0.99969277 
39.52500000 0.99968619 
39.57500000 0.99967946 
39.62500000 0.99967259 
39.67500000 0.99966557 
39.72500000 0.99965841 
39.77500000 0.99965108 
39.82500000 0.99964361 
39.87500000 0.99963597 
39.92500000 0.99962817 
39.97500000 0.99962020 
40.02500000 0.99961206 
40.07500000 0.99960375 
40.12500000 0.99959526 
40.17500000 0.99958658 
40.22500000 0.99957773 
40.27500000 0.99956868 
40.32500000 0.99955944 
40.37500000 0.99955000 
40.42500000 0.99954036 
40.47500000 0.99953051 
40.52500000 0.99952045 
40.57500000 0.99951018 
40.62500000 0.99949968 
40.67500000 0.99948897 
40.72500000 0.99947802 
40.77500000 0.99946684 
40.82500000 0.99945542 
40.87500000 0.99944375 
40.92500000 0.99943184 
40.97500000 0.99941967 
41.02500000 0.99940724 
41.07500000 0.99939454 
41.12500000 0.99938158 
41.17500000 0.99936833 
41.22500000 0.99935481 
41.27500000 0.99934099 
41.32500000 0.99932688 
41.37500000 0.99931246 
41.42500000 0.99929774 
41.47500000 0.99928271 
41.52500000 0.99926735 
41.57500000 0.99925166 
41.62500000 0.99923564 
41.67500000 0.99921927 
41.72500000 0.99920256 
41.77500000 0.99918549 
41.82500000 0.99916805 
41.87500000 0.99915024 
41.92500000 0.99913205 
41.97500000 0.99911347 
42.02500000 0.99909450 
42.07500000 0.99907512 
42.12500000 0.99905532 
42.17500000 0.99903510 
42.22500000 0.99901445 
42.27500000 0.99899336 
42.32500000 0.99897182 
42.37500000 0.99894981 
42.42500000 0.99892734 
42.47500000 0.99890439 
42.52500000 0.99888095 
42.57500000 0.99885700 
42.62500000 0.99883255 
42.67500000 0.99880757 
42.72500000 0.99878206 
42.77500000 0.99875600 
42.82500000 0.99872939 
42.87500000 0.99870221 
42.92500000 0.99867445 
42.97500000 0.99864609 
43.02500000 0.99861713 
43.07500000 0.99858756 
43.12500000 0.99855735 
43.17500000 0.99852649 
43.22500000 0.99849498 
43.27500000 0.99846280 
43.32500000 0.99842993 
43.37500000 0.99839635 
43.42500000 0.99836206 
43.47500000 0.99832704 
43.52500000 0.99829127 
43.57500000 0.99825474 
43.62500000 0.99821743 
43.67500000 0.99817932 
43.72500000 0.99814040 
43.77500000 0.99810065 
43.82500000 0.99806006 
43.87500000 0.99801859 
43.92500000 0.99797625 
43.97500000 0.99793300 
44.02500000 0.99788882 
44.07500000 0.99784371 
44.12500000 0.99779763 
44.17500000 0.99775058 
44.22500000 0.99770252 
44.27500000 0.99765343 
44.32500000 0.99760330 
44.37500000 0.99755210 
44.42500000 0.99749981 
44.47500000 0.99744641 
44.52500000 0.99739186 
44.57500000 0.99733616 
44.62500000 0.99727927 
44.67500000 0.99722117 
44.72500000 0.99716183 
44.77500000 0.99710123 
44.82500000 0.99703934 
44.87500000 0.99697613 
44.92500000 0.99691158 
44.97500000 0.99684565 
45.02500000 0.99677832 
45.07500000 0.99670955 
45.12500000 0.99663933 
45.17500000 0.99656761 
45.22500000 0.99649436 
45.27500000 0.99641956 
45.32500000 0.99634317 
45.37500000 0.99626515 
45.42500000 0.99618547 
45.47500000 0.99610410 
45.52500000 0.99602100 
45.57500000 0.99593614 
45.62500000 0.99584947 
45.67500000 0.99576096 
45.72500000 0.99567057 
45.77500000 0.99557826 
45.82500000 0.99548399 
45.87500000 0.99538772 
45.92500000 0.99528941 
45.97500000 0.99518901 
46.02500000 0.99508648 
46.07500000 0.99498178 
46.12500000 0.99487485 
46.17500000 0.99476566 
46.22500000 0.99465415 
46.27500000 0.99454027 
46.32500000 0.99442399 
46.37500000 0.99430523 
46.42500000 0.99418397 
46.47500000 0.99406013 
46.52500000 0.99393367 
46.57500000 0.99380453 
46.62500000 0.99367266 
46.67500000 0.99353800 
46.72500000 0.99340049 
46.77500000 0.99326006 
46.82500000 0.99311667 
46.87500000 0.99297025 
46.92500000 0.99282073 
46.97500000 0.99266804 
47.02500000 0.99251214 
47.07500000 0.99235293 
47.12500000 0.99219037 
47.17500000 0.99202437 
47.22500000 0.99185487 
47.27500000 0.99168179 
47.32500000 0.99150506 
47.37500000 0.99132461 
47.42500000 0.99114034 
47.47500000 0.99095219 
47.52500000 0.99076008 
47.57500000 0.99056392 
47.62500000 0.99036363 
47.67500000 0.99015912 
47.72500000 0.98995031 
47.77500000 0.98973710 
47.82500000 0.98951941 
47.87500000 0.98929714 
47.92500000 0.98907020 
47.97500000 0.98883849 
48.02500000 0.98860191 
48.07500000 0.98836037 
48.12500000 0.98811376 
48.17500000 0.98786197 
48.22500000 0.98760490 
48.27500000 0.98734245 
48.32500000 0.98707449 
48.37500000 0.98680093 
48.42500000 0.98652163 
48.47500000 0.98623649 
48.52500000 0.98594539 
48.57500000 0.98564820 
48.62500000 0.98534480 
48.67500000 0.98503506 
48.72500000 0.98471885 
48.77500000 0.98439605 
48.82500000 0.98406651 
48.87500000 0.98373011 
48.92500000 0.98338669 
48.97500000 0.98303613 
49.02500000 0.98267826 
49.07500000 0.98231296 
49.12500000 0.98194006 
49.17500000 0.98155941 
49.22500000 0.98117087 
49.27500000 0.98077425 
49.32500000 0.98036942 
49.37500000 0.97995619 
49.42500000 0.97953440 
49.47500000 0.97910389 
49.52500000 0.97866447 
49.57500000 0.97821597 
49.62500000 0.97775821 
49.67500000 0.97729100 
49.72500000 0.97681415 
49.77500000 0.97632748 
49.82500000 0.97583078 
49.87500000 0.97532387 
49.92500000 0.97480653 
49.97500000 0.97427857 
50.02500000 0.97373977 
50.07500000 0.97318992 
50.12500000 0.97262881 
50.17500000 0.97205621 
50.22500000 0.97147190 
50.27500000 0.97087565 
50.32500000 0.97026723 
50.37500000 0.96964641 
50.42500000 0.96901293 
50.47500000 0.96836656 
50.52500000 0.96770706 
50.57500000 0.96703415 
50.62500000 0.96634760 
50.67500000 0.96564713 
50.72500000 0.96493249 
50.77500000 0.96420339 
50.82500000 0.96345958 
50.87500000 0.96270076 
50.92500000 0.96192665 
50.97500000 0.96113697 
51.02500000 0.96033142 
51.07500000 0.95950971 
51.12500000 0.95867153 
51.17500000 0.95781657 
51.22500000 0.95694453 
51.27500000 0.95605508 
51.32500000 0.95514791 
51.37500000 0.95422269 
51.42500000 0.95327909 
51.47500000 0.95231678 
51.52500000 0.95133540 
51.57500000 0.95033462 
51.62500000 0.94931409 
51.67500000 0.94827345 
51.72500000 0.94721233 
51.77500000 0.94613038 
51.82500000 0.94502722 
51.87500000 0.94390248 
51.92500000 0.94275578 
51.97500000 0.94158673 
52.02500000 0.94039494 
52.07500000 0.93918001 
52.12500000 0.93794155 
52.17500000 0.93667915 
52.22500000 0.93539239 
52.27500000 0.93408088 
52.32500000 0.93274418 
52.37500000 0.93138186 
52.42500000 0.92999351 
52.47500000 0.92857869 
52.52500000 0.92713695 
52.57500000 0.92566787 
52.62500000 0.92417098 
52.67500000 0.92264583 
52.72500000 0.92109198 
52.77500000 0.91950896 
52.82500000 0.91789631 
52.87500000 0.91625355 
52.92500000 0.91458023 
52.97500000 0.91287585 
53.02500000 0.91113995 
53.07500000 0.90937203 
53.12500000 0.90757162 
53.17500000 0.90573822 
53.22500000 0.90387135 
53.27500000 0.90197051 
53.32500000 0.90003520 
53.37500000 0.89806492 
53.42500000 0.89605917 
53.47500000 0.89401745 
53.52500000 0.89193926 
53.57500000 0.88982408 
53.62500000 0.88767142 
53.67500000 0.88548075 
53.72500000 0.88325158 
53.77500000 0.88098340 
53.82500000 0.87867570 
53.87500000 0.87632796 
53.92500000 0.87393969 
53.97500000 0.87151038 
54.02500000 0.86903952 
54.07500000 0.86652661 
54.12500000 0.86397115 
54.17500000 0.86137265 
54.22500000 0.85873060 
54.27500000 0.85604453 
54.32500000 0.85331394 
54.37500000 0.85053836 
54.42500000 0.84771730 
54.47500000 0.84485030 
54.52500000 0.84193689 
54.57500000 0.83897662 
54.62500000 0.83596904 
54.67500000 0.83291369 
54.72500000 0.82981016 
54.77500000 0.82665802 
54.82500000 0.82345685 
54.87500000 0.82020625 
54.92500000 0.81690582 
54.97500000 0.81355519 
55.02500000 0.81015398 
55.07500000 0.80670184 
55.12500000 0.80319843 
55.17500000 0.79964342 
55.22500000 0.79603650 
55.27500000 0.79237738 
55.32500000 0.78866577 
55.37500000 0.78490142 
55.42500000 0.78108408 
55.47500000 0.77721353 
55.52500000 0.77328957 
55.57500000 0.76931201 
55.62500000 0.76528070 
55.67500000 0.76119549 
55.72500000 0.75705628 
55.77500000 0.75286297 
55.82500000 0.74861550 
55.87500000 0.74431382 
55.92500000 0.73995793 
55.97500000 0.73554785 
56.02500000 0.73108360 
56.07500000 0.72656528 
56.12500000 0.72199298 
56.17500000 0.71736683 
56.22500000 0.71268700 
56.27500000 0.70795369 
56.32500000 0.70316713 
56.37500000 0.69832759 
56.42500000 0.69343536 
56.47500000 0.68849079 
56.52500000 0.68349424 
56.57500000 0.67844612 
56.62500000 0.67334687 
56.67500000 0.66819699 
56.72500000 0.66299699 
56.77500000 0.65774744 
56.82500000 0.65244894 
56.87500000 0.64710213 
56.92500000 0.64170769 
56.97500000 0.63626635 
57.02500000 0.63077886 
57.07500000 0.62524604 
57.12500000 0.61966874 
57.17500000 0.61404785 
57.22500000 0.60838429 
57.27500000 0.60267904 
57.32500000 0.59693312 
57.37500000 0.59114759 
57.42500000 0.58532355 
57.47500000 0.57946213 
57.52500000 0.57356454 
57.57500000 0.56763198 
57.62500000 0.56166573 
57.67500000 0.55566709 
57.72500000 0.54963742 
57.77500000 0.54357809 
57.82500000 0.53749053 
57.87500000 0.53137621 
57.92500000 0.52523662 
57.97500000 0.51907329 
58.02500000 0.51288781 
58.07500000 0.50668176 
58.12500000 0.50045680 
58.17500000 0.49421458 
58.22500000 0.48795681 
58.27500000 0.48168521 
58.32500000 0.47540155 
58.37500000 0.46910759 
58.42500000 0.46280514 
58.47500000 0.45649604 
58.52500000 0.45018213 
58.57500000 0.44386528 
58.62500000 0.43754738 
58.67500000 0.43123032 
58.72500000 0.42491601 
58.77500000 0.41860639 
58.82500000 0.41230339 
58.87500000 0.40600895 
58.92500000 0.39972501 
58.97500000 0.39345353 
59.02500000 0.38719645 
59.07500000 0.38095573 
59.12500000 0.37473330 
59.17500000 0.36853111 
59.22500000 0.36235109 
59.27500000 0.35619515 
59.32500000 0.35006520 
59.37500000 0.34396314 
59.42500000 0.33789083 
59.47500000 0.33185013 
59.52500000 0.32584286 
59.57500000 0.31987085 
59.62500000 0.31393586 
59.67500000 0.30803965 
59.72500000 0.30218394 
59.77500000 0.29637043 
59.82500000 0.29060075 
59.87500000 0.28487653 
59.92500000 0.27919935 
59.97500000 0.27357074 
60.02500000 0.26799221 
60.07500000 0.26246520 
60.12500000 0.25699112 
60.17500000 0.25157133 
60.22500000 0.24620714 
60.27500000 0.24089982 
60.32500000 0.23565056 
60.37500000 0.23046055 
60.42500000 0.22533087 
60.47500000 0.22026259 
60.52500000 0.21525669 
60.57500000 0.21031413 
60.62500000 0.20543579 
60.67500000 0.20062249 
60.72500000 0.19587502 
60.77500000 0.19119408 
60.82500000 0.18658034 
60.87500000 0.18203440 
60.92500000 0.17755679 
60.97500000 0.17314800 
61.02500000 0.16880847 
61.07500000 0.16453856 
61.12500000 0.16033859 
61.17500000 0.15620882 
61.22500000 0.15214944 
61.27500000 0.14816062 
61.32500000 0.14424243 
61.37500000 0.14039494 
61.42500000 0.13661811 
61.47500000 0.13291190 
61.52500000 0.12927618 
61.57500000 0.12571081 
61.62500000 0.12221556 
61.67500000 0.11879018 
61.72500000 0.11543438 
61.77500000 0.11214781 
61.82500000 0.10893007 
61.87500000 0.10578074 
61.92500000 0.10269936 
61.97500000 0.09968541 
62.02500000 0.09673835 
62.07500000 0.09385761 
62.12500000 0.09104257 
62.17500000 0.08829258 
62.22500000 0.08560698 
62.27500000 0.08298507 
62.32500000 0.08042610 
62.37500000 0.07792933 
62.42500000 0.07549398 
62.47500000 0.07311924 
62.52500000 0.07080430 
62.57500000 0.06854830 
62.62500000 0.06635040 
62.67500000 0.06420972 
62.72500000 0.06212537 
62.77500000 0.06009643 
62.82500000 0.05812201 
62.87500000 0.05620117 
62.92500000 0.05433299 
62.97500000 0.05251651 
63.02500000 0.05075079 
63.07500000 0.04903489 
63.12500000 0.04736783 
63.17500000 0.04574867 
63.22500000 0.04417645 
63.27500000 0.04265019 
63.32500000 0.04116895 
63.37500000 0.03973177 
63.42500000 0.03833768 
63.47500000 0.03698575 
63.52500000 0.03567502 
63.57500000 0.03440455 
63.62500000 0.03317341 
63.67500000 0.03198066 
63.72500000 0.03082540 
63.77500000 0.02970671 
63.82500000 0.02862368 
63.87500000 0.02757542 
63.92500000 0.02656106 
63.97500000 0.02557971 
64.02500000 0.02463053 
64.07500000 0.02371266 
64.12500000 0.02282526 
64.17500000 0.02196752 
64.22500000 0.02113862 
64.27500000 0.02033776 
64.32500000 0.01956416 
64.37500000 0.01881705 
64.42500000 0.01809567 
64.47500000 0.01739927 
64.52500000 0.01672714 
64.57500000 0.01607855 
64.62500000 0.01545281 
64.67500000 0.01484923 
64.72500000 0.01426714 
64.77500000 0.01370587 
64.82500000 0.01316480 
64.87500000 0.01264329 
64.92500000 0.01214072 
64.97500000 0.01165651 
65.02500000 0.01119006 
65.07500000 0.01074080 
65.12500000 0.01030818 
65.17500000 0.00989165 
65.22500000 0.00949069 
65.27500000 0.00910478 
65.32500000 0.00873342 
65.37500000 0.00837612 
65.42500000 0.00803241 
65.47500000 0.00770182 
65.52500000 0.00738390 
65.57500000 0.00707823 
65.62500000 0.00678437 
65.67500000 0.00650191 
65.72500000 0.00623045 
65.77500000 0.00596961 
65.82500000 0.00571901 
65.87500000 0.00547828 
65.92500000 0.00524706 
65.97500000 0.00502502 
66.02500000 0.00481183 
66.07500000 0.00460715 
66.12500000 0.00441068 
66.17500000 0.00422211 
66.22500000 0.00404116 
66.27500000 0.00386754 
66.32500000 0.00370097 
66.37500000 0.00354119 
66.42500000 0.00338795 
66.47500000 0.00324099 
66.52500000 0.00310008 
66.57500000 0.00296499 
66.62500000 0.00283549 
66.67500000 0.00271136 
66.72500000 0.00259241 
66.77500000 0.00247842 
66.82500000 0.00236921 
66.87500000 0.00226458 
66.92500000 0.00216436 
66.97500000 0.00206838 
67.02500000 0.00197645 
67.07500000 0.00188843 
67.12500000 0.00180416 
67.17500000 0.00172349 
67.22500000 0.00164627 
67.27500000 0.00157236 
67.32500000 0.00150163 
67.37500000 0.00143395 
67.42500000 0.00136919 
67.47500000 0.00130724 
67.52500000 0.00124798 
67.57500000 0.00119130 
67.62500000 0.00113710 
67.67500000 0.00108526 
67.72500000 0.00103570 
67.77500000 0.00098831 
67.82500000 0.00094301 
67.87500000 0.00089972 
67.92500000 0.00085833 
67.97500000 0.00081878 
68.02500000 0.00078099 
68.07500000 0.00074488 
68.12500000 0.00071038 
68.17500000 0.00067742 
68.22500000 0.00064594 
68.27500000 0.00061587 
68.32500000 0.00058716 
68.37500000 0.00055974 
68.42500000 0.00053355 
68.47500000 0.00050855 
68.52500000 0.00048469 
68.57500000 0.00046191 
68.62500000 0.00044016 
68.67500000 0.00041941 
68.72500000 0.00039960 
68.77500000 0.00038070 
68.82500000 0.00036267 
68.87500000 0.00034546 
68.92500000 0.00032905 
68.97500000 0.00031339 
69.02500000 0.00029846 
69.07500000 0.00028421 
69.12500000 0.00027063 
69.17500000 0.00025768 
69.22500000 0.00024533 
69.27500000 0.00023355 
69.32500000 0.00022233 
69.37500000 0.00021162 
69.42500000 0.00020142 
69.47500000 0.00019170 
69.52500000 0.00018243 
69.57500000 0.00017360 
69.62500000 0.00016519 
69.67500000 0.00015717 
69.72500000 0.00014953 
69.77500000 0.00014225 
69.82500000 0.00013532 
69.87500000 0.00012872 
69.92500000 0.00012243 
69.97500000 0.00011644 
70.02500000 0.00011074 
70.07500000 0.00010530 
70.12500000 0.00010013 
70.17500000 0.00009521 
70.22500000 0.00009052 
70.27500000 0.00008606 
70.32500000 0.00008181 
70.37500000 0.00007777 
70.42500000 0.00007392 
70.47500000 0.00007025 
70.52500000 0.00006677 
70.57500000 0.00006345 
70.62500000 0.00006030 
70.67500000 0.00005730 
70.72500000 0.00005444 
70.77500000 0.00005172 
70.82500000 0.00004914 
70.87500000 0.00004668 
70.92500000 0.00004434 
70.97500000 0.00004212 
71.02500000 0.00004000 
71.07500000 0.00003799 
71.12500000 0.00003608 
71.17500000 0.00003426 
71.22500000 0.00003253 
71.27500000 0.00003089 
71.32500000 0.00002933 
71.37500000 0.00002785 
71.42500000 0.00002644 
71.47500000 0.00002509 
71.52500000 0.00002382 
71.57500000 0.00002261 
71.62500000 0.00002146 
71.67500000 0.00002037 
71.72500000 0.00001933 
71.77500000 0.00001834 
71.82500000 0.00001740 
71.87500000 0.00001651 
71.92500000 0.00001567 
71.97500000 0.00001486 
72.02500000 0.00001410 
72.07500000 0.00001338 
72.12500000 0.00001269 
72.17500000 0.00001203 
72.22500000 0.00001141 
72.27500000 0.00001082 
72.32500000 0.00001027 
72.37500000 0.00000973 
72.42500000 0.00000923 
72.47500000 0.00000875 
72.52500000 0.00000830 
72.57500000 0.00000787 
72.62500000 0.00000746 
72.67500000 0.00000707 
72.72500000 0.00000670 
72.77500000 0.00000635 
72.82500000 0.00000602 
72.87500000 0.00000571 
72.92500000 0.00000541 
72.97500000 0.00000513 
73.02500000 0.00000486 
73.07500000 0.00000460 
73.12500000 0.00000436 
73.17500000 0.00000413 
73.22500000 0.00000391 
73.27500000 0.00000371 
73.32500000 0.00000351 
73.37500000 0.00000333 
73.42500000 0.00000315 
73.47500000 0.00000298 
73.52500000 0.00000283 
73.57500000 0.00000268 
73.62500000 0.00000254 
73.67500000 0.00000240 
73.72500000 0.00000227 
73.77500000 0.00000215 
73.82500000 0.00000204 
73.87500000 0.00000193 
73.92500000 0.00000183 
73.97500000 0.00000173 
74.02500000 0.00000164 
74.07500000 0.00000155 
74.12500000 0.00000147 
74.17500000 0.00000139 
74.22500000 0.00000131 
74.27500000 0.00000124 
74.32500000 0.00000118 
74.37500000 0.00000111 
74.42500000 0.00000105 
74.47500000 0.00000100 
74.52500000 0.00000094 
74.57500000 0.00000089 
74.62500000 0.00000084 
74.67500000 0.00000080 
74.72500000 0.00000076 
74.77500000 0.00000071 
74.82500000 0.00000068 
74.87500000 0.00000064 
74.92500000 0.00000060 
74.97500000 0.00000057 
75.02500000 0.00000054 
75.07500000 0.00000051 
75.12500000 0.00000048 
75.17500000 0.00000046 
75.22500000 0.00000043 
75.27500000 0.00000041 
75.32500000 0.00000039 
75.37500000 0.00000036 
75.42500000 0.00000034 
75.47500000 0.00000033 
75.52500000 0.00000031 
75.57500000 0.00000029 
75.62500000 0.00000028 
75.67500000 0.00000026 
75.72500000 0.00000025 
75.77500000 0.00000023 
75.82500000 0.00000022 
75.87500000 0.00000021 
75.92500000 0.00000020 
75.97500000 0.00000019 
76.02500000 0.00000017 
76.07500000 0.00000017 
76.12500000 0.00000016 
76.17500000 0.00000015 
76.22500000 0.00000014 
76.27500000 0.00000013 
76.32500000 0.00000012 
76.37500000 0.00000012 
76.42500000 0.00000011 
76.47500000 0.00000010 
76.52500000 0.00000010 
76.57500000 0.00000009 
76.62500000 0.00000009 
76.67500000 0.00000008 
76.72500000 0.00000008 
76.77500000 0.00000007 
76.82500000 0.00000007 
76.87500000 0.00000007 
76.92500000 0.00000006 
76.97500000 0.00000006 
77.02500000 0.00000006 
77.07500000 0.00000005 
77.12500000 0.00000005 
77.17500000 0.00000005 
77.22500000 0.00000004 
77.27500000 0.00000004 
77.32500000 0.00000004 
77.37500000 0.00000004 
77.42500000 0.00000003 
77.47500000 0.00000003 
77.52500000 0.00000003 
77.57500000 0.00000003 
77.62500000 0.00000003 
77.67500000 0.00000003 
77.72500000 0.00000002 
77.77500000 0.00000002 
77.82500000 0.00000002 
77.87500000 0.00000002 
77.92500000 0.00000002 
77.97500000 0.00000002 
78.02500000 0.00000002 
78.07500000 0.00000002 
78.12500000 0.00000002 
78.17500000 0.00000001 
78.22500000 0.00000001 
78.27500000 0.00000001 
78.32500000 0.00000001 
78.37500000 0.00000001 
78.42500000 0.00000001 
78.47500000 0.00000001 
78.52500000 0.00000001 
78.57500000 0.00000001 
78.62500000 0.00000001 
78.67500000 0.00000001 
78.72500000 0.00000001 
78.77500000 0.00000001 
78.82500000 0.00000001 
78.87500000 0.00000001 
78.92500000 0.00000001 
78.97500000 0.00000001 
79.02500000 0.00000001 
79.07500000 0.00000000 
79.12500000 0.00000000 
79.17500000 0.00000000 
79.22500000 0.00000000 
79.27500000 0.00000000 
79.32500000 0.00000000 
79.37500000 0.00000000 
79.42500000 0.00000000 
79.47500000 0.00000000 
79.52500000 0.00000000 
79.57500000 0.00000000 
79.62500000 0.00000000 
79.67500000 0.00000000 
79.72500000 0.00000000 
79.77500000 0.00000000 
79.82500000 0.00000000 
79.87500000 0.00000000 
79.92500000 0.00000000 
79.97500000 0.00000000 
80.02500000 0.00000000 
80.07500000 0.00000000 
80.12500000 0.00000000 
80.17500000 0.00000000 
80.22500000 0.00000000 
80.27500000 0.00000000 
80.32500000 0.00000000 
80.37500000 0.00000000 
80.42500000 0.00000000 
80.47500000 0.00000000 
80.52500000 0.00000000 
80.57500000 0.00000000 
80.62500000 0.00000000 
80.67500000 0.00000000 
80.72500000 0.00000000 
80.77500000 0.00000000 
80.82500000 0.00000000 
80.87500000 0.00000000 
80.92500000 0.00000000 
80.97500000 0.00000000 
81.02500000 0.00000000 
81.07500000 0.00000000 
81.12500000 0.00000000 
81.17500000 0.00000000 
81.22500000 0.00000000 
81.27500000 0.00000000 
81.32500000 0.00000000 
81.37500000 0.00000000 
81.42500000 0.00000000 
81.47500000 0.00000000 
81.52500000 0.00000000 
81.57500000 0.00000000 
81.62500000 0.00000000 
81.67500000 0.00000000 
81.72500000 0.00000000 
81.77500000 0.00000000 
81.82500000 0.00000000 
81.87500000 0.00000000 
81.92500000 0.00000000 
81.97500000 0.00000000 
82.02500000 0.00000000 
82.07500000 0.00000000 
82.12500000 0.00000000 
82.17500000 0.00000000 
82.22500000 0.00000000 
82.27500000 0.00000000 
82.32500000 0.00000000 
82.37500000 0.00000000 
82.42500000 0.00000000 
82.47500000 0.00000000 
82.52500000 0.00000000 
82.57500000 0.00000000 
82.62500000 0.00000000 
82.67500000 0.00000000 
82.72500000 0.00000000 
82.77500000 0.00000000 
82.82500000 0.00000000 
82.87500000 0.00000000 
82.92500000 0.00000000 
82.97500000 0.00000000 
83.02500000 0.00000000 
83.07500000 0.00000000 
83.12500000 0.00000000 
83.17500000 0.00000000 
83.22500000 0.00000000 
83.27500000 0.00000000 
83.32500000 0.00000000 
83.37500000 0.00000000 
83.42500000 0.00000000 
83.47500000 0.00000000 
83.52500000 0.00000000 
83.57500000 0.00000000 
83.62500000 0.00000000 
83.67500000 0.00000000 
83.72500000 0.00000000 
83.77500000 0.00000000 
83.82500000 0.00000000 
83.87500000 0.00000000 
83.92500000 0.00000000 
83.97500000 0.00000000 
84.02500000 0.00000000 
84.07500000 0.00000000 
84.12500000 0.00000000 
84.17500000 0.00000000 
84.22500000 0.00000000 
84.27500000 0.00000000 
84.32500000 0.00000000 
84.37500000 0.00000000 
84.42500000 0.00000000 
84.47500000 0.00000000 
84.52500000 0.00000000 
84.57500000 0.00000000 
84.62500000 0.00000000 
84.67500000 0.00000000 
84.72500000 0.00000000 
84.77500000 0.00000000 
84.82500000 0.00000000 
84.87500000 0.00000000 
84.92500000 0.00000000 
84.97500000 0.00000000 
85.02500000 0.00000000 
85.07500000 0.00000000 
85.12500000 0.00000000 
85.17500000 0.00000000 
85.22500000 0.00000000 
85.27500000 0.00000000 
85.32500000 0.00000000 
85.37500000 0.00000000 
85.42500000 0.00000000 
85.47500000 0.00000000 
85.52500000 0.00000000 
85.57500000 0.00000000 
85.62500000 0.00000000 
85.67500000 0.00000000 
85.72500000 0.00000000 
85.77500000 0.00000000 
85.82500000 0.00000000 
85.87500000 0.00000000 
85.92500000 0.00000000 
85.97500000 0.00000000 
86.02500000 0.00000000 
86.07500000 0.00000000 
86.12500000 0.00000000 
86.17500000 0.00000000 
86.22500000 0.00000000 
86.27500000 0.00000000 
86.32500000 0.00000000 
86.37500000 0.00000000 
86.42500000 0.00000000 
86.47500000 0.00000000 
86.52500000 0.00000000 
86.57500000 0.00000000 
86.62500000 0.00000000 
86.67500000 0.00000000 
86.72500000 0.00000000 
86.77500000 0.00000000 
86.82500000 0.00000000 
86.87500000 0.00000000 
86.92500000 0.00000000 
86.97500000 0.00000000 
87.02500000 0.00000000 
87.07500000 0.00000000 
87.12500000 0.00000000 
87.17500000 0.00000000 
87.22500000 0.00000000 
87.27500000 0.00000000 
87.32500000 0.00000000 
87.37500000 0.00000000 
87.42500000 0.00000000 
87.47500000 0.00000000 
87.52500000 0.00000000 
87.57500000 0.00000000 
87.62500000 0.00000000 
87.67500000 0.00000000 
87.72500000 0.00000000 
87.77500000 0.00000000 
87.82500000 0.00000000 
87.87500000 0.00000000 
87.92500000 0.00000000 
87.97500000 0.00000000 
88.02500000 0.00000000 
88.07500000 0.00000000 
88.12500000 0.00000000 
88.17500000 0.00000000 
88.22500000 0.00000000 
88.27500000 0.00000000 
88.32500000 0.00000000 
88.37500000 0.00000000 
88.42500000 0.00000000 
88.47500000 0.00000000 
88.52500000 0.00000000 
88.57500000 0.00000000 
88.62500000 0.00000000 
88.67500000 0.00000000 
88.72500000 0.00000000 
88.77500000 0.00000000 
88.82500000 0.00000000 
88.87500000 0.00000000 
88.92500000 0.00000000 
88.97500000 0.00000000 
89.02500000 0.00000000 
89.07500000 0.00000000 
89.12500000 0.00000000 
89.17500000 0.00000000 
89.22500000 0.00000000 
89.27500000 0.00000000 
89.32500000 0.00000000 
89.37500000 0.00000000 
89.42500000 0.00000000 
89.47500000 0.00000000 
89.52500000 0.00000000 
89.57500000 0.00000000 
89.62500000 0.00000000 
89.67500000 0.00000000 
89.72500000 0.00000000 
89.77500000 0.00000000 
89.82500000 0.00000000 
89.87500000 0.00000000 
89.92500000 0.00000000 
89.97500000 0.00000000 
90.02500000 0.00000000 
90.07500000 0.00000000 
90.12500000 0.00000000 
90.17500000 0.00000000 
90.22500000 0.00000000 
90.27500000 0.00000000 
90.32500000 0.00000000 
90.37500000 0.00000000 
90.42500000 0.00000000 
90.47500000 0.00000000 
90.52500000 0.00000000 
90.57500000 0.00000000 
90.62500000 0.00000000 
90.67500000 0.00000000 
90.72500000 0.00000000 
90.77500000 0.00000000 
90.82500000 0.00000000 
90.87500000 0.00000000 
90.92500000 0.00000000 
90.97500000 0.00000000 
91.02500000 0.00000000 
91.07500000 0.00000000 
91.12500000 0.00000000 
91.17500000 0.00000000 
91.22500000 0.00000000 
91.27500000 0.00000000 
91.32500000 0.00000000 
91.37500000 0.00000000 
91.42500000 0.00000000 
91.47500000 0.00000000 
91.52500000 0.00000000 
91.57500000 0.00000000 
91.62500000 0.00000000 
91.67500000 0.00000000 
91.72500000 0.00000000 
91.77500000 0.00000000 
91.82500000 0.00000000 
91.87500000 0.00000000 
91.92500000 0.00000000 
91.97500000 0.00000000 
92.02500000 0.00000000 
92.07500000 0.00000000 
92.12500000 0.00000000 
92.17500000 0.00000000 
92.22500000 0.00000000 
92.27500000 0.00000000 
92.32500000 0.00000000 
92.37500000 0.00000000 
92.42500000 0.00000000 
92.47500000 0.00000000 
92.52500000 0.00000000 
92.57500000 0.00000000 
92.62500000 0.00000000 
92.67500000 0.00000000 
92.72500000 0.00000000 
92.77500000 0.00000000 
92.82500000 0.00000000 
92.87500000 0.00000000 
92.92500000 0.00000000 
92.97500000 0.00000000 
93.02500000 0.00000000 
93.07500000 0.00000000 
93.12500000 0.00000000 
93.17500000 0.00000000 
93.22500000 0.00000000 
93.27500000 0.00000000 
93.32500000 0.00000000 
93.37500000 0.00000000 
93.42500000 0.00000000 
93.47500000 0.00000000 
93.52500000 0.00000000 
93.57500000 0.00000000 
93.62500000 0.00000000 
93.67500000 0.00000000 
93.72500000 0.00000000 
93.77500000 0.00000000 
93.82500000 0.00000000 
93.87500000 0.00000000 
93.92500000 0.00000000 
93.97500000 0.00000000 
94.02500000 0.00000000 
94.07500000 0.00000000 
94.12500000 0.00000000 
94.17500000 0.00000000 
94.22500000 0.00000000 
94.27500000 0.00000000 
94.32500000 0.00000000 
94.37500000 0.00000000 
94.42500000 0.00000000 
94.47500000 0.00000000 
94.52500000 0.00000000 
94.57500000 0.00000000 
94.62500000 0.00000000 
94.67500000 0.00000000 
94.72500000 0.00000000 
94.77500000 0.00000000 
94.82500000 0.00000000 
94.87500000 0.00000000 
94.92500000 0.00000000 
94.97500000 0.00000000 
95.02500000 0.00000000 
95.07500000 0.00000000 
95.12500000 0.00000000 
95.17500000 0.00000000 
95.22500000 0.00000000 
95.27500000 0.00000000 
95.32500000 0.00000000 
95.37500000 0.00000000 
95.42500000 0.00000000 
95.47500000 0.00000000 
95.52500000 0.00000000 
95.57500000 0.00000000 
95.62500000 0.00000000 
95.67500000 0.00000000 
95.72500000 0.00000000 
95.77500000 0.00000000 
95.82500000 0.00000000 
95.87500000 0.00000000 
95.92500000 0.00000000 
95.97500000 0.00000000 
96.02500000 0.00000000 
96.07500000 0.00000000 
96.12500000 0.00000000 
96.17500000 0.00000000 
96.22500000 0.00000000 
96.27500000 0.00000000 
96.32500000 0.00000000 
96.37500000 0.00000000 
96.42500000 0.00000000 
96.47500000 0.00000000 
96.52500000 0.00000000 
96.57500000 0.00000000 
96.62500000 0.00000000 
96.67500000 0.00000000 
96.72500000 0.00000000 
96.77500000 0.00000000 
96.82500000 0.00000000 
96.87500000 0.00000000 
96.92500000 0.00000000 
96.97500000 0.00000000 
97.02500000 0.00000000 
97.07500000 0.00000000 
97.12500000 0.00000000 
97.17500000 0.00000000 
97.22500000 0.00000000 
97.27500000 0.00000000 
97.32500000 0.00000000 
97.37500000 0.00000000 
97.42500000 0.00000000 
97.47500000 0.00000000 
97.52500000 0.00000000 
97.57500000 0.00000000 
97.62500000 0.00000000 
97.67500000 0.00000000 
97.72500000 0.00000000 
97.77500000 0.00000000 
97.82500000 0.00000000 
97.87500000 0.00000000 
97.92500000 0.00000000 
97.97500000 0.00000000 
98.02500000 0.00000000 
98.07500000 0.00000000 
98.12500000 0.00000000 
98.17500000 0.00000000 
98.22500000 0.00000000 
98.27500000 0.00000000 
98.32500000 0.00000000 
98.37500000 0.00000000 
98.42500000 0.00000000 
98.47500000 0.00000000 
98.52500000 0.00000000 
98.57500000 0.00000000 
98.62500000 0.00000000 
98.67500000 0.00000000 
98.72500000 0.00000000 
98.77500000 0.00000000 
98.82500000 0.00000000 
98.87500000 0.00000000 
98.92500000 0.00000000 
98.97500000 0.00000000 
99.02500000 0.00000000 
99.07500000 0.00000000 
99.12500000 0.00000000 
99.17500000 0.00000000 
99.22500000 0.00000000 
99.27500000 0.00000000 
99.32500000 0.00000000 
99.37500000 0.00000000 
99.42500000 0.00000000 
99.47500000 0.00000000 
99.52500000 0.00000000 
99.57500000 0.00000000 
99.62500000 0.00000000 
99.67500000 0.00000000 
99.72500000 0.00000000 
99.77500000 0.00000000 
99.82500000 0.00000000 
99.87500000 0.00000000 
99.92500000 0.00000000 
99.97500000 0.00000000 
100.02500000 0.00000000 
100.07500000 0.00000000 
100.12500000 0.00000000 
100.17500000 0.00000000 
100.22500000 0.00000000 
100.27500000 0.00000000 
100.32500000 0.00000000 
100.37500000 0.00000000 
100.42500000 0.00000000 
100.47500000 0.00000000 
100.52500000 0.00000000 
100.57500000 0.00000000 
100.62500000 0.00000000 
100.67500000 0.00000000 
100.72500000 0.00000000 
100.77500000 0.00000000 
100.82500000 0.00000000 
100.87500000 0.00000000 
100.92500000 0.00000000 
100.97500000 0.00000000 
101.02500000 0.00000000 
101.07500000 0.00000000 
101.12500000 0.00000000 
101.17500000 0.00000000 
101.22500000 0.00000000 
101.27500000 0.00000000 
101.32500000 0.00000000 
101.37500000 0.00000000 
101.42500000 0.00000000 
101.47500000 0.00000000 
101.52500000 0.00000000 
101.57500000 0.00000000 
101.62500000 0.00000000 
101.67500000 0.00000000 
101.72500000 0.00000000 
101.77500000 0.00000000 
101.82500000 0.00000000 
101.87500000 0.00000000 
101.92500000 0.00000000 
101.97500000 0.00000000 
102.02500000 0.00000000 
102.07500000 0.00000000 
102.12500000 0.00000000 
102.17500000 0.00000000 
102.22500000 0.00000000 
102.27500000 0.00000000 
102.32500000 0.00000000 
102.37500000 0.00000000 
102.42500000 0.00000000 
102.47500000 0.00000000 
102.52500000 0.00000000 
102.57500000 0.00000000 
102.62500000 0.00000000 
102.67500000 0.00000000 
102.72500000 0.00000000 
102.77500000 0.00000000 
102.82500000 0.00000000 
102.87500000 0.00000000 
102.92500000 0.00000000 
102.97500000 0.00000000 
103.02500000 0.00000000 
103.07500000 0.00000000 
103.12500000 0.00000000 
103.17500000 0.00000000 
103.22500000 0.00000000 
103.27500000 0.00000000 
103.32500000 0.00000000 
103.37500000 0.00000000 
103.42500000 0.00000000 
103.47500000 0.00000000 
103.52500000 0.00000000 
103.57500000 0.00000000 
103.62500000 0.00000000 
103.67500000 0.00000000 
103.72500000 0.00000000 
103.77500000 0.00000000 
103.82500000 0.00000000 
103.87500000 0.00000000 
103.92500000 0.00000000 
103.97500000 0.00000000 
104.02500000 0.00000000 
104.07500000 0.00000000 
104.12500000 0.00000000 
104.17500000 0.00000000 
104.22500000 0.00000000 
104.27500000 0.00000000 
104.32500000 0.00000000 
104.37500000 0.00000000 
104.42500000 0.00000000 
104.47500000 0.00000000 
104.52500000 0.00000000 
104.57500000 0.00000000 
104.62500000 0.00000000 
104.67500000 0.00000000 
104.72500000 0.00000000 
104.77500000 0.00000000 
104.82500000 0.00000000 
104.87500000 0.00000000 
104.92500000 0.00000000 
104.97500000 0.00000000 
105.02500000 0.00000000 
105.07500000 0.00000000 
105.12500000 0.00000000 
105.17500000 0.00000000 
105.22500000 0.00000000 
105.27500000 0.00000000 
105.32500000 0.00000000 
105.37500000 0.00000000 
105.42500000 0.00000000 
105.47500000 0.00000000 
105.52500000 0.00000000 
105.57500000 0.00000000 
105.62500000 0.00000000 
105.67500000 0.00000000 
105.72500000 0.00000000 
105.77500000 0.00000000 
105.82500000 0.00000000 
105.87500000 0.00000000 
105.92500000 0.00000000 
105.97500000 0.00000000 
106.02500000 0.00000000 
106.07500000 0.00000000 
106.12500000 0.00000000 
106.17500000 0.00000000 
106.22500000 0.00000000 
106.27500000 0.00000000 
106.32500000 0.00000000 
106.37500000 0.00000000 
106.42500000 0.00000000 
106.47500000 0.00000000 
106.52500000 0.00000000 
106.57500000 0.00000000 
106.62500000 0.00000000 
106.67500000 0.00000000 
106.72500000 0.00000000 
106.77500000 0.00000000 
106.82500000 0.00000000 
106.87500000 0.00000000 
106.92500000 0.00000000 
106.97500000 0.00000000 
107.02500000 0.00000000 
107.07500000 0.00000000 
107.12500000 0.00000000 
107.17500000 0.00000000 
107.22500000 0.00000000 
107.27500000 0.00000000 
107.32500000 0.00000000 
107.37500000 0.00000000 
107.42500000 0.00000000 
107.47500000 0.00000000 
107.52500000 0.00000000 
107.57500000 0.00000000 
107.62500000 0.00000000 
107.67500000 0.00000000 
107.72500000 0.00000000 
107.77500000 0.00000000 
107.82500000 0.00000000 
107.87500000 0.00000000 
107.92500000 0.00000000 
107.97500000 0.00000000 
108.02500000 0.00000000 
108.07500000 0.00000000 
108.12500000 0.00000000 
108.17500000 0.00000000 
108.22500000 0.00000000 
108.27500000 0.00000000 
108.32500000 0.00000000 
108.37500000 0.00000000 
108.42500000 0.00000000 
108.47500000 0.00000000 
108.52500000 0.00000000 
108.57500000 0.00000000 
108.62500000 0.00000000 
108.67500000 0.00000000 
108.72500000 0.00000000 
108.77500000 0.00000000 
108.82500000 0.00000000 
108.87500000 0.00000000 
108.92500000 0.00000000 
108.97500000 0.00000000 
109.02500000 0.00000000 
109.07500000 0.00000000 
109.12500000 0.00000000 
109.17500000 0.00000000 
109.22500000 0.00000000 
109.27500000 0.00000000 
109.32500000 0.00000000 
109.37500000 0.00000000 
109.42500000 0.00000000 
109.47500000 0.00000000 
109.52500000 0.00000000 
109.57500000 0.00000000 
109.62500000 0.00000000 
109.67500000 0.00000000 
109.72500000 0.00000000 
109.77500000 0.00000000 
109.82500000 0.00000000 
109.87500000 0.00000000 
109.92500000 0.00000000 
109.97500000 0.00000000 
110.02500000 0.00000000 
110.07500000 0.00000000 
110.12500000 0.00000000 
110.17500000 0.00000000 
110.22500000 0.00000000 
110.27500000 0.00000000 
110.32500000 0.00000000 
110.37500000 0.00000000 
110.42500000 0.00000000 
110.47500000 0.00000000 
110.52500000 0.00000000 
110.57500000 0.00000000 
110.62500000 0.00000000 
110.67500000 0.00000000 
110.72500000 0.00000000 
110.77500000 0.00000000 
110.82500000 0.00000000 
110.87500000 0.00000000 
110.92500000 0.00000000 
110.97500000 0.00000000 
111.02500000 0.00000000 
111.07500000 0.00000000 
111.12500000 0.00000000 
111.17500000 0.00000000 
111.22500000 0.00000000 
111.27500000 0.00000000 
111.32500000 0.00000000 
111.37500000 0.00000000 
111.42500000 0.00000000 
111.47500000 0.00000000 
111.52500000 0.00000000 
111.57500000 0.00000000 
111.62500000 0.00000000 
111.67500000 0.00000000 
111.72500000 0.00000000 
111.77500000 0.00000000 
111.82500000 0.00000000 
111.87500000 0.00000000 
111.92500000 0.00000000 
111.97500000 0.00000000 
112.02500000 0.00000000 
112.07500000 0.00000000 
112.12500000 0.00000000 
112.17500000 0.00000000 
112.22500000 0.00000000 
112.27500000 0.00000000 
112.32500000 0.00000000 
112.37500000 0.00000000 
112.42500000 0.00000000 
112.47500000 0.00000000 
112.52500000 0.00000000 
112.57500000 0.00000000 
112.62500000 0.00000000 
112.67500000 0.00000000 
112.72500000 0.00000000 
112.77500000 0.00000000 
112.82500000 0.00000000 
112.87500000 0.00000000 
112.92500000 0.00000000 
112.97500000 0.00000000 
113.02500000 0.00000000 
113.07500000 0.00000000 
113.12500000 0.00000000 
113.17500000 0.00000000 
113.22500000 0.00000000 
113.27500000 0.00000000 
113.32500000 0.00000000 
113.37500000 0.00000000 
113.42500000 0.00000000 
113.47500000 0.00000000 
113.52500000 0.00000000 
113.57500000 0.00000000 
113.62500000 0.00000000 
113.67500000 0.00000000 
113.72500000 0.00000000 
113.77500000 0.00000000 
113.82500000 0.00000000 
113.87500000 0.00000000 
113.92500000 0.00000000 
113.97500000 0.00000000 
114.02500000 0.00000000 
114.07500000 0.00000000 
114.12500000 0.00000000 
114.17500000 0.00000000 
114.22500000 0.00000000 
114.27500000 0.00000000 
114.32500000 0.00000000 
114.37500000 0.00000000 
114.42500000 0.00000000 
114.47500000 0.00000000 
114.52500000 0.00000000 
114.57500000 0.00000000 
114.62500000 0.00000000 
114.67500000 0.00000000 
114.72500000 0.00000000 
114.77500000 0.00000000 
114.82500000 0.00000000 
114.87500000 0.00000000 
114.92500000 0.00000000 
114.97500000 0.00000000 
115.02500000 0.00000000 
115.07500000 0.00000000 
115.12500000 0.00000000 
115.17500000 0.00000000 
115.22500000 0.00000000 
115.27500000 0.00000000 
115.32500000 0.00000000 
115.37500000 0.00000000 
115.42500000 0.00000000 
115.47500000 0.00000000 
115.52500000 0.00000000 
115.57500000 0.00000000 
115.62500000 0.00000000 
115.67500000 0.00000000 
115.72500000 0.00000000 
115.77500000 0.00000000 
115.82500000 0.00000000 
115.87500000 0.00000000 
115.92500000 0.00000000 
115.97500000 0.00000000 
116.02500000 0.00000000 
116.07500000 0.00000000 
116.12500000 0.00000000 
116.17500000 0.00000000 
116.22500000 0.00000000 
116.27500000 0.00000000 
116.32500000 0.00000000 
116.37500000 0.00000000 
116.42500000 0.00000000 
116.47500000 0.00000000 
116.52500000 0.00000000 
116.57500000 0.00000000 
116.62500000 0.00000000 
116.67500000 0.00000000 
116.72500000 0.00000000 
116.77500000 0.00000000 
116.82500000 0.00000000 
116.87500000 0.00000000 
116.92500000 0.00000000 
116.97500000 0.00000000 
117.02500000 0.00000000 
117.07500000 0.00000000 
117.12500000 0.00000000 
117.17500000 0.00000000 
117.22500000 0.00000000 
117.27500000 0.00000000 
117.32500000 0.00000000 
117.37500000 0.00000000 
117.42500000 0.00000000 
117.47500000 0.00000000 
117.52500000 0.00000000 
117.57500000 0.00000000 
117.62500000 0.00000000 
117.67500000 0.00000000 
117.72500000 0.00000000 
117.77500000 0.00000000 
117.82500000 0.00000000 
117.87500000 0.00000000 
117.92500000 0.00000000 
117.97500000 0.00000000 
118.02500000 0.00000000 
118.07500000 0.00000000 
118.12500000 0.00000000 
118.17500000 0.00000000 
118.22500000 0.00000000 
118.27500000 0.00000000 
118.32500000 0.00000000 
118.37500000 0.00000000 
118.42500000 0.00000000 
118.47500000 0.00000000 
118.52500000 0.00000000 
118.57500000 0.00000000 
118.62500000 0.00000000 
118.67500000 0.00000000 
118.72500000 0.00000000 
118.77500000 0.00000000 
118.82500000 0.00000000 
118.87500000 0.00000000 
118.92500000 0.00000000 
118.97500000 0.00000000 
119.02500000 0.00000000 
119.07500000 0.00000000 
119.12500000 0.00000000 
119.17500000 0.00000000 
119.22500000 0.00000000 
119.27500000 0.00000000 
119.32500000 0.00000000 
119.37500000 0.00000000 
119.42500000 0.00000000 
119.47500000 0.00000000 
119.52500000 0.00000000 
119.57500000 0.00000000 
119.62500000 0.00000000 
119.67500000 0.00000000 
119.72500000 0.00000000 
119.77500000 0.00000000 
119.82500000 0.00000000 
119.87500000 0.00000000 
119.92500000 0.00000000 
119.97500000 0.00000000 
120.02500000 0.00000000 
120.07500000 0.00000000 
120.12500000 0.00000000 
120.17500000 0.00000000 
120.22500000 0.00000000 
120.27500000 0.00000000 
120.32500000 0.00000000 
120.37500000 0.00000000 
120.42500000 0.00000000 
120.47500000 0.00000000 
120.52500000 0.00000000 
120.57500000 0.00000000 
120.62500000 0.00000000 
120.67500000 0.00000000 
120.72500000 0.00000000 
120.77500000 0.00000000 
120.82500000 0.00000000 
120.87500000 0.00000000 
120.92500000 0.00000000 
120.97500000 0.00000000 
121.02500000 0.00000000 
121.07500000 0.00000000 
121.12500000 0.00000000 
121.17500000 0.00000000 
121.22500000 0.00000000 
121.27500000 0.00000000 
121.32500000 0.00000000 
121.37500000 0.00000000 
121.42500000 0.00000000 
121.47500000 0.00000000 
121.52500000 0.00000000 
121.57500000 0.00000000 
121.62500000 0.00000000 
121.67500000 0.00000000 
121.72500000 0.00000000 
121.77500000 0.00000000 
121.82500000 0.00000000 
121.87500000 0.00000000 
121.92500000 0.00000000 
121.97500000 0.00000000 
122.02500000 0.00000000 
122.07500000 0.00000000 
122.12500000 0.00000000 
122.17500000 0.00000000 
122.22500000 0.00000000 
122.27500000 0.00000000 
122.32500000 0.00000000 
122.37500000 0.00000000 
122.42500000 0.00000000 
122.47500000 0.00000000 
122.52500000 0.00000000 
122.57500000 0.00000000 
122.62500000 0.00000000 
122.67500000 0.00000000 
122.72500000 0.00000000 
122.77500000 0.00000000 
122.82500000 0.00000000 
122.87500000 0.00000000 
122.92500000 0.00000000 
122.97500000 0.00000000 
123.02500000 0.00000000 
123.07500000 0.00000000 
123.12500000 0.00000000 
123.17500000 0.00000000 
123.22500000 0.00000000 
123.27500000 0.00000000 
123.32500000 0.00000000 
123.37500000 0.00000000 
123.42500000 0.00000000 
123.47500000 0.00000000 
123.52500000 0.00000000 
123.57500000 0.00000000 
123.62500000 0.00000000 
123.67500000 0.00000000 
123.72500000 0.00000000 
123.77500000 0.00000000 
123.82500000 0.00000000 
123.87500000 0.00000000 
123.92500000 0.00000000 
123.97500000 0.00000000 
124.02500000 0.00000000 
124.07500000 0.00000000 
124.12500000 0.00000000 
124.17500000 0.00000000 
124.22500000 0.00000000 
124.27500000 0.00000000 
124.32500000 0.00000000 
124.37500000 0.00000000 
124.42500000 0.00000000 
124.47500000 0.00000000 
124.52500000 0.00000000 
124.57500000 0.00000000 
124.62500000 0.00000000 
124.67500000 0.00000000 
124.72500000 0.00000000 
124.77500000 0.00000000 
124.82500000 0.00000000 
124.87500000 0.00000000 
124.92500000 0.00000000 
124.97500000 0.00000000 
125.02500000 0.00000000 
125.07500000 0.00000000 
125.12500000 0.00000000 
125.17500000 0.00000000 
125.22500000 0.00000000 
125.27500000 0.00000000 
125.32500000 0.00000000 
125.37500000 0.00000000 
125.42500000 0.00000000 
125.47500000 0.00000000 
125.52500000 0.00000000 
125.57500000 0.00000000 
125.62500000 0.00000000 
125.67500000 0.00000000 
125.72500000 0.00000000 
125.77500000 0.00000000 
125.82500000 0.00000000 
125.87500000 0.00000000 
125.92500000 0.00000000 
125.97500000 0.00000000 
126.02500000 0.00000000 
126.07500000 0.00000000 
126.12500000 0.00000000 
126.17500000 0.00000000 
126.22500000 0.00000000 
126.27500000 0.00000000 
126.32500000 0.00000000 
126.37500000 0.00000000 
126.42500000 0.00000000 
126.47500000 0.00000000 
126.52500000 0.00000000 
126.57500000 0.00000000 
126.62500000 0.00000000 
126.67500000 0.00000000 
126.72500000 0.00000000 
126.77500000 0.00000000 
126.82500000 0.00000000 
126.87500000 0.00000000 
126.92500000 0.00000000 
126.97500000 0.00000000 
127.02500000 0.00000000 
127.07500000 0.00000000 
127.12500000 0.00000000 
127.17500000 0.00000000 
127.22500000 0.00000000 
127.27500000 0.00000000 
127.32500000 0.00000000 
127.37500000 0.00000000 
127.42500000 0.00000000 
127.47500000 0.00000000 
127.52500000 0.00000000 
127.57500000 0.00000000 
127.62500000 0.00000000 
127.67500000 0.00000000 
127.72500000 0.00000000 
127.77500000 0.00000000 
127.82500000 0.00000000 
127.87500000 0.00000000 
127.92500000 0.00000000 
127.97500000 0.00000000 
128.02500000 0.00000000 
128.07500000 0.00000000 
128.12500000 0.00000000 
128.17500000 0.00000000 
128.22500000 0.00000000 
128.27500000 0.00000000 
128.32500000 0.00000000 
128.37500000 0.00000000 
128.42500000 0.00000000 
128.47500000 0.00000000 
128.52500000 0.00000000 
128.57500000 0.00000000 
128.62500000 0.00000000 
128.67500000 0.00000000 
128.72500000 0.00000000 
128.77500000 0.00000000 
128.82500000 0.00000000 
128.87500000 0.00000000 
128.92500000 0.00000000 
128.97500000 0.00000000 
129.02500000 0.00000000 
129.07500000 0.00000000 
129.12500000 0.00000000 
129.17500000 0.00000000 
129.22500000 0.00000000 
129.27500000 0.00000000 
129.32500000 0.00000000 
129.37500000 0.00000000 
129.42500000 0.00000000 
129.47500000 0.00000000 
129.52500000 0.00000000 
129.57500000 0.00000000 
129.62500000 0.00000000 
129.67500000 0.00000000 
129.72500000 0.00000000 
129.77500000 0.00000000 
129.82500000 0.00000000 
129.87500000 0.00000000 
129.92500000 0.00000000 
129.97500000 0.00000000 
130.02500000 0.00000000 
130.07500000 0.00000000 
130.12500000 0.00000000 
130.17500000 0.00000000 
130.22500000 0.00000000 
130.27500000 0.00000000 
130.32500000 0.00000000 
130.37500000 0.00000000 
130.42500000 0.00000000 
130.47500000 0.00000000 
130.52500000 0.00000000 
130.57500000 0.00000000 
130.62500000 0.00000000 
130.67500000 0.00000000 
130.72500000 0.00000000 
130.77500000 0.00000000 
130.82500000 0.00000000 
130.87500000 0.00000000 
130.92500000 0.00000000 
130.97500000 0.00000000 
131.02500000 0.00000000 
131.07500000 0.00000000 
131.12500000 0.00000000 
131.17500000 0.00000000 
131.22500000 0.00000000 
131.27500000 0.00000000 
131.32500000 0.00000000 
131.37500000 0.00000000 
131.42500000 0.00000000 
131.47500000 0.00000000 
131.52500000 0.00000000 
131.57500000 0.00000000 
131.62500000 0.00000000 
131.67500000 0.00000000 
131.72500000 0.00000000 
131.77500000 0.00000000 
131.82500000 0.00000000 
131.87500000 0.00000000 
131.92500000 0.00000000 
131.97500000 0.00000000 
132.02500000 0.00000000 
132.07500000 0.00000000 
132.12500000 0.00000000 
132.17500000 0.00000000 
132.22500000 0.00000000 
132.27500000 0.00000000 
132.32500000 0.00000000 
132.37500000 0.00000000 
132.42500000 0.00000000 
132.47500000 0.00000000 
132.52500000 0.00000000 
132.57500000 0.00000000 
132.62500000 0.00000000 
132.67500000 0.00000000 
132.72500000 0.00000000 
132.77500000 0.00000000 
132.82500000 0.00000000 
132.87500000 0.00000000 
132.92500000 0.00000000 
132.97500000 0.00000000 
133.02500000 0.00000000 
133.07500000 0.00000000 
133.12500000 0.00000000 
133.17500000 0.00000000 
133.22500000 0.00000000 
133.27500000 0.00000000 
133.32500000 0.00000000 
133.37500000 0.00000000 
133.42500000 0.00000000 
133.47500000 0.00000000 
133.52500000 0.00000000 
133.57500000 0.00000000 
133.62500000 0.00000000 
133.67500000 0.00000000 
133.72500000 0.00000000 
133.77500000 0.00000000 
133.82500000 0.00000000 
133.87500000 0.00000000 
133.92500000 0.00000000 
133.97500000 0.00000000 
134.02500000 0.00000000 
134.07500000 0.00000000 
134.12500000 0.00000000 
134.17500000 0.00000000 
134.22500000 0.00000000 
134.27500000 0.00000000 
134.32500000 0.00000000 
134.37500000 0.00000000 
134.42500000 0.00000000 
134.47500000 0.00000000 
134.52500000 0.00000000 
134.57500000 0.00000000 
134.62500000 0.00000000 
134.67500000 0.00000000 
134.72500000 0.00000000 
134.77500000 0.00000000 
134.82500000 0.00000000 
134.87500000 0.00000000 
134.92500000 0.00000000 
134.97500000 0.00000000 
135.02500000 0.00000000 
135.07500000 0.00000000 
135.12500000 0.00000000 
135.17500000 0.00000000 
135.22500000 0.00000000 
135.27500000 0.00000000 
135.32500000 0.00000000 
135.37500000 0.00000000 
135.42500000 0.00000000 
135.47500000 0.00000000 
135.52500000 0.00000000 
135.57500000 0.00000000 
135.62500000 0.00000000 
135.67500000 0.00000000 
135.72500000 0.00000000 
135.77500000 0.00000000 
135.82500000 0.00000000 
135.87500000 0.00000000 
135.92500000 0.00000000 
135.97500000 0.00000000 
136.02500000 0.00000000 
136.07500000 0.00000000 
136.12500000 0.00000000 
136.17500000 0.00000000 
136.22500000 0.00000000 
136.27500000 0.00000000 
136.32500000 0.00000000 
136.37500000 0.00000000 
136.42500000 0.00000000 
136.47500000 0.00000000 
136.52500000 0.00000000 
136.57500000 0.00000000 
136.62500000 0.00000000 
136.67500000 0.00000000 
136.72500000 0.00000000 
136.77500000 0.00000000 
136.82500000 0.00000000 
136.87500000 0.00000000 
136.92500000 0.00000000 
136.97500000 0.00000000 
137.02500000 0.00000000 
137.07500000 0.00000000 
137.12500000 0.00000000 
137.17500000 0.00000000 
137.22500000 0.00000000 
137.27500000 0.00000000 
137.32500000 0.00000000 
137.37500000 0.00000000 
137.42500000 0.00000000 
137.47500000 0.00000000 
137.52500000 0.00000000 
137.57500000 0.00000000 
137.62500000 0.00000000 
137.67500000 0.00000000 
137.72500000 0.00000000 
137.77500000 0.00000000 
137.82500000 0.00000000 
137.87500000 0.00000000 
137.92500000 0.00000000 
137.97500000 0.00000000 
138.02500000 0.00000000 
138.07500000 0.00000000 
138.12500000 0.00000000 
138.17500000 0.00000000 
138.22500000 0.00000000 
138.27500000 0.00000000 
138.32500000 0.00000000 
138.37500000 0.00000000 
138.42500000 0.00000000 
138.47500000 0.00000000 
138.52500000 0.00000000 
138.57500000 0.00000000 
138.62500000 0.00000000 
138.67500000 0.00000000 
138.72500000 0.00000000 
138.77500000 0.00000000 
138.82500000 0.00000000 
138.87500000 0.00000000 
138.92500000 0.00000000 
138.97500000 0.00000000 
139.02500000 0.00000000 
139.07500000 0.00000000 
139.12500000 0.00000000 
139.17500000 0.00000000 
139.22500000 0.00000000 
139.27500000 0.00000000 
139.32500000 0.00000000 
139.37500000 0.00000000 
139.42500000 0.00000000 
139.47500000 0.00000000 
139.52500000 0.00000000 
139.57500000 0.00000000 
139.62500000 0.00000000 
139.67500000 0.00000000 
139.72500000 0.00000000 
139.77500000 0.00000000 
139.82500000 0.00000000 
139.87500000 0.00000000 
139.92500000 0.00000000 
139.97500000 0.00000000 
140.02500000 0.00000000 
140.07500000 0.00000000 
140.12500000 0.00000000 
140.17500000 0.00000000 
140.22500000 0.00000000 
140.27500000 0.00000000 
140.32500000 0.00000000 
140.37500000 0.00000000 
140.42500000 0.00000000 
140.47500000 0.00000000 
140.52500000 0.00000000 
140.57500000 0.00000000 
140.62500000 0.00000000 
140.67500000 0.00000000 
140.72500000 0.00000000 
140.77500000 0.00000000 
140.82500000 0.00000000 
140.87500000 0.00000000 
140.92500000 0.00000000 
140.97500000 0.00000000 
141.02500000 0.00000000 
141.07500000 0.00000000 
141.12500000 0.00000000 
141.17500000 0.00000000 
141.22500000 0.00000000 
141.27500000 0.00000000 
141.32500000 0.00000000 
141.37500000 0.00000000 
141.42500000 0.00000000 
141.47500000 0.00000000 
141.52500000 0.00000000 
141.57500000 0.00000000 
141.62500000 0.00000000 
141.67500000 0.00000000 
141.72500000 0.00000000 
141.77500000 0.00000000 
141.82500000 0.00000000 
141.87500000 0.00000000 
141.92500000 0.00000000 
141.97500000 0.00000000 
142.02500000 0.00000000 
142.07500000 0.00000000 
142.12500000 0.00000000 
142.17500000 0.00000000 
142.22500000 0.00000000 
142.27500000 0.00000000 
142.32500000 0.00000000 
142.37500000 0.00000000 
142.42500000 0.00000000 
142.47500000 0.00000000 
142.52500000 0.00000000 
142.57500000 0.00000000 
142.62500000 0.00000000 
142.67500000 0.00000000 
142.72500000 0.00000000 
142.77500000 0.00000000 
142.82500000 0.00000000 
142.87500000 0.00000000 
142.92500000 0.00000000 
142.97500000 0.00000000 
143.02500000 0.00000000 
143.07500000 0.00000000 
143.12500000 0.00000000 
143.17500000 0.00000000 
143.22500000 0.00000000 
143.27500000 0.00000000 
143.32500000 0.00000000 
143.37500000 0.00000000 
143.42500000 0.00000000 
143.47500000 0.00000000 
143.52500000 0.00000000 
143.57500000 0.00000000 
143.62500000 0.00000000 
143.67500000 0.00000000 
143.72500000 0.00000000 
143.77500000 0.00000000 
143.82500000 0.00000000 
143.87500000 0.00000000 
143.92500000 0.00000000 
143.97500000 0.00000000 
144.02500000 0.00000000 
144.07500000 0.00000000 
144.12500000 0.00000000 
144.17500000 0.00000000 
144.22500000 0.00000000 
144.27500000 0.00000000 
144.32500000 0.00000000 
144.37500000 0.00000000 
144.42500000 0.00000000 
144.47500000 0.00000000 
144.52500000 0.00000000 
144.57500000 0.00000000 
144.62500000 0.00000000 
144.67500000 0.00000000 
144.72500000 0.00000000 
144.77500000 0.00000000 
144.82500000 0.00000000 
144.87500000 0.00000000 
144.92500000 0.00000000 
144.97500000 0.00000000 
145.02500000 0.00000000 
145.07500000 0.00000000 
145.12500000 0.00000000 
145.17500000 0.00000000 
145.22500000 0.00000000 
145.27500000 0.00000000 
145.32500000 0.00000000 
145.37500000 0.00000000 
145.42500000 0.00000000 
145.47500000 0.00000000 
145.52500000 0.00000000 
145.57500000 0.00000000 
145.62500000 0.00000000 
145.67500000 0.00000000 
145.72500000 0.00000000 
145.77500000 0.00000000 
145.82500000 0.00000000 
145.87500000 0.00000000 
145.92500000 0.00000000 
145.97500000 0.00000000 
146.02500000 0.00000000 
146.07500000 0.00000000 
146.12500000 0.00000000 
146.17500000 0.00000000 
146.22500000 0.00000000 
146.27500000 0.00000000 
146.32500000 0.00000000 
146.37500000 0.00000000 
146.42500000 0.00000000 
146.47500000 0.00000000 
146.52500000 0.00000000 
146.57500000 0.00000000 
146.62500000 0.00000000 
146.67500000 0.00000000 
146.72500000 0.00000000 
146.77500000 0.00000000 
146.82500000 0.00000000 
146.87500000 0.00000000 
146.92500000 0.00000000 
146.97500000 0.00000000 
147.02500000 0.00000000 
147.07500000 0.00000000 
147.12500000 0.00000000 
147.17500000 0.00000000 
147.22500000 0.00000000 
147.27500000 0.00000000 
147.32500000 0.00000000 
147.37500000 0.00000000 
147.42500000 0.00000000 
147.47500000 0.00000000 
147.52500000 0.00000000 
147.57500000 0.00000000 
147.62500000 0.00000000 
147.67500000 0.00000000 
147.72500000 0.00000000 
147.77500000 0.00000000 
147.82500000 0.00000000 
147.87500000 0.00000000 
147.92500000 0.00000000 
147.97500000 0.00000000 
148.02500000 0.00000000 
148.07500000 0.00000000 
148.12500000 0.00000000 
148.17500000 0.00000000 
148.22500000 0.00000000 
148.27500000 0.00000000 
148.32500000 0.00000000 
148.37500000 0.00000000 
148.42500000 0.00000000 
148.47500000 0.00000000 
148.52500000 0.00000000 
148.57500000 0.00000000 
148.62500000 0.00000000 
148.67500000 0.00000000 
148.72500000 0.00000000 
148.77500000 0.00000000 
148.82500000 0.00000000 
148.87500000 0.00000000 
148.92500000 0.00000000 
148.97500000 0.00000000 
149.02500000 0.00000000 
149.07500000 0.00000000 
149.12500000 0.00000000 
149.17500000 0.00000000 
149.22500000 0.00000000 
149.27500000 0.00000000 
149.32500000 0.00000000 
149.37500000 0.00000000 
149.42500000 0.00000000 
149.47500000 0.00000000 
149.52500000 0.00000000 
149.57500000 0.00000000 
149.62500000 0.00000000 
149.67500000 0.00000000 
149.72500000 0.00000000 
149.77500000 0.00000000 
149.82500000 0.00000000 
149.87500000 0.00000000 
149.92500000 0.00000000 
149.97500000 0.00000000 
150.02500000 0.00000000 
150.07500000 0.00000000 
150.12500000 0.00000000 
150.17500000 0.00000000 
150.22500000 0.00000000 
150.27500000 0.00000000 
150.32500000 0.00000000 
150.37500000 0.00000000 
150.42500000 0.00000000 
150.47500000 0.00000000 
150.52500000 0.00000000 
150.57500000 0.00000000 
150.62500000 0.00000000 
150.67500000 0.00000000 
150.72500000 0.00000000 
150.77500000 0.00000000 
150.82500000 0.00000000 
150.87500000 0.00000000 
150.92500000 0.00000000 
150.97500000 0.00000000 
151.02500000 0.00000000 
151.07500000 0.00000000 
151.12500000 0.00000000 
151.17500000 0.00000000 
151.22500000 0.00000000 
151.27500000 0.00000000 
151.32500000 0.00000000 
151.37500000 0.00000000 
151.42500000 0.00000000 
151.47500000 0.00000000 
151.52500000 0.00000000 
151.57500000 0.00000000 
151.62500000 0.00000000 
151.67500000 0.00000000 
151.72500000 0.00000000 
151.77500000 0.00000000 
151.82500000 0.00000000 
151.87500000 0.00000000 
151.92500000 0.00000000 
151.97500000 0.00000000 
152.02500000 0.00000000 
152.07500000 0.00000000 
152.12500000 0.00000000 
152.17500000 0.00000000 
152.22500000 0.00000000 
152.27500000 0.00000000 
152.32500000 0.00000000 
152.37500000 0.00000000 
152.42500000 0.00000000 
152.47500000 0.00000000 
152.52500000 0.00000000 
152.57500000 0.00000000 
152.62500000 0.00000000 
152.67500000 0.00000000 
152.72500000 0.00000000 
152.77500000 0.00000000 
152.82500000 0.00000000 
152.87500000 0.00000000 
152.92500000 0.00000000 
152.97500000 0.00000000 
153.02500000 0.00000000 
153.07500000 0.00000000 
153.12500000 0.00000000 
153.17500000 0.00000000 
153.22500000 0.00000000 
153.27500000 0.00000000 
153.32500000 0.00000000 
153.37500000 0.00000000 
153.42500000 0.00000000 
153.47500000 0.00000000 
153.52500000 0.00000000 
153.57500000 0.00000000 
153.62500000 0.00000000 
153.67500000 0.00000000 
153.72500000 0.00000000 
153.77500000 0.00000000 
153.82500000 0.00000000 
153.87500000 0.00000000 
153.92500000 0.00000000 
153.97500000 0.00000000 
154.02500000 0.00000000 
154.07500000 0.00000000 
154.12500000 0.00000000 
154.17500000 0.00000000 
154.22500000 0.00000000 
154.27500000 0.00000000 
154.32500000 0.00000000 
154.37500000 0.00000000 
154.42500000 0.00000000 
154.47500000 0.00000000 
154.52500000 0.00000000 
154.57500000 0.00000000 
154.62500000 0.00000000 
154.67500000 0.00000000 
154.72500000 0.00000000 
154.77500000 0.00000000 
154.82500000 0.00000000 
154.87500000 0.00000000 
154.92500000 0.00000000 
154.97500000 0.00000000 
155.02500000 0.00000000 
155.07500000 0.00000000 
155.12500000 0.00000000 
155.17500000 0.00000000 
155.22500000 0.00000000 
155.27500000 0.00000000 
155.32500000 0.00000000 
155.37500000 0.00000000 
155.42500000 0.00000000 
155.47500000 0.00000000 
155.52500000 0.00000000 
155.57500000 0.00000000 
155.62500000 0.00000000 
155.67500000 0.00000000 
155.72500000 0.00000000 
155.77500000 0.00000000 
155.82500000 0.00000000 
155.87500000 0.00000000 
155.92500000 0.00000000 
155.97500000 0.00000000 
156.02500000 0.00000000 
156.07500000 0.00000000 
156.12500000 0.00000000 
156.17500000 0.00000000 
156.22500000 0.00000000 
156.27500000 0.00000000 
156.32500000 0.00000000 
156.37500000 0.00000000 
156.42500000 0.00000000 
156.47500000 0.00000000 
156.52500000 0.00000000 
156.57500000 0.00000000 
156.62500000 0.00000000 
156.67500000 0.00000000 
156.72500000 0.00000000 
156.77500000 0.00000000 
156.82500000 0.00000000 
156.87500000 0.00000000 
156.92500000 0.00000000 
156.97500000 0.00000000 
157.02500000 0.00000000 
157.07500000 0.00000000 
157.12500000 0.00000000 
157.17500000 0.00000000 
157.22500000 0.00000000 
157.27500000 0.00000000 
157.32500000 0.00000000 
157.37500000 0.00000000 
157.42500000 0.00000000 
157.47500000 0.00000000 
157.52500000 0.00000000 
157.57500000 0.00000000 
157.62500000 0.00000000 
157.67500000 0.00000000 
157.72500000 0.00000000 
157.77500000 0.00000000 
157.82500000 0.00000000 
157.87500000 0.00000000 
157.92500000 0.00000000 
157.97500000 0.00000000 
158.02500000 0.00000000 
158.07500000 0.00000000 
158.12500000 0.00000000 
158.17500000 0.00000000 
158.22500000 0.00000000 
158.27500000 0.00000000 
158.32500000 0.00000000 
158.37500000 0.00000000 
158.42500000 0.00000000 
158.47500000 0.00000000 
158.52500000 0.00000000 
158.57500000 0.00000000 
158.62500000 0.00000000 
158.67500000 0.00000000 
158.72500000 0.00000000 
158.77500000 0.00000000 
158.82500000 0.00000000 
158.87500000 0.00000000 
158.92500000 0.00000000 
158.97500000 0.00000000 
159.02500000 0.00000000 
159.07500000 0.00000000 
159.12500000 0.00000000 
159.17500000 0.00000000 
159.22500000 0.00000000 
159.27500000 0.00000000 
159.32500000 0.00000000 
159.37500000 0.00000000 
159.42500000 0.00000000 
159.47500000 0.00000000 
159.52500000 0.00000000 
159.57500000 0.00000000 
159.62500000 0.00000000 
159.67500000 0.00000000 
159.72500000 0.00000000 
159.77500000 0.00000000 
159.82500000 0.00000000 
159.87500000 0.00000000 
159.92500000 0.00000000 
159.97500000 0.00000000 
160.02500000 0.00000000 
160.07500000 0.00000000 
160.12500000 0.00000000 
160.17500000 0.00000000 
160.22500000 0.00000000 
160.27500000 0.00000000 
160.32500000 0.00000000 
160.37500000 0.00000000 
160.42500000 0.00000000 
160.47500000 0.00000000 
160.52500000 0.00000000 
160.57500000 0.00000000 
160.62500000 0.00000000 
160.67500000 0.00000000 
160.72500000 0.00000000 
160.77500000 0.00000000 
160.82500000 0.00000000 
160.87500000 0.00000000 
160.92500000 0.00000000 
160.97500000 0.00000000 
161.02500000 0.00000000 
161.07500000 0.00000000 
161.12500000 0.00000000 
161.17500000 0.00000000 
161.22500000 0.00000000 
161.27500000 0.00000000 
161.32500000 0.00000000 
161.37500000 0.00000000 
161.42500000 0.00000000 
161.47500000 0.00000000 
161.52500000 0.00000000 
161.57500000 0.00000000 
161.62500000 0.00000000 
161.67500000 0.00000000 
161.72500000 0.00000000 
161.77500000 0.00000000 
161.82500000 0.00000000 
161.87500000 0.00000000 
161.92500000 0.00000000 
161.97500000 0.00000000 
162.02500000 0.00000000 
162.07500000 0.00000000 
162.12500000 0.00000000 
162.17500000 0.00000000 
162.22500000 0.00000000 
162.27500000 0.00000000 
162.32500000 0.00000000 
162.37500000 0.00000000 
162.42500000 0.00000000 
162.47500000 0.00000000 
162.52500000 0.00000000 
162.57500000 0.00000000 
162.62500000 0.00000000 
162.67500000 0.00000000 
162.72500000 0.00000000 
162.77500000 0.00000000 
162.82500000 0.00000000 
162.87500000 0.00000000 
162.92500000 0.00000000 
162.97500000 0.00000000 
163.02500000 0.00000000 
163.07500000 0.00000000 
163.12500000 0.00000000 
163.17500000 0.00000000 
163.22500000 0.00000000 
163.27500000 0.00000000 
163.32500000 0.00000000 
163.37500000 0.00000000 
163.42500000 0.00000000 
163.47500000 0.00000000 
163.52500000 0.00000000 
163.57500000 0.00000000 
163.62500000 0.00000000 
163.67500000 0.00000000 
163.72500000 0.00000000 
163.77500000 0.00000000 
163.82500000 0.00000000 
163.87500000 0.00000000 
163.92500000 0.00000000 
163.97500000 0.00000000 
164.02500000 0.00000000 
164.07500000 0.00000000 
164.12500000 0.00000000 
164.17500000 0.00000000 
164.22500000 0.00000000 
164.27500000 0.00000000 
164.32500000 0.00000000 
164.37500000 0.00000000 
164.42500000 0.00000000 
164.47500000 0.00000000 
164.52500000 0.00000000 
164.57500000 0.00000000 
164.62500000 0.00000000 
164.67500000 0.00000000 
164.72500000 0.00000000 
164.77500000 0.00000000 
164.82500000 0.00000000 
164.87500000 0.00000000 
164.92500000 0.00000000 
164.97500000 0.00000000 
165.02500000 0.00000000 
165.07500000 0.00000000 
165.12500000 0.00000000 
165.17500000 0.00000000 
165.22500000 0.00000000 
165.27500000 0.00000000 
165.32500000 0.00000000 
165.37500000 0.00000000 
165.42500000 0.00000000 
165.47500000 0.00000000 
165.52500000 0.00000000 
165.57500000 0.00000000 
165.62500000 0.00000000 
165.67500000 0.00000000 
165.72500000 0.00000000 
165.77500000 0.00000000 
165.82500000 0.00000000 
165.87500000 0.00000000 
165.92500000 0.00000000 
165.97500000 0.00000000 
166.02500000 0.00000000 
166.07500000 0.00000000 
166.12500000 0.00000000 
166.17500000 0.00000000 
166.22500000 0.00000000 
166.27500000 0.00000000 
166.32500000 0.00000000 
166.37500000 0.00000000 
166.42500000 0.00000000 
166.47500000 0.00000000 
166.52500000 0.00000000 
166.57500000 0.00000000 
166.62500000 0.00000000 
166.67500000 0.00000000 
166.72500000 0.00000000 
166.77500000 0.00000000 
166.82500000 0.00000000 
166.87500000 0.00000000 
166.92500000 0.00000000 
166.97500000 0.00000000 
167.02500000 0.00000000 
167.07500000 0.00000000 
167.12500000 0.00000000 
167.17500000 0.00000000 
167.22500000 0.00000000 
167.27500000 0.00000000 
167.32500000 0.00000000 
167.37500000 0.00000000 
167.42500000 0.00000000 
167.47500000 0.00000000 
167.52500000 0.00000000 
167.57500000 0.00000000 
167.62500000 0.00000000 
167.67500000 0.00000000 
167.72500000 0.00000000 
167.77500000 0.00000000 
167.82500000 0.00000000 
167.87500000 0.00000000 
167.92500000 0.00000000 
167.97500000 0.00000000 
168.02500000 0.00000000 
168.07500000 0.00000000 
168.12500000 0.00000000 
168.17500000 0.00000000 
168.22500000 0.00000000 
168.27500000 0.00000000 
168.32500000 0.00000000 
168.37500000 0.00000000 
168.42500000 0.00000000 
168.47500000 0.00000000 
168.52500000 0.00000000 
168.57500000 0.00000000 
168.62500000 0.00000000 
168.67500000 0.00000000 
168.72500000 0.00000000 
168.77500000 0.00000000 
168.82500000 0.00000000 
168.87500000 0.00000000 
168.92500000 0.00000000 
168.97500000 0.00000000 
169.02500000 0.00000000 
169.07500000 0.00000000 
169.12500000 0.00000000 
169.17500000 0.00000000 
169.22500000 0.00000000 
169.27500000 0.00000000 
169.32500000 0.00000000 
169.37500000 0.00000000 
169.42500000 0.00000000 
169.47500000 0.00000000 
169.52500000 0.00000000 
169.57500000 0.00000000 
169.62500000 0.00000000 
169.67500000 0.00000000 
169.72500000 0.00000000 
169.77500000 0.00000000 
169.82500000 0.00000000 
169.87500000 0.00000000 
169.92500000 0.00000000 
169.97500000 0.00000000 
170.02500000 0.00000000 
170.07500000 0.00000000 
170.12500000 0.00000000 
170.17500000 0.00000000 
170.22500000 0.00000000 
170.27500000 0.00000000 
170.32500000 0.00000000 
170.37500000 0.00000000 
170.42500000 0.00000000 
170.47500000 0.00000000 
170.52500000 0.00000000 
170.57500000 0.00000000 
170.62500000 0.00000000 
170.67500000 0.00000000 
170.72500000 0.00000000 
170.77500000 0.00000000 
170.82500000 0.00000000 
170.87500000 0.00000000 
170.92500000 0.00000000 
170.97500000 0.00000000 
171.02500000 0.00000000 
171.07500000 0.00000000 
171.12500000 0.00000000 
171.17500000 0.00000000 
171.22500000 0.00000000 
171.27500000 0.00000000 
171.32500000 0.00000000 
171.37500000 0.00000000 
171.42500000 0.00000000 
171.47500000 0.00000000 
171.52500000 0.00000000 
171.57500000 0.00000000 
171.62500000 0.00000000 
171.67500000 0.00000000 
171.72500000 0.00000000 
171.77500000 0.00000000 
171.82500000 0.00000000 
171.87500000 0.00000000 
171.92500000 0.00000000 
171.97500000 0.00000000 
172.02500000 0.00000000 
172.07500000 0.00000000 
172.12500000 0.00000000 
172.17500000 0.00000000 
172.22500000 0.00000000 
172.27500000 0.00000000 
172.32500000 0.00000000 
172.37500000 0.00000000 
172.42500000 0.00000000 
172.47500000 0.00000000 
172.52500000 0.00000000 
172.57500000 0.00000000 
172.62500000 0.00000000 
172.67500000 0.00000000 
172.72500000 0.00000000 
172.77500000 0.00000000 
172.82500000 0.00000000 
172.87500000 0.00000000 
172.92500000 0.00000000 
172.97500000 0.00000000 
173.02500000 0.00000000 
173.07500000 0.00000000 
173.12500000 0.00000000 
173.17500000 0.00000000 
173.22500000 0.00000000 
173.27500000 0.00000000 
173.32500000 0.00000000 
173.37500000 0.00000000 
173.42500000 0.00000000 
173.47500000 0.00000000 
173.52500000 0.00000000 
173.57500000 0.00000000 
173.62500000 0.00000000 
173.67500000 0.00000000 
173.72500000 0.00000000 
173.77500000 0.00000000 
173.82500000 0.00000000 
173.87500000 0.00000000 
173.92500000 0.00000000 
173.97500000 0.00000000 
174.02500000 0.00000000 
174.07500000 0.00000000 
174.12500000 0.00000000 
174.17500000 0.00000000 
174.22500000 0.00000000 
174.27500000 0.00000000 
174.32500000 0.00000000 
174.37500000 0.00000000 
174.42500000 0.00000000 
174.47500000 0.00000000 
174.52500000 0.00000000 
174.57500000 0.00000000 
174.62500000 0.00000000 
174.67500000 0.00000000 
174.72500000 0.00000000 
174.77500000 0.00000000 
174.82500000 0.00000000 
174.87500000 0.00000000 
174.92500000 0.00000000 
174.97500000 0.00000000 
175.02500000 0.00000000 
175.07500000 0.00000000 
175.12500000 0.00000000 
175.17500000 0.00000000 
175.22500000 0.00000000 
175.27500000 0.00000000 
175.32500000 0.00000000 
175.37500000 0.00000000 
175.42500000 0.00000000 
175.47500000 0.00000000 
175.52500000 0.00000000 
175.57500000 0.00000000 
175.62500000 0.00000000 
175.67500000 0.00000000 
175.72500000 0.00000000 
175.77500000 0.00000000 
175.82500000 0.00000000 
175.87500000 0.00000000 
175.92500000 0.00000000 
175.97500000 0.00000000 
176.02500000 0.00000000 
176.07500000 0.00000000 
176.12500000 0.00000000 
176.17500000 0.00000000 
176.22500000 0.00000000 
176.27500000 0.00000000 
176.32500000 0.00000000 
176.37500000 0.00000000 
176.42500000 0.00000000 
176.47500000 0.00000000 
176.52500000 0.00000000 
176.57500000 0.00000000 
176.62500000 0.00000000 
176.67500000 0.00000000 
176.72500000 0.00000000 
176.77500000 0.00000000 
176.82500000 0.00000000 
176.87500000 0.00000000 
176.92500000 0.00000000 
176.97500000 0.00000000 
177.02500000 0.00000000 
177.07500000 0.00000000 
177.12500000 0.00000000 
177.17500000 0.00000000 
177.22500000 0.00000000 
177.27500000 0.00000000 
177.32500000 0.00000000 
177.37500000 0.00000000 
177.42500000 0.00000000 
177.47500000 0.00000000 
177.52500000 0.00000000 
177.57500000 0.00000000 
177.62500000 0.00000000 
177.67500000 0.00000000 
177.72500000 0.00000000 
177.77500000 0.00000000 
177.82500000 0.00000000 
177.87500000 0.00000000 
177.92500000 0.00000000 
177.97500000 0.00000000 
178.02500000 0.00000000 
178.07500000 0.00000000 
178.12500000 0.00000000 
178.17500000 0.00000000 
178.22500000 0.00000000 
178.27500000 0.00000000 
178.32500000 0.00000000 
178.37500000 0.00000000 
178.42500000 0.00000000 
178.47500000 0.00000000 
178.52500000 0.00000000 
178.57500000 0.00000000 
178.62500000 0.00000000 
178.67500000 0.00000000 
178.72500000 0.00000000 
178.77500000 0.00000000 
178.82500000 0.00000000 
178.87500000 0.00000000 
178.92500000 0.00000000 
178.97500000 0.00000000 
179.02500000 0.00000000 
179.07500000 0.00000000 
179.12500000 0.00000000 
179.17500000 0.00000000 
179.22500000 0.00000000 
179.27500000 0.00000000 
179.32500000 0.00000000 
179.37500000 0.00000000 
179.42500000 0.00000000 
179.47500000 0.00000000 
179.52500000 0.00000000 
179.57500000 0.00000000 
179.62500000 0.00000000 
179.67500000 0.00000000 
179.72500000 0.00000000 
179.77500000 0.00000000 
179.82500000 0.00000000 
179.87500000 0.00000000 
179.92500000 0.00000000 
179.97500000 0.00000000 
180.02500000 0.00000000 
180.07500000 0.00000000 
180.12500000 0.00000000 
180.17500000 0.00000000 
180.22500000 0.00000000 
180.27500000 0.00000000 
180.32500000 0.00000000 
180.37500000 0.00000000 
180.42500000 0.00000000 
180.47500000 0.00000000 
180.52500000 0.00000000 
180.57500000 0.00000000 
180.62500000 0.00000000 
180.67500000 0.00000000 
180.72500000 0.00000000 
180.77500000 0.00000000 
180.82500000 0.00000000 
180.87500000 0.00000000 
180.92500000 0.00000000 
180.97500000 0.00000000 
181.02500000 0.00000000 
181.07500000 0.00000000 
181.12500000 0.00000000 
181.17500000 0.00000000 
181.22500000 0.00000000 
181.27500000 0.00000000 
181.32500000 0.00000000 
181.37500000 0.00000000 
181.42500000 0.00000000 
181.47500000 0.00000000 
181.52500000 0.00000000 
181.57500000 0.00000000 
181.62500000 0.00000000 
181.67500000 0.00000000 
181.72500000 0.00000000 
181.77500000 0.00000000 
181.82500000 0.00000000 
181.87500000 0.00000000 
181.92500000 0.00000000 
181.97500000 0.00000000 
182.02500000 0.00000000 
182.07500000 0.00000000 
182.12500000 0.00000000 
182.17500000 0.00000000 
182.22500000 0.00000000 
182.27500000 0.00000000 
182.32500000 0.00000000 
182.37500000 0.00000000 
182.42500000 0.00000000 
182.47500000 0.00000000 
182.52500000 0.00000000 
182.57500000 0.00000000 
182.62500000 0.00000000 
182.67500000 0.00000000 
182.72500000 0.00000000 
182.77500000 0.00000000 
182.82500000 0.00000000 
182.87500000 0.00000000 
182.92500000 0.00000000 
182.97500000 0.00000000 
183.02500000 0.00000000 
183.07500000 0.00000000 
183.12500000 0.00000000 
183.17500000 0.00000000 
183.22500000 0.00000000 
183.27500000 0.00000000 
183.32500000 0.00000000 
183.37500000 0.00000000 
183.42500000 0.00000000 
183.47500000 0.00000000 
183.52500000 0.00000000 
183.57500000 0.00000000 
183.62500000 0.00000000 
183.67500000 0.00000000 
183.72500000 0.00000000 
183.77500000 0.00000000 
183.82500000 0.00000000 
183.87500000 0.00000000 
183.92500000 0.00000000 
183.97500000 0.00000000 
184.02500000 0.00000000 
184.07500000 0.00000000 
184.12500000 0.00000000 
184.17500000 0.00000000 
184.22500000 0.00000000 
184.27500000 0.00000000 
184.32500000 0.00000000 
184.37500000 0.00000000 
184.42500000 0.00000000 
184.47500000 0.00000000 
184.52500000 0.00000000 
184.57500000 0.00000000 
184.62500000 0.00000000 
184.67500000 0.00000000 
184.72500000 0.00000000 
184.77500000 0.00000000 
184.82500000 0.00000000 
184.87500000 0.00000000 
184.92500000 0.00000000 
184.97500000 0.00000000 
185.02500000 0.00000000 
185.07500000 0.00000000 
185.12500000 0.00000000 
185.17500000 0.00000000 
185.22500000 0.00000000 
185.27500000 0.00000000 
185.32500000 0.00000000 
185.37500000 0.00000000 
185.42500000 0.00000000 
185.47500000 0.00000000 
185.52500000 0.00000000 
185.57500000 0.00000000 
185.62500000 0.00000000 
185.67500000 0.00000000 
185.72500000 0.00000000 
185.77500000 0.00000000 
185.82500000 0.00000000 
185.87500000 0.00000000 
185.92500000 0.00000000 
185.97500000 0.00000000 
186.02500000 0.00000000 
186.07500000 0.00000000 
186.12500000 0.00000000 
186.17500000 0.00000000 
186.22500000 0.00000000 
186.27500000 0.00000000 
186.32500000 0.00000000 
186.37500000 0.00000000 
186.42500000 0.00000000 
186.47500000 0.00000000 
186.52500000 0.00000000 
186.57500000 0.00000000 
186.62500000 0.00000000 
186.67500000 0.00000000 
186.72500000 0.00000000 
186.77500000 0.00000000 
186.82500000 0.00000000 
186.87500000 0.00000000 
186.92500000 0.00000000 
186.97500000 0.00000000 
187.02500000 0.00000000 
187.07500000 0.00000000 
187.12500000 0.00000000 
187.17500000 0.00000000 
187.22500000 0.00000000 
187.27500000 0.00000000 
187.32500000 0.00000000 
187.37500000 0.00000000 
187.42500000 0.00000000 
187.47500000 0.00000000 
187.52500000 0.00000000 
187.57500000 0.00000000 
187.62500000 0.00000000 
187.67500000 0.00000000 
187.72500000 0.00000000 
187.77500000 0.00000000 
187.82500000 0.00000000 
187.87500000 0.00000000 
187.92500000 0.00000000 
187.97500000 0.00000000 
188.02500000 0.00000000 
188.07500000 0.00000000 
188.12500000 0.00000000 
188.17500000 0.00000000 
188.22500000 0.00000000 
188.27500000 0.00000000 
188.32500000 0.00000000 
188.37500000 0.00000000 
188.42500000 0.00000000 
188.47500000 0.00000000 
188.52500000 0.00000000 
188.57500000 0.00000000 
188.62500000 0.00000000 
188.67500000 0.00000000 
188.72500000 0.00000000 
188.77500000 0.00000000 
188.82500000 0.00000000 
188.87500000 0.00000000 
188.92500000 0.00000000 
188.97500000 0.00000000 
189.02500000 0.00000000 
189.07500000 0.00000000 
189.12500000 0.00000000 
189.17500000 0.00000000 
189.22500000 0.00000000 
189.27500000 0.00000000 
189.32500000 0.00000000 
189.37500000 0.00000000 
189.42500000 0.00000000 
189.47500000 0.00000000 
189.52500000 0.00000000 
189.57500000 0.00000000 
189.62500000 0.00000000 
189.67500000 0.00000000 
189.72500000 0.00000000 
189.77500000 0.00000000 
189.82500000 0.00000000 
189.87500000 0.00000000 
189.92500000 0.00000000 
189.97500000 0.00000000 
190.02500000 0.00000000 
190.07500000 0.00000000 
190.12500000 0.00000000 
190.17500000 0.00000000 
190.22500000 0.00000000 
190.27500000 0.00000000 
190.32500000 0.00000000 
190.37500000 0.00000000 
190.42500000 0.00000000 
190.47500000 0.00000000 
190.52500000 0.00000000 
190.57500000 0.00000000 
190.62500000 0.00000000 
190.67500000 0.00000000 
190.72500000 0.00000000 
190.77500000 0.00000000 
190.82500000 0.00000000 
190.87500000 0.00000000 
190.92500000 0.00000000 
190.97500000 0.00000000 
191.02500000 0.00000000 
191.07500000 0.00000000 
191.12500000 0.00000000 
191.17500000 0.00000000 
191.22500000 0.00000000 
191.27500000 0.00000000 
191.32500000 0.00000000 
191.37500000 0.00000000 
191.42500000 0.00000000 
191.47500000 0.00000000 
191.52500000 0.00000000 
191.57500000 0.00000000 
191.62500000 0.00000000 
191.67500000 0.00000000 
191.72500000 0.00000000 
191.77500000 0.00000000 
191.82500000 0.00000000 
191.87500000 0.00000000 
191.92500000 0.00000000 
191.97500000 0.00000000 
192.02500000 0.00000000 
192.07500000 0.00000000 
192.12500000 0.00000000 
192.17500000 0.00000000 
192.22500000 0.00000000 
192.27500000 0.00000000 
192.32500000 0.00000000 
192.37500000 0.00000000 
192.42500000 0.00000000 
192.47500000 0.00000000 
192.52500000 0.00000000 
192.57500000 0.00000000 
192.62500000 0.00000000 
192.67500000 0.00000000 
192.72500000 0.00000000 
192.77500000 0.00000000 
192.82500000 0.00000000 
192.87500000 0.00000000 
192.92500000 0.00000000 
192.97500000 0.00000000 
193.02500000 0.00000000 
193.07500000 0.00000000 
193.12500000 0.00000000 
193.17500000 0.00000000 
193.22500000 0.00000000 
193.27500000 0.00000000 
193.32500000 0.00000000 
193.37500000 0.00000000 
193.42500000 0.00000000 
193.47500000 0.00000000 
193.52500000 0.00000000 
193.57500000 0.00000000 
193.62500000 0.00000000 
193.67500000 0.00000000 
193.72500000 0.00000000 
193.77500000 0.00000000 
193.82500000 0.00000000 
193.87500000 0.00000000 
193.92500000 0.00000000 
193.97500000 0.00000000 
194.02500000 0.00000000 
194.07500000 0.00000000 
194.12500000 0.00000000 
194.17500000 0.00000000 
194.22500000 0.00000000 
194.27500000 0.00000000 
194.32500000 0.00000000 
194.37500000 0.00000000 
194.42500000 0.00000000 
194.47500000 0.00000000 
194.52500000 0.00000000 
194.57500000 0.00000000 
194.62500000 0.00000000 
194.67500000 0.00000000 
194.72500000 0.00000000 
194.77500000 0.00000000 
194.82500000 0.00000000 
194.87500000 0.00000000 
194.92500000 0.00000000 
194.97500000 0.00000000 
195.02500000 0.00000000 
195.07500000 0.00000000 
195.12500000 0.00000000 
195.17500000 0.00000000 
195.22500000 0.00000000 
195.27500000 0.00000000 
195.32500000 0.00000000 
195.37500000 0.00000000 
195.42500000 0.00000000 
195.47500000 0.00000000 
195.52500000 0.00000000 
195.57500000 0.00000000 
195.62500000 0.00000000 
195.67500000 0.00000000 
195.72500000 0.00000000 
195.77500000 0.00000000 
195.82500000 0.00000000 
195.87500000 0.00000000 
195.92500000 0.00000000 
195.97500000 0.00000000 
196.02500000 0.00000000 
196.07500000 0.00000000 
196.12500000 0.00000000 
196.17500000 0.00000000 
196.22500000 0.00000000 
196.27500000 0.00000000 
196.32500000 0.00000000 
196.37500000 0.00000000 
196.42500000 0.00000000 
196.47500000 0.00000000 
196.52500000 0.00000000 
196.57500000 0.00000000 
196.62500000 0.00000000 
196.67500000 0.00000000 
196.72500000 0.00000000 
196.77500000 0.00000000 
196.82500000 0.00000000 
196.87500000 0.00000000 
196.92500000 0.00000000 
196.97500000 0.00000000 
197.02500000 0.00000000 
197.07500000 0.00000000 
197.12500000 0.00000000 
197.17500000 0.00000000 
197.22500000 0.00000000 
197.27500000 0.00000000 
197.32500000 0.00000000 
197.37500000 0.00000000 
197.42500000 0.00000000 
197.47500000 0.00000000 
197.52500000 0.00000000 
197.57500000 0.00000000 
197.62500000 0.00000000 
197.67500000 0.00000000 
197.72500000 0.00000000 
197.77500000 0.00000000 
197.82500000 0.00000000 
197.87500000 0.00000000 
197.92500000 0.00000000 
197.97500000 0.00000000 
198.02500000 0.00000000 
198.07500000 0.00000000 
198.12500000 0.00000000 
198.17500000 0.00000000 
198.22500000 0.00000000 
198.27500000 0.00000000 
198.32500000 0.00000000 
198.37500000 0.00000000 
198.42500000 0.00000000 
198.47500000 0.00000000 
198.52500000 0.00000000 
198.57500000 0.00000000 
198.62500000 0.00000000 
198.67500000 0.00000000 
198.72500000 0.00000000 
198.77500000 0.00000000 
198.82500000 0.00000000 
198.87500000 0.00000000 
198.92500000 0.00000000 
198.97500000 0.00000000 
199.02500000 0.00000000 
199.07500000 0.00000000 
199.12500000 0.00000000 
199.17500000 0.00000000 
199.22500000 0.00000000 
199.27500000 0.00000000 
199.32500000 0.00000000 
199.37500000 0.00000000 
199.42500000 0.00000000 
199.47500000 0.00000000 
199.52500000 0.00000000 
199.57500000 0.00000000 
199.62500000 0.00000000 
199.67500000 0.00000000 
199.72500000 0.00000000 
199.77500000 0.00000000 
199.82500000 0.00000000 
199.87500000 0.00000000 
199.92500000 0.00000000 
199.97500000 0.00000000 
