0.02500000 1.00000000 
0.07500000 1.00000000 
0.12500000 1.00000000 
0.17500000 0.99999999 
0.22500000 0.99999999 
0.27500000 0.99999999 
0.32500000 0.99999999 
0.37500000 0.99999999 
0.42500000 0.99999999 
0.47500000 0.99999998 
0.52500000 0.99999998 
0.57500000 0.99999998 
0.62500000 0.99999998 
0.67500000 0.99999998 
0.72500000 0.99999997 
0.77500000 0.99999997 
0.82500000 0.99999997 
0.87500000 0.99999997 
0.92500000 0.99999997 
0.97500000 0.99999997 
1.02500000 0.99999996 
1.07500000 0.99999996 
1.12500000 0.99999996 
1.17500000 0.99999996 
1.22500000 0.99999996 
1.27500000 0.99999995 
1.32500000 0.99999995 
1.37500000 0.99999995 
1.42500000 0.99999995 
1.47500000 0.99999995 
1.52500000 0.99999994 
1.57500000 0.99999994 
1.62500000 0.99999994 
1.67500000 0.99999994 
1.72500000 0.99999994 
1.77500000 0.99999993 
1.82500000 0.99999993 
1.87500000 0.99999993 
1.92500000 0.99999993 
1.97500000 0.99999992 
2.02500000 0.99999992 
2.07500000 0.99999992 
2.12500000 0.99999992 
2.17500000 0.99999991 
2.22500000 0.99999991 
2.27500000 0.99999991 
2.32500000 0.99999991 
2.37500000 0.99999990 
2.42500000 0.99999990 
2.47500000 0.99999990 
2.52500000 0.99999990 
2.57500000 0.99999989 
2.62500000 0.99999989 
2.67500000 0.99999989 
2.72500000 0.99999988 
2.77500000 0.99999988 
2.82500000 0.99999988 
2.87500000 0.99999987 
2.92500000 0.99999987 
2.97500000 0.99999987 
3.02500000 0.99999986 
3.07500000 0.99999986 
3.12500000 0.99999986 
3.17500000 0.99999985 
3.22500000 0.99999985 
3.27500000 0.99999985 
3.32500000 0.99999984 
3.37500000 0.99999984 
3.42500000 0.99999983 
3.47500000 0.99999983 
3.52500000 0.99999983 
3.57500000 0.99999982 
3.62500000 0.99999982 
3.67500000 0.99999981 
3.72500000 0.99999981 
3.77500000 0.99999980 
3.82500000 0.99999980 
3.87500000 0.99999979 
3.92500000 0.99999979 
3.97500000 0.99999978 
4.02500000 0.99999978 
4.07500000 0.99999977 
4.12500000 0.99999977 
4.17500000 0.99999976 
4.22500000 0.99999976 
4.27500000 0.99999975 
4.32500000 0.99999974 
4.37500000 0.99999974 
4.42500000 0.99999973 
4.47500000 0.99999972 
4.52500000 0.99999972 
4.57500000 0.99999971 
4.62500000 0.99999970 
4.67500000 0.99999970 
4.72500000 0.99999969 
4.77500000 0.99999968 
4.82500000 0.99999968 
4.87500000 0.99999967 
4.92500000 0.99999966 
4.97500000 0.99999965 
5.02500000 0.99999964 
5.07500000 0.99999964 
5.12500000 0.99999963 
5.17500000 0.99999962 
5.22500000 0.99999961 
5.27500000 0.99999960 
5.32500000 0.99999959 
5.37500000 0.99999958 
5.42500000 0.99999957 
5.47500000 0.99999956 
5.52500000 0.99999955 
5.57500000 0.99999954 
5.62500000 0.99999953 
5.67500000 0.99999952 
5.72500000 0.99999951 
5.77500000 0.99999950 
5.82500000 0.99999949 
5.87500000 0.99999948 
5.92500000 0.99999946 
5.97500000 0.99999945 
6.02500000 0.99999944 
6.07500000 0.99999943 
6.12500000 0.99999941 
6.17500000 0.99999940 
6.22500000 0.99999939 
6.27500000 0.99999937 
6.32500000 0.99999936 
6.37500000 0.99999934 
6.42500000 0.99999933 
6.47500000 0.99999931 
6.52500000 0.99999930 
6.57500000 0.99999928 
6.62500000 0.99999927 
6.67500000 0.99999925 
6.72500000 0.99999923 
6.77500000 0.99999921 
6.82500000 0.99999920 
6.87500000 0.99999918 
6.92500000 0.99999916 
6.97500000 0.99999914 
7.02500000 0.99999912 
7.07500000 0.99999910 
7.12500000 0.99999908 
7.17500000 0.99999906 
7.22500000 0.99999904 
7.27500000 0.99999902 
7.32500000 0.99999899 
7.37500000 0.99999897 
7.42500000 0.99999895 
7.47500000 0.99999892 
7.52500000 0.99999890 
7.57500000 0.99999887 
7.62500000 0.99999885 
7.67500000 0.99999882 
7.72500000 0.99999880 
7.77500000 0.99999877 
7.82500000 0.99999874 
7.87500000 0.99999871 
7.92500000 0.99999868 
7.97500000 0.99999865 
8.02500000 0.99999862 
8.07500000 0.99999859 
8.12500000 0.99999856 
8.17500000 0.99999853 
8.22500000 0.99999850 
8.27500000 0.99999846 
8.32500000 0.99999843 
8.37500000 0.99999839 
8.42500000 0.99999836 
8.47500000 0.99999832 
8.52500000 0.99999828 
8.57500000 0.99999824 
8.62500000 0.99999820 
8.67500000 0.99999816 
8.72500000 0.99999812 
8.77500000 0.99999808 
8.82500000 0.99999803 
8.87500000 0.99999799 
8.92500000 0.99999795 
8.97500000 0.99999790 
9.02500000 0.99999785 
9.07500000 0.99999780 
9.12500000 0.99999775 
9.17500000 0.99999770 
9.22500000 0.99999765 
9.27500000 0.99999760 
9.32500000 0.99999755 
9.37500000 0.99999749 
9.42500000 0.99999743 
9.47500000 0.99999738 
9.52500000 0.99999732 
9.57500000 0.99999726 
9.62500000 0.99999720 
9.67500000 0.99999713 
9.72500000 0.99999707 
9.77500000 0.99999700 
9.82500000 0.99999694 
9.87500000 0.99999687 
9.92500000 0.99999680 
9.97500000 0.99999673 
10.02500000 0.99999665 
10.07500000 0.99999658 
10.12500000 0.99999650 
10.17500000 0.99999642 
10.22500000 0.99999634 
10.27500000 0.99999626 
10.32500000 0.99999618 
10.37500000 0.99999609 
10.42500000 0.99999600 
10.47500000 0.99999591 
10.52500000 0.99999582 
10.57500000 0.99999573 
10.62500000 0.99999563 
10.67500000 0.99999554 
10.72500000 0.99999544 
10.77500000 0.99999534 
10.82500000 0.99999523 
10.87500000 0.99999512 
10.92500000 0.99999502 
10.97500000 0.99999490 
11.02500000 0.99999479 
11.07500000 0.99999467 
11.12500000 0.99999456 
11.17500000 0.99999443 
11.22500000 0.99999431 
11.27500000 0.99999418 
11.32500000 0.99999405 
11.37500000 0.99999392 
11.42500000 0.99999378 
11.47500000 0.99999365 
11.52500000 0.99999350 
11.57500000 0.99999336 
11.62500000 0.99999321 
11.67500000 0.99999306 
11.72500000 0.99999291 
11.77500000 0.99999275 
11.82500000 0.99999259 
11.87500000 0.99999242 
11.92500000 0.99999225 
11.97500000 0.99999208 
12.02500000 0.99999190 
12.07500000 0.99999172 
12.12500000 0.99999154 
12.17500000 0.99999135 
12.22500000 0.99999116 
12.27500000 0.99999096 
12.32500000 0.99999076 
12.37500000 0.99999056 
12.42500000 0.99999035 
12.47500000 0.99999013 
12.52500000 0.99998991 
12.57500000 0.99998969 
12.62500000 0.99998946 
12.67500000 0.99998922 
12.72500000 0.99998899 
12.77500000 0.99998874 
12.82500000 0.99998849 
12.87500000 0.99998823 
12.92500000 0.99998797 
12.97500000 0.99998771 
13.02500000 0.99998743 
13.07500000 0.99998715 
13.12500000 0.99998687 
13.17500000 0.99998658 
13.22500000 0.99998628 
13.27500000 0.99998598 
13.32500000 0.99998566 
13.37500000 0.99998535 
13.42500000 0.99998502 
13.47500000 0.99998469 
13.52500000 0.99998435 
13.57500000 0.99998400 
13.62500000 0.99998365 
13.67500000 0.99998329 
13.72500000 0.99998292 
13.77500000 0.99998254 
13.82500000 0.99998215 
13.87500000 0.99998175 
13.92500000 0.99998135 
13.97500000 0.99998094 
14.02500000 0.99998052 
14.07500000 0.99998008 
14.12500000 0.99997964 
14.17500000 0.99997919 
14.22500000 0.99997873 
14.27500000 0.99997826 
14.32500000 0.99997778 
14.37500000 0.99997729 
14.42500000 0.99997679 
14.47500000 0.99997627 
14.52500000 0.99997575 
14.57500000 0.99997521 
14.62500000 0.99997466 
14.67500000 0.99997410 
14.72500000 0.99997353 
14.77500000 0.99997294 
14.82500000 0.99997235 
14.87500000 0.99997173 
14.92500000 0.99997111 
14.97500000 0.99997047 
15.02500000 0.99996982 
15.07500000 0.99996915 
15.12500000 0.99996847 
15.17500000 0.99996777 
15.22500000 0.99996706 
15.27500000 0.99996633 
15.32500000 0.99996559 
15.37500000 0.99996483 
15.42500000 0.99996405 
15.47500000 0.99996326 
15.52500000 0.99996245 
15.57500000 0.99996162 
15.62500000 0.99996077 
15.67500000 0.99995991 
15.72500000 0.99995902 
15.77500000 0.99995812 
15.82500000 0.99995720 
15.87500000 0.99995625 
15.92500000 0.99995529 
15.97500000 0.99995430 
16.02500000 0.99995329 
16.07500000 0.99995226 
16.12500000 0.99995121 
16.17500000 0.99995013 
16.22500000 0.99994903 
16.27500000 0.99994791 
16.32500000 0.99994676 
16.37500000 0.99994559 
16.42500000 0.99994439 
16.47500000 0.99994317 
16.52500000 0.99994191 
16.57500000 0.99994063 
16.62500000 0.99993933 
16.67500000 0.99993799 
16.72500000 0.99993662 
16.77500000 0.99993523 
16.82500000 0.99993380 
16.87500000 0.99993235 
16.92500000 0.99993086 
16.97500000 0.99992933 
17.02500000 0.99992778 
17.07500000 0.99992619 
17.12500000 0.99992456 
17.17500000 0.99992290 
17.22500000 0.99992121 
17.27500000 0.99991947 
17.32500000 0.99991770 
17.37500000 0.99991589 
17.42500000 0.99991404 
17.47500000 0.99991215 
17.52500000 0.99991022 
17.57500000 0.99990825 
17.62500000 0.99990623 
17.67500000 0.99990417 
17.72500000 0.99990206 
17.77500000 0.99989991 
17.82500000 0.99989771 
17.87500000 0.99989546 
17.92500000 0.99989316 
17.97500000 0.99989082 
18.02500000 0.99988842 
18.07500000 0.99988596 
18.12500000 0.99988346 
18.17500000 0.99988090 
18.22500000 0.99987828 
18.27500000 0.99987561 
18.32500000 0.99987288 
18.37500000 0.99987009 
18.42500000 0.99986724 
18.47500000 0.99986432 
18.52500000 0.99986134 
18.57500000 0.99985830 
18.62500000 0.99985519 
18.67500000 0.99985201 
18.72500000 0.99984876 
18.77500000 0.99984544 
18.82500000 0.99984205 
18.87500000 0.99983859 
18.92500000 0.99983505 
18.97500000 0.99983143 
19.02500000 0.99982773 
19.07500000 0.99982395 
19.12500000 0.99982009 
19.17500000 0.99981615 
19.22500000 0.99981211 
19.27500000 0.99980799 
19.32500000 0.99980378 
19.37500000 0.99979948 
19.42500000 0.99979509 
19.47500000 0.99979060 
19.52500000 0.99978601 
19.57500000 0.99978132 
19.62500000 0.99977653 
19.67500000 0.99977163 
19.72500000 0.99976662 
19.77500000 0.99976151 
19.82500000 0.99975629 
19.87500000 0.99975095 
19.92500000 0.99974549 
19.97500000 0.99973992 
20.02500000 0.99973422 
20.07500000 0.99972840 
20.12500000 0.99972246 
20.17500000 0.99971638 
20.22500000 0.99971017 
20.27500000 0.99970383 
20.32500000 0.99969734 
20.37500000 0.99969072 
20.42500000 0.99968395 
20.47500000 0.99967703 
20.52500000 0.99966997 
20.57500000 0.99966275 
20.62500000 0.99965537 
20.67500000 0.99964783 
20.72500000 0.99964012 
20.77500000 0.99963225 
20.82500000 0.99962421 
20.87500000 0.99961599 
20.92500000 0.99960759 
20.97500000 0.99959901 
21.02500000 0.99959024 
21.07500000 0.99958128 
21.12500000 0.99957213 
21.17500000 0.99956277 
21.22500000 0.99955322 
21.27500000 0.99954345 
21.32500000 0.99953347 
21.37500000 0.99952328 
21.42500000 0.99951286 
21.47500000 0.99950222 
21.52500000 0.99949134 
21.57500000 0.99948023 
21.62500000 0.99946887 
21.67500000 0.99945727 
21.72500000 0.99944541 
21.77500000 0.99943330 
21.82500000 0.99942093 
21.87500000 0.99940828 
21.92500000 0.99939536 
21.97500000 0.99938216 
22.02500000 0.99936867 
22.07500000 0.99935488 
22.12500000 0.99934080 
22.17500000 0.99932641 
22.22500000 0.99931171 
22.27500000 0.99929669 
22.32500000 0.99928134 
22.37500000 0.99926566 
22.42500000 0.99924964 
22.47500000 0.99923326 
22.52500000 0.99921654 
22.57500000 0.99919945 
22.62500000 0.99918198 
22.67500000 0.99916414 
22.72500000 0.99914591 
22.77500000 0.99912728 
22.82500000 0.99910825 
22.87500000 0.99908881 
22.92500000 0.99906894 
22.97500000 0.99904864 
23.02500000 0.99902790 
23.07500000 0.99900671 
23.12500000 0.99898506 
23.17500000 0.99896294 
23.22500000 0.99894034 
23.27500000 0.99891725 
23.32500000 0.99889366 
23.37500000 0.99886955 
23.42500000 0.99884493 
23.47500000 0.99881976 
23.52500000 0.99879405 
23.57500000 0.99876779 
23.62500000 0.99874095 
23.67500000 0.99871353 
23.72500000 0.99868552 
23.77500000 0.99865689 
23.82500000 0.99862765 
23.87500000 0.99859777 
23.92500000 0.99856725 
23.97500000 0.99853606 
24.02500000 0.99850420 
24.07500000 0.99847164 
24.12500000 0.99843838 
24.17500000 0.99840440 
24.22500000 0.99836968 
24.27500000 0.99833421 
24.32500000 0.99829798 
24.37500000 0.99826095 
24.42500000 0.99822313 
24.47500000 0.99818448 
24.52500000 0.99814500 
24.57500000 0.99810466 
24.62500000 0.99806345 
24.67500000 0.99802134 
24.72500000 0.99797833 
24.77500000 0.99793438 
24.82500000 0.99788948 
24.87500000 0.99784361 
24.92500000 0.99779675 
24.97500000 0.99774887 
25.02500000 0.99769996 
25.07500000 0.99764999 
25.12500000 0.99759893 
25.17500000 0.99754678 
25.22500000 0.99749349 
25.27500000 0.99743906 
25.32500000 0.99738344 
25.37500000 0.99732663 
25.42500000 0.99726858 
25.47500000 0.99720928 
25.52500000 0.99714870 
25.57500000 0.99708681 
25.62500000 0.99702359 
25.67500000 0.99695899 
25.72500000 0.99689301 
25.77500000 0.99682560 
25.82500000 0.99675673 
25.87500000 0.99668637 
25.92500000 0.99661450 
25.97500000 0.99654108 
26.02500000 0.99646607 
26.07500000 0.99638944 
26.12500000 0.99631116 
26.17500000 0.99623119 
26.22500000 0.99614950 
26.27500000 0.99606604 
26.32500000 0.99598079 
26.37500000 0.99589370 
26.42500000 0.99580473 
26.47500000 0.99571385 
26.52500000 0.99562100 
26.57500000 0.99552616 
26.62500000 0.99542928 
26.67500000 0.99533031 
26.72500000 0.99522921 
26.77500000 0.99512593 
26.82500000 0.99502043 
26.87500000 0.99491266 
26.92500000 0.99480257 
26.97500000 0.99469012 
27.02500000 0.99457525 
27.07500000 0.99445791 
27.12500000 0.99433804 
27.17500000 0.99421560 
27.22500000 0.99409054 
27.27500000 0.99396278 
27.32500000 0.99383228 
27.37500000 0.99369899 
27.42500000 0.99356283 
27.47500000 0.99342374 
27.52500000 0.99328168 
27.57500000 0.99313657 
27.62500000 0.99298835 
27.67500000 0.99283695 
27.72500000 0.99268231 
27.77500000 0.99252435 
27.82500000 0.99236301 
27.87500000 0.99219822 
27.92500000 0.99202990 
27.97500000 0.99185798 
28.02500000 0.99168238 
28.07500000 0.99150303 
28.12500000 0.99131984 
28.17500000 0.99113274 
28.22500000 0.99094164 
28.27500000 0.99074645 
28.32500000 0.99054711 
28.37500000 0.99034350 
28.42500000 0.99013556 
28.47500000 0.98992317 
28.52500000 0.98970626 
28.57500000 0.98948473 
28.62500000 0.98925848 
28.67500000 0.98902741 
28.72500000 0.98879142 
28.77500000 0.98855041 
28.82500000 0.98830427 
28.87500000 0.98805290 
28.92500000 0.98779619 
28.97500000 0.98753402 
29.02500000 0.98726629 
29.07500000 0.98699288 
29.12500000 0.98671366 
29.17500000 0.98642852 
29.22500000 0.98613734 
29.27500000 0.98583999 
29.32500000 0.98553635 
29.37500000 0.98522628 
29.42500000 0.98490965 
29.47500000 0.98458632 
29.52500000 0.98425617 
29.57500000 0.98391904 
29.62500000 0.98357479 
29.67500000 0.98322328 
29.72500000 0.98286437 
29.77500000 0.98249788 
29.82500000 0.98212369 
29.87500000 0.98174161 
29.92500000 0.98135150 
29.97500000 0.98095319 
30.02500000 0.98054652 
30.07500000 0.98013131 
30.12500000 0.97970738 
30.17500000 0.97927457 
30.22500000 0.97883270 
30.27500000 0.97838157 
30.32500000 0.97792101 
30.37500000 0.97745083 
30.42500000 0.97697082 
30.47500000 0.97648080 
30.52500000 0.97598055 
30.57500000 0.97546989 
30.62500000 0.97494859 
30.67500000 0.97441645 
30.72500000 0.97387325 
30.77500000 0.97331877 
30.82500000 0.97275279 
30.87500000 0.97217508 
30.92500000 0.97158541 
30.97500000 0.97098354 
31.02500000 0.97036923 
31.07500000 0.96974224 
31.12500000 0.96910231 
31.17500000 0.96844920 
31.22500000 0.96778265 
31.27500000 0.96710240 
31.32500000 0.96640818 
31.37500000 0.96569972 
31.42500000 0.96497674 
31.47500000 0.96423897 
31.52500000 0.96348611 
31.57500000 0.96271789 
31.62500000 0.96193401 
31.67500000 0.96113417 
31.72500000 0.96031806 
31.77500000 0.95948538 
31.82500000 0.95863581 
31.87500000 0.95776903 
31.92500000 0.95688473 
31.97500000 0.95598258 
32.02500000 0.95506223 
32.07500000 0.95412336 
32.12500000 0.95316561 
32.17500000 0.95218865 
32.22500000 0.95119211 
32.27500000 0.95017564 
32.32500000 0.94913887 
32.37500000 0.94808144 
32.42500000 0.94700297 
32.47500000 0.94590308 
32.52500000 0.94478138 
32.57500000 0.94363749 
32.62500000 0.94247101 
32.67500000 0.94128154 
32.72500000 0.94006867 
32.77500000 0.93883200 
32.82500000 0.93757111 
32.87500000 0.93628557 
32.92500000 0.93497496 
32.97500000 0.93363885 
33.02500000 0.93227680 
33.07500000 0.93088838 
33.12500000 0.92947313 
33.17500000 0.92803061 
33.22500000 0.92656035 
33.27500000 0.92506191 
33.32500000 0.92353481 
33.37500000 0.92197858 
33.42500000 0.92039276 
33.47500000 0.91877685 
33.52500000 0.91713039 
33.57500000 0.91545289 
33.62500000 0.91374384 
33.67500000 0.91200277 
33.72500000 0.91022917 
33.77500000 0.90842254 
33.82500000 0.90658237 
33.87500000 0.90470817 
33.92500000 0.90279941 
33.97500000 0.90085559 
34.02500000 0.89887619 
34.07500000 0.89686069 
34.12500000 0.89480857 
34.17500000 0.89271931 
34.22500000 0.89059239 
34.27500000 0.88842728 
34.32500000 0.88622346 
34.37500000 0.88398040 
34.42500000 0.88169757 
34.47500000 0.87937445 
34.52500000 0.87701051 
34.57500000 0.87460523 
34.62500000 0.87215809 
34.67500000 0.86966855 
34.72500000 0.86713610 
34.77500000 0.86456023 
34.82500000 0.86194041 
34.87500000 0.85927613 
34.92500000 0.85656689 
34.97500000 0.85381219 
35.02500000 0.85101151 
35.07500000 0.84816438 
35.12500000 0.84527029 
35.17500000 0.84232878 
35.22500000 0.83933935 
35.27500000 0.83630156 
35.32500000 0.83321493 
35.37500000 0.83007902 
35.42500000 0.82689339 
35.47500000 0.82365760 
35.52500000 0.82037124 
35.57500000 0.81703390 
35.62500000 0.81364518 
35.67500000 0.81020469 
35.72500000 0.80671208 
35.77500000 0.80316699 
35.82500000 0.79956906 
35.87500000 0.79591799 
35.92500000 0.79221347 
35.97500000 0.78845520 
36.02500000 0.78464292 
36.07500000 0.78077637 
36.12500000 0.77685532 
36.17500000 0.77287957 
36.22500000 0.76884892 
36.27500000 0.76476321 
36.32500000 0.76062230 
36.37500000 0.75642606 
36.42500000 0.75217442 
36.47500000 0.74786730 
36.52500000 0.74350466 
36.57500000 0.73908650 
36.62500000 0.73461282 
36.67500000 0.73008369 
36.72500000 0.72549918 
36.77500000 0.72085940 
36.82500000 0.71616450 
36.87500000 0.71141464 
36.92500000 0.70661005 
36.97500000 0.70175096 
37.02500000 0.69683766 
37.07500000 0.69187047 
37.12500000 0.68684973 
37.17500000 0.68177586 
37.22500000 0.67664926 
37.27500000 0.67147043 
37.32500000 0.66623986 
37.37500000 0.66095812 
37.42500000 0.65562579 
37.47500000 0.65024350 
37.52500000 0.64481195 
37.57500000 0.63933183 
37.62500000 0.63380393 
37.67500000 0.62822904 
37.72500000 0.62260801 
37.77500000 0.61694174 
37.82500000 0.61123116 
37.87500000 0.60547727 
37.92500000 0.59968107 
37.97500000 0.59384365 
38.02500000 0.58796612 
38.07500000 0.58204963 
38.12500000 0.57609539 
38.17500000 0.57010465 
38.22500000 0.56407869 
38.27500000 0.55801884 
38.32500000 0.55192649 
38.37500000 0.54580304 
38.42500000 0.53964995 
38.47500000 0.53346871 
38.52500000 0.52726087 
38.57500000 0.52102799 
38.62500000 0.51477169 
38.67500000 0.50849362 
38.72500000 0.50219545 
38.77500000 0.49587890 
38.82500000 0.48954573 
38.87500000 0.48319770 
38.92500000 0.47683663 
38.97500000 0.47046436 
39.02500000 0.46408274 
39.07500000 0.45769368 
39.12500000 0.45129906 
39.17500000 0.44490084 
39.22500000 0.43850095 
39.27500000 0.43210137 
39.32500000 0.42570407 
39.37500000 0.41931105 
39.42500000 0.41292431 
39.47500000 0.40654587 
39.52500000 0.40017775 
39.57500000 0.39382197 
39.62500000 0.38748055 
39.67500000 0.38115551 
39.72500000 0.37484889 
39.77500000 0.36856268 
39.82500000 0.36229890 
39.87500000 0.35605954 
39.92500000 0.34984658 
39.97500000 0.34366199 
40.02500000 0.33750773 
40.07500000 0.33138571 
40.12500000 0.32529784 
40.17500000 0.31924600 
40.22500000 0.31323206 
40.27500000 0.30725782 
40.32500000 0.30132508 
40.37500000 0.29543560 
40.42500000 0.28959110 
40.47500000 0.28379326 
40.52500000 0.27804373 
40.57500000 0.27234410 
40.62500000 0.26669594 
40.67500000 0.26110074 
40.72500000 0.25555998 
40.77500000 0.25007507 
40.82500000 0.24464736 
40.87500000 0.23927818 
40.92500000 0.23396878 
40.97500000 0.22872036 
41.02500000 0.22353406 
41.07500000 0.21841098 
41.12500000 0.21335216 
41.17500000 0.20835856 
41.22500000 0.20343110 
41.27500000 0.19857063 
41.32500000 0.19377796 
41.37500000 0.18905382 
41.42500000 0.18439888 
41.47500000 0.17981376 
41.52500000 0.17529900 
41.57500000 0.17085512 
41.62500000 0.16648253 
41.67500000 0.16218161 
41.72500000 0.15795268 
41.77500000 0.15379598 
41.82500000 0.14971172 
41.87500000 0.14570004 
41.92500000 0.14176102 
41.97500000 0.13789468 
42.02500000 0.13410099 
42.07500000 0.13037988 
42.12500000 0.12673121 
42.17500000 0.12315480 
42.22500000 0.11965040 
42.27500000 0.11621773 
42.32500000 0.11285647 
42.37500000 0.10956622 
42.42500000 0.10634658 
42.47500000 0.10319707 
42.52500000 0.10011719 
42.57500000 0.09710639 
42.62500000 0.09416409 
42.67500000 0.09128967 
42.72500000 0.08848247 
42.77500000 0.08574181 
42.82500000 0.08306696 
42.87500000 0.08045717 
42.92500000 0.07791168 
42.97500000 0.07542967 
43.02500000 0.07301032 
43.07500000 0.07065278 
43.12500000 0.06835618 
43.17500000 0.06611963 
43.22500000 0.06394221 
43.27500000 0.06182301 
43.32500000 0.05976109 
43.37500000 0.05775549 
43.42500000 0.05580525 
43.47500000 0.05390940 
43.52500000 0.05206696 
43.57500000 0.05027693 
43.62500000 0.04853833 
43.67500000 0.04685015 
43.72500000 0.04521140 
43.77500000 0.04362106 
43.82500000 0.04207814 
43.87500000 0.04058163 
43.92500000 0.03913053 
43.97500000 0.03772385 
44.02500000 0.03636057 
44.07500000 0.03503973 
44.12500000 0.03376032 
44.17500000 0.03252137 
44.22500000 0.03132192 
44.27500000 0.03016099 
44.32500000 0.02903763 
44.37500000 0.02795091 
44.42500000 0.02689988 
44.47500000 0.02588363 
44.52500000 0.02490124 
44.57500000 0.02395181 
44.62500000 0.02303445 
44.67500000 0.02214830 
44.72500000 0.02129248 
44.77500000 0.02046616 
44.82500000 0.01966850 
44.87500000 0.01889867 
44.92500000 0.01815589 
44.97500000 0.01743935 
45.02500000 0.01674827 
45.07500000 0.01608191 
45.12500000 0.01543952 
45.17500000 0.01482036 
45.22500000 0.01422372 
45.27500000 0.01364891 
45.32500000 0.01309524 
45.37500000 0.01256204 
45.42500000 0.01204866 
45.47500000 0.01155446 
45.52500000 0.01107882 
45.57500000 0.01062114 
45.62500000 0.01018082 
45.67500000 0.00975728 
45.72500000 0.00934997 
45.77500000 0.00895833 
45.82500000 0.00858184 
45.87500000 0.00821997 
45.92500000 0.00787223 
45.97500000 0.00753811 
46.02500000 0.00721715 
46.07500000 0.00690888 
46.12500000 0.00661286 
46.17500000 0.00632863 
46.22500000 0.00605579 
46.27500000 0.00579393 
46.32500000 0.00554263 
46.37500000 0.00530152 
46.42500000 0.00507022 
46.47500000 0.00484837 
46.52500000 0.00463562 
46.57500000 0.00443163 
46.62500000 0.00423607 
46.67500000 0.00404862 
46.72500000 0.00386897 
46.77500000 0.00369682 
46.82500000 0.00353189 
46.87500000 0.00337390 
46.92500000 0.00322257 
46.97500000 0.00307766 
47.02500000 0.00293890 
47.07500000 0.00280606 
47.12500000 0.00267890 
47.17500000 0.00255720 
47.22500000 0.00244074 
47.27500000 0.00232931 
47.32500000 0.00222271 
47.37500000 0.00212074 
47.42500000 0.00202322 
47.47500000 0.00192996 
47.52500000 0.00184078 
47.57500000 0.00175553 
47.62500000 0.00167405 
47.67500000 0.00159616 
47.72500000 0.00152173 
47.77500000 0.00145061 
47.82500000 0.00138267 
47.87500000 0.00131776 
47.92500000 0.00125577 
47.97500000 0.00119656 
48.02500000 0.00114002 
48.07500000 0.00108604 
48.12500000 0.00103451 
48.17500000 0.00098532 
48.22500000 0.00093837 
48.27500000 0.00089357 
48.32500000 0.00085081 
48.37500000 0.00081002 
48.42500000 0.00077111 
48.47500000 0.00073399 
48.52500000 0.00069859 
48.57500000 0.00066483 
48.62500000 0.00063264 
48.67500000 0.00060194 
48.72500000 0.00057268 
48.77500000 0.00054479 
48.82500000 0.00051821 
48.87500000 0.00049288 
48.92500000 0.00046874 
48.97500000 0.00044574 
49.02500000 0.00042382 
49.07500000 0.00040295 
49.12500000 0.00038307 
49.17500000 0.00036413 
49.22500000 0.00034610 
49.27500000 0.00032893 
49.32500000 0.00031259 
49.37500000 0.00029703 
49.42500000 0.00028221 
49.47500000 0.00026811 
49.52500000 0.00025470 
49.57500000 0.00024193 
49.62500000 0.00022978 
49.67500000 0.00021822 
49.72500000 0.00020723 
49.77500000 0.00019677 
49.82500000 0.00018682 
49.87500000 0.00017736 
49.92500000 0.00016837 
49.97500000 0.00015981 
50.02500000 0.00015168 
50.07500000 0.00014395 
50.12500000 0.00013660 
50.17500000 0.00012962 
50.22500000 0.00012298 
50.27500000 0.00011667 
50.32500000 0.00011068 
50.37500000 0.00010498 
50.42500000 0.00009957 
50.47500000 0.00009443 
50.52500000 0.00008955 
50.57500000 0.00008491 
50.62500000 0.00008051 
50.67500000 0.00007633 
50.72500000 0.00007236 
50.77500000 0.00006859 
50.82500000 0.00006501 
50.87500000 0.00006161 
50.92500000 0.00005839 
50.97500000 0.00005533 
51.02500000 0.00005243 
51.07500000 0.00004967 
51.12500000 0.00004706 
51.17500000 0.00004458 
51.22500000 0.00004222 
51.27500000 0.00003999 
51.32500000 0.00003788 
51.37500000 0.00003587 
51.42500000 0.00003396 
51.47500000 0.00003216 
51.52500000 0.00003045 
51.57500000 0.00002882 
51.62500000 0.00002728 
51.67500000 0.00002583 
51.72500000 0.00002444 
51.77500000 0.00002313 
51.82500000 0.00002189 
51.87500000 0.00002072 
51.92500000 0.00001960 
51.97500000 0.00001854 
52.02500000 0.00001754 
52.07500000 0.00001660 
52.12500000 0.00001570 
52.17500000 0.00001485 
52.22500000 0.00001404 
52.27500000 0.00001328 
52.32500000 0.00001256 
52.37500000 0.00001187 
52.42500000 0.00001122 
52.47500000 0.00001061 
52.52500000 0.00001003 
52.57500000 0.00000948 
52.62500000 0.00000896 
52.67500000 0.00000847 
52.72500000 0.00000800 
52.77500000 0.00000756 
52.82500000 0.00000715 
52.87500000 0.00000675 
52.92500000 0.00000638 
52.97500000 0.00000603 
53.02500000 0.00000569 
53.07500000 0.00000538 
53.12500000 0.00000508 
53.17500000 0.00000480 
53.22500000 0.00000453 
53.27500000 0.00000428 
53.32500000 0.00000404 
53.37500000 0.00000381 
53.42500000 0.00000360 
53.47500000 0.00000340 
53.52500000 0.00000321 
53.57500000 0.00000303 
53.62500000 0.00000286 
53.67500000 0.00000270 
53.72500000 0.00000254 
53.77500000 0.00000240 
53.82500000 0.00000227 
53.87500000 0.00000214 
53.92500000 0.00000202 
53.97500000 0.00000190 
54.02500000 0.00000179 
54.07500000 0.00000169 
54.12500000 0.00000160 
54.17500000 0.00000151 
54.22500000 0.00000142 
54.27500000 0.00000134 
54.32500000 0.00000126 
54.37500000 0.00000119 
54.42500000 0.00000112 
54.47500000 0.00000106 
54.52500000 0.00000100 
54.57500000 0.00000094 
54.62500000 0.00000089 
54.67500000 0.00000083 
54.72500000 0.00000079 
54.77500000 0.00000074 
54.82500000 0.00000070 
54.87500000 0.00000066 
54.92500000 0.00000062 
54.97500000 0.00000058 
55.02500000 0.00000055 
55.07500000 0.00000052 
55.12500000 0.00000049 
55.17500000 0.00000046 
55.22500000 0.00000043 
55.27500000 0.00000041 
55.32500000 0.00000038 
55.37500000 0.00000036 
55.42500000 0.00000034 
55.47500000 0.00000032 
55.52500000 0.00000030 
55.57500000 0.00000028 
55.62500000 0.00000027 
55.67500000 0.00000025 
55.72500000 0.00000024 
55.77500000 0.00000022 
55.82500000 0.00000021 
55.87500000 0.00000020 
55.92500000 0.00000019 
55.97500000 0.00000017 
56.02500000 0.00000016 
56.07500000 0.00000015 
56.12500000 0.00000014 
56.17500000 0.00000014 
56.22500000 0.00000013 
56.27500000 0.00000012 
56.32500000 0.00000011 
56.37500000 0.00000011 
56.42500000 0.00000010 
56.47500000 0.00000009 
56.52500000 0.00000009 
56.57500000 0.00000008 
56.62500000 0.00000008 
56.67500000 0.00000007 
56.72500000 0.00000007 
56.77500000 0.00000006 
56.82500000 0.00000006 
56.87500000 0.00000006 
56.92500000 0.00000005 
56.97500000 0.00000005 
57.02500000 0.00000005 
57.07500000 0.00000004 
57.12500000 0.00000004 
57.17500000 0.00000004 
57.22500000 0.00000004 
57.27500000 0.00000003 
57.32500000 0.00000003 
57.37500000 0.00000003 
57.42500000 0.00000003 
57.47500000 0.00000003 
57.52500000 0.00000003 
57.57500000 0.00000002 
57.62500000 0.00000002 
57.67500000 0.00000002 
57.72500000 0.00000002 
57.77500000 0.00000002 
57.82500000 0.00000002 
57.87500000 0.00000002 
57.92500000 0.00000002 
57.97500000 0.00000001 
58.02500000 0.00000001 
58.07500000 0.00000001 
58.12500000 0.00000001 
58.17500000 0.00000001 
58.22500000 0.00000001 
58.27500000 0.00000001 
58.32500000 0.00000001 
58.37500000 0.00000001 
58.42500000 0.00000001 
58.47500000 0.00000001 
58.52500000 0.00000001 
58.57500000 0.00000001 
58.62500000 0.00000001 
58.67500000 0.00000001 
58.72500000 0.00000001 
58.77500000 0.00000001 
58.82500000 0.00000000 
58.87500000 0.00000000 
58.92500000 0.00000000 
58.97500000 0.00000000 
59.02500000 0.00000000 
59.07500000 0.00000000 
59.12500000 0.00000000 
59.17500000 0.00000000 
59.22500000 0.00000000 
59.27500000 0.00000000 
59.32500000 0.00000000 
59.37500000 0.00000000 
59.42500000 0.00000000 
59.47500000 0.00000000 
59.52500000 0.00000000 
59.57500000 0.00000000 
59.62500000 0.00000000 
59.67500000 0.00000000 
59.72500000 0.00000000 
59.77500000 0.00000000 
59.82500000 0.00000000 
59.87500000 0.00000000 
59.92500000 0.00000000 
59.97500000 0.00000000 
60.02500000 0.00000000 
60.07500000 0.00000000 
60.12500000 0.00000000 
60.17500000 0.00000000 
60.22500000 0.00000000 
60.27500000 0.00000000 
60.32500000 0.00000000 
60.37500000 0.00000000 
60.42500000 0.00000000 
60.47500000 0.00000000 
60.52500000 0.00000000 
60.57500000 0.00000000 
60.62500000 0.00000000 
60.67500000 0.00000000 
60.72500000 0.00000000 
60.77500000 0.00000000 
60.82500000 0.00000000 
60.87500000 0.00000000 
60.92500000 0.00000000 
60.97500000 0.00000000 
61.02500000 0.00000000 
61.07500000 0.00000000 
61.12500000 0.00000000 
61.17500000 0.00000000 
61.22500000 0.00000000 
61.27500000 0.00000000 
61.32500000 0.00000000 
61.37500000 0.00000000 
61.42500000 0.00000000 
61.47500000 0.00000000 
61.52500000 0.00000000 
61.57500000 0.00000000 
61.62500000 0.00000000 
61.67500000 0.00000000 
61.72500000 0.00000000 
61.77500000 0.00000000 
61.82500000 0.00000000 
61.87500000 0.00000000 
61.92500000 0.00000000 
61.97500000 0.00000000 
62.02500000 0.00000000 
62.07500000 0.00000000 
62.12500000 0.00000000 
62.17500000 0.00000000 
62.22500000 0.00000000 
62.27500000 0.00000000 
62.32500000 0.00000000 
62.37500000 0.00000000 
62.42500000 0.00000000 
62.47500000 0.00000000 
62.52500000 0.00000000 
62.57500000 0.00000000 
62.62500000 0.00000000 
62.67500000 0.00000000 
62.72500000 0.00000000 
62.77500000 0.00000000 
62.82500000 0.00000000 
62.87500000 0.00000000 
62.92500000 0.00000000 
62.97500000 0.00000000 
63.02500000 0.00000000 
63.07500000 0.00000000 
63.12500000 0.00000000 
63.17500000 0.00000000 
63.22500000 0.00000000 
63.27500000 0.00000000 
63.32500000 0.00000000 
63.37500000 0.00000000 
63.42500000 0.00000000 
63.47500000 0.00000000 
63.52500000 0.00000000 
63.57500000 0.00000000 
63.62500000 0.00000000 
63.67500000 0.00000000 
63.72500000 0.00000000 
63.77500000 0.00000000 
63.82500000 0.00000000 
63.87500000 0.00000000 
63.92500000 0.00000000 
63.97500000 0.00000000 
64.02500000 0.00000000 
64.07500000 0.00000000 
64.12500000 0.00000000 
64.17500000 0.00000000 
64.22500000 0.00000000 
64.27500000 0.00000000 
64.32500000 0.00000000 
64.37500000 0.00000000 
64.42500000 0.00000000 
64.47500000 0.00000000 
64.52500000 0.00000000 
64.57500000 0.00000000 
64.62500000 0.00000000 
64.67500000 0.00000000 
64.72500000 0.00000000 
64.77500000 0.00000000 
64.82500000 0.00000000 
64.87500000 0.00000000 
64.92500000 0.00000000 
64.97500000 0.00000000 
65.02500000 0.00000000 
65.07500000 0.00000000 
65.12500000 0.00000000 
65.17500000 0.00000000 
65.22500000 0.00000000 
65.27500000 0.00000000 
65.32500000 0.00000000 
65.37500000 0.00000000 
65.42500000 0.00000000 
65.47500000 0.00000000 
65.52500000 0.00000000 
65.57500000 0.00000000 
65.62500000 0.00000000 
65.67500000 0.00000000 
65.72500000 0.00000000 
65.77500000 0.00000000 
65.82500000 0.00000000 
65.87500000 0.00000000 
65.92500000 0.00000000 
65.97500000 0.00000000 
66.02500000 0.00000000 
66.07500000 0.00000000 
66.12500000 0.00000000 
66.17500000 0.00000000 
66.22500000 0.00000000 
66.27500000 0.00000000 
66.32500000 0.00000000 
66.37500000 0.00000000 
66.42500000 0.00000000 
66.47500000 0.00000000 
66.52500000 0.00000000 
66.57500000 0.00000000 
66.62500000 0.00000000 
66.67500000 0.00000000 
66.72500000 0.00000000 
66.77500000 0.00000000 
66.82500000 0.00000000 
66.87500000 0.00000000 
66.92500000 0.00000000 
66.97500000 0.00000000 
67.02500000 0.00000000 
67.07500000 0.00000000 
67.12500000 0.00000000 
67.17500000 0.00000000 
67.22500000 0.00000000 
67.27500000 0.00000000 
67.32500000 0.00000000 
67.37500000 0.00000000 
67.42500000 0.00000000 
67.47500000 0.00000000 
67.52500000 0.00000000 
67.57500000 0.00000000 
67.62500000 0.00000000 
67.67500000 0.00000000 
67.72500000 0.00000000 
67.77500000 0.00000000 
67.82500000 0.00000000 
67.87500000 0.00000000 
67.92500000 0.00000000 
67.97500000 0.00000000 
68.02500000 0.00000000 
68.07500000 0.00000000 
68.12500000 0.00000000 
68.17500000 0.00000000 
68.22500000 0.00000000 
68.27500000 0.00000000 
68.32500000 0.00000000 
68.37500000 0.00000000 
68.42500000 0.00000000 
68.47500000 0.00000000 
68.52500000 0.00000000 
68.57500000 0.00000000 
68.62500000 0.00000000 
68.67500000 0.00000000 
68.72500000 0.00000000 
68.77500000 0.00000000 
68.82500000 0.00000000 
68.87500000 0.00000000 
68.92500000 0.00000000 
68.97500000 0.00000000 
69.02500000 0.00000000 
69.07500000 0.00000000 
69.12500000 0.00000000 
69.17500000 0.00000000 
69.22500000 0.00000000 
69.27500000 0.00000000 
69.32500000 0.00000000 
69.37500000 0.00000000 
69.42500000 0.00000000 
69.47500000 0.00000000 
69.52500000 0.00000000 
69.57500000 0.00000000 
69.62500000 0.00000000 
69.67500000 0.00000000 
69.72500000 0.00000000 
69.77500000 0.00000000 
69.82500000 0.00000000 
69.87500000 0.00000000 
69.92500000 0.00000000 
69.97500000 0.00000000 
70.02500000 0.00000000 
70.07500000 0.00000000 
70.12500000 0.00000000 
70.17500000 0.00000000 
70.22500000 0.00000000 
70.27500000 0.00000000 
70.32500000 0.00000000 
70.37500000 0.00000000 
70.42500000 0.00000000 
70.47500000 0.00000000 
70.52500000 0.00000000 
70.57500000 0.00000000 
70.62500000 0.00000000 
70.67500000 0.00000000 
70.72500000 0.00000000 
70.77500000 0.00000000 
70.82500000 0.00000000 
70.87500000 0.00000000 
70.92500000 0.00000000 
70.97500000 0.00000000 
71.02500000 0.00000000 
71.07500000 0.00000000 
71.12500000 0.00000000 
71.17500000 0.00000000 
71.22500000 0.00000000 
71.27500000 0.00000000 
71.32500000 0.00000000 
71.37500000 0.00000000 
71.42500000 0.00000000 
71.47500000 0.00000000 
71.52500000 0.00000000 
71.57500000 0.00000000 
71.62500000 0.00000000 
71.67500000 0.00000000 
71.72500000 0.00000000 
71.77500000 0.00000000 
71.82500000 0.00000000 
71.87500000 0.00000000 
71.92500000 0.00000000 
71.97500000 0.00000000 
72.02500000 0.00000000 
72.07500000 0.00000000 
72.12500000 0.00000000 
72.17500000 0.00000000 
72.22500000 0.00000000 
72.27500000 0.00000000 
72.32500000 0.00000000 
72.37500000 0.00000000 
72.42500000 0.00000000 
72.47500000 0.00000000 
72.52500000 0.00000000 
72.57500000 0.00000000 
72.62500000 0.00000000 
72.67500000 0.00000000 
72.72500000 0.00000000 
72.77500000 0.00000000 
72.82500000 0.00000000 
72.87500000 0.00000000 
72.92500000 0.00000000 
72.97500000 0.00000000 
73.02500000 0.00000000 
73.07500000 0.00000000 
73.12500000 0.00000000 
73.17500000 0.00000000 
73.22500000 0.00000000 
73.27500000 0.00000000 
73.32500000 0.00000000 
73.37500000 0.00000000 
73.42500000 0.00000000 
73.47500000 0.00000000 
73.52500000 0.00000000 
73.57500000 0.00000000 
73.62500000 0.00000000 
73.67500000 0.00000000 
73.72500000 0.00000000 
73.77500000 0.00000000 
73.82500000 0.00000000 
73.87500000 0.00000000 
73.92500000 0.00000000 
73.97500000 0.00000000 
74.02500000 0.00000000 
74.07500000 0.00000000 
74.12500000 0.00000000 
74.17500000 0.00000000 
74.22500000 0.00000000 
74.27500000 0.00000000 
74.32500000 0.00000000 
74.37500000 0.00000000 
74.42500000 0.00000000 
74.47500000 0.00000000 
74.52500000 0.00000000 
74.57500000 0.00000000 
74.62500000 0.00000000 
74.67500000 0.00000000 
74.72500000 0.00000000 
74.77500000 0.00000000 
74.82500000 0.00000000 
74.87500000 0.00000000 
74.92500000 0.00000000 
74.97500000 0.00000000 
75.02500000 0.00000000 
75.07500000 0.00000000 
75.12500000 0.00000000 
75.17500000 0.00000000 
75.22500000 0.00000000 
75.27500000 0.00000000 
75.32500000 0.00000000 
75.37500000 0.00000000 
75.42500000 0.00000000 
75.47500000 0.00000000 
75.52500000 0.00000000 
75.57500000 0.00000000 
75.62500000 0.00000000 
75.67500000 0.00000000 
75.72500000 0.00000000 
75.77500000 0.00000000 
75.82500000 0.00000000 
75.87500000 0.00000000 
75.92500000 0.00000000 
75.97500000 0.00000000 
76.02500000 0.00000000 
76.07500000 0.00000000 
76.12500000 0.00000000 
76.17500000 0.00000000 
76.22500000 0.00000000 
76.27500000 0.00000000 
76.32500000 0.00000000 
76.37500000 0.00000000 
76.42500000 0.00000000 
76.47500000 0.00000000 
76.52500000 0.00000000 
76.57500000 0.00000000 
76.62500000 0.00000000 
76.67500000 0.00000000 
76.72500000 0.00000000 
76.77500000 0.00000000 
76.82500000 0.00000000 
76.87500000 0.00000000 
76.92500000 0.00000000 
76.97500000 0.00000000 
77.02500000 0.00000000 
77.07500000 0.00000000 
77.12500000 0.00000000 
77.17500000 0.00000000 
77.22500000 0.00000000 
77.27500000 0.00000000 
77.32500000 0.00000000 
77.37500000 0.00000000 
77.42500000 0.00000000 
77.47500000 0.00000000 
77.52500000 0.00000000 
77.57500000 0.00000000 
77.62500000 0.00000000 
77.67500000 0.00000000 
77.72500000 0.00000000 
77.77500000 0.00000000 
77.82500000 0.00000000 
77.87500000 0.00000000 
77.92500000 0.00000000 
77.97500000 0.00000000 
78.02500000 0.00000000 
78.07500000 0.00000000 
78.12500000 0.00000000 
78.17500000 0.00000000 
78.22500000 0.00000000 
78.27500000 0.00000000 
78.32500000 0.00000000 
78.37500000 0.00000000 
78.42500000 0.00000000 
78.47500000 0.00000000 
78.52500000 0.00000000 
78.57500000 0.00000000 
78.62500000 0.00000000 
78.67500000 0.00000000 
78.72500000 0.00000000 
78.77500000 0.00000000 
78.82500000 0.00000000 
78.87500000 0.00000000 
78.92500000 0.00000000 
78.97500000 0.00000000 
79.02500000 0.00000000 
79.07500000 0.00000000 
79.12500000 0.00000000 
79.17500000 0.00000000 
79.22500000 0.00000000 
79.27500000 0.00000000 
79.32500000 0.00000000 
79.37500000 0.00000000 
79.42500000 0.00000000 
79.47500000 0.00000000 
79.52500000 0.00000000 
79.57500000 0.00000000 
79.62500000 0.00000000 
79.67500000 0.00000000 
79.72500000 0.00000000 
79.77500000 0.00000000 
79.82500000 0.00000000 
79.87500000 0.00000000 
79.92500000 0.00000000 
79.97500000 0.00000000 
80.02500000 0.00000000 
80.07500000 0.00000000 
80.12500000 0.00000000 
80.17500000 0.00000000 
80.22500000 0.00000000 
80.27500000 0.00000000 
80.32500000 0.00000000 
80.37500000 0.00000000 
80.42500000 0.00000000 
80.47500000 0.00000000 
80.52500000 0.00000000 
80.57500000 0.00000000 
80.62500000 0.00000000 
80.67500000 0.00000000 
80.72500000 0.00000000 
80.77500000 0.00000000 
80.82500000 0.00000000 
80.87500000 0.00000000 
80.92500000 0.00000000 
80.97500000 0.00000000 
81.02500000 0.00000000 
81.07500000 0.00000000 
81.12500000 0.00000000 
81.17500000 0.00000000 
81.22500000 0.00000000 
81.27500000 0.00000000 
81.32500000 0.00000000 
81.37500000 0.00000000 
81.42500000 0.00000000 
81.47500000 0.00000000 
81.52500000 0.00000000 
81.57500000 0.00000000 
81.62500000 0.00000000 
81.67500000 0.00000000 
81.72500000 0.00000000 
81.77500000 0.00000000 
81.82500000 0.00000000 
81.87500000 0.00000000 
81.92500000 0.00000000 
81.97500000 0.00000000 
82.02500000 0.00000000 
82.07500000 0.00000000 
82.12500000 0.00000000 
82.17500000 0.00000000 
82.22500000 0.00000000 
82.27500000 0.00000000 
82.32500000 0.00000000 
82.37500000 0.00000000 
82.42500000 0.00000000 
82.47500000 0.00000000 
82.52500000 0.00000000 
82.57500000 0.00000000 
82.62500000 0.00000000 
82.67500000 0.00000000 
82.72500000 0.00000000 
82.77500000 0.00000000 
82.82500000 0.00000000 
82.87500000 0.00000000 
82.92500000 0.00000000 
82.97500000 0.00000000 
83.02500000 0.00000000 
83.07500000 0.00000000 
83.12500000 0.00000000 
83.17500000 0.00000000 
83.22500000 0.00000000 
83.27500000 0.00000000 
83.32500000 0.00000000 
83.37500000 0.00000000 
83.42500000 0.00000000 
83.47500000 0.00000000 
83.52500000 0.00000000 
83.57500000 0.00000000 
83.62500000 0.00000000 
83.67500000 0.00000000 
83.72500000 0.00000000 
83.77500000 0.00000000 
83.82500000 0.00000000 
83.87500000 0.00000000 
83.92500000 0.00000000 
83.97500000 0.00000000 
84.02500000 0.00000000 
84.07500000 0.00000000 
84.12500000 0.00000000 
84.17500000 0.00000000 
84.22500000 0.00000000 
84.27500000 0.00000000 
84.32500000 0.00000000 
84.37500000 0.00000000 
84.42500000 0.00000000 
84.47500000 0.00000000 
84.52500000 0.00000000 
84.57500000 0.00000000 
84.62500000 0.00000000 
84.67500000 0.00000000 
84.72500000 0.00000000 
84.77500000 0.00000000 
84.82500000 0.00000000 
84.87500000 0.00000000 
84.92500000 0.00000000 
84.97500000 0.00000000 
85.02500000 0.00000000 
85.07500000 0.00000000 
85.12500000 0.00000000 
85.17500000 0.00000000 
85.22500000 0.00000000 
85.27500000 0.00000000 
85.32500000 0.00000000 
85.37500000 0.00000000 
85.42500000 0.00000000 
85.47500000 0.00000000 
85.52500000 0.00000000 
85.57500000 0.00000000 
85.62500000 0.00000000 
85.67500000 0.00000000 
85.72500000 0.00000000 
85.77500000 0.00000000 
85.82500000 0.00000000 
85.87500000 0.00000000 
85.92500000 0.00000000 
85.97500000 0.00000000 
86.02500000 0.00000000 
86.07500000 0.00000000 
86.12500000 0.00000000 
86.17500000 0.00000000 
86.22500000 0.00000000 
86.27500000 0.00000000 
86.32500000 0.00000000 
86.37500000 0.00000000 
86.42500000 0.00000000 
86.47500000 0.00000000 
86.52500000 0.00000000 
86.57500000 0.00000000 
86.62500000 0.00000000 
86.67500000 0.00000000 
86.72500000 0.00000000 
86.77500000 0.00000000 
86.82500000 0.00000000 
86.87500000 0.00000000 
86.92500000 0.00000000 
86.97500000 0.00000000 
87.02500000 0.00000000 
87.07500000 0.00000000 
87.12500000 0.00000000 
87.17500000 0.00000000 
87.22500000 0.00000000 
87.27500000 0.00000000 
87.32500000 0.00000000 
87.37500000 0.00000000 
87.42500000 0.00000000 
87.47500000 0.00000000 
87.52500000 0.00000000 
87.57500000 0.00000000 
87.62500000 0.00000000 
87.67500000 0.00000000 
87.72500000 0.00000000 
87.77500000 0.00000000 
87.82500000 0.00000000 
87.87500000 0.00000000 
87.92500000 0.00000000 
87.97500000 0.00000000 
88.02500000 0.00000000 
88.07500000 0.00000000 
88.12500000 0.00000000 
88.17500000 0.00000000 
88.22500000 0.00000000 
88.27500000 0.00000000 
88.32500000 0.00000000 
88.37500000 0.00000000 
88.42500000 0.00000000 
88.47500000 0.00000000 
88.52500000 0.00000000 
88.57500000 0.00000000 
88.62500000 0.00000000 
88.67500000 0.00000000 
88.72500000 0.00000000 
88.77500000 0.00000000 
88.82500000 0.00000000 
88.87500000 0.00000000 
88.92500000 0.00000000 
88.97500000 0.00000000 
89.02500000 0.00000000 
89.07500000 0.00000000 
89.12500000 0.00000000 
89.17500000 0.00000000 
89.22500000 0.00000000 
89.27500000 0.00000000 
89.32500000 0.00000000 
89.37500000 0.00000000 
89.42500000 0.00000000 
89.47500000 0.00000000 
89.52500000 0.00000000 
89.57500000 0.00000000 
89.62500000 0.00000000 
89.67500000 0.00000000 
89.72500000 0.00000000 
89.77500000 0.00000000 
89.82500000 0.00000000 
89.87500000 0.00000000 
89.92500000 0.00000000 
89.97500000 0.00000000 
90.02500000 0.00000000 
90.07500000 0.00000000 
90.12500000 0.00000000 
90.17500000 0.00000000 
90.22500000 0.00000000 
90.27500000 0.00000000 
90.32500000 0.00000000 
90.37500000 0.00000000 
90.42500000 0.00000000 
90.47500000 0.00000000 
90.52500000 0.00000000 
90.57500000 0.00000000 
90.62500000 0.00000000 
90.67500000 0.00000000 
90.72500000 0.00000000 
90.77500000 0.00000000 
90.82500000 0.00000000 
90.87500000 0.00000000 
90.92500000 0.00000000 
90.97500000 0.00000000 
91.02500000 0.00000000 
91.07500000 0.00000000 
91.12500000 0.00000000 
91.17500000 0.00000000 
91.22500000 0.00000000 
91.27500000 0.00000000 
91.32500000 0.00000000 
91.37500000 0.00000000 
91.42500000 0.00000000 
91.47500000 0.00000000 
91.52500000 0.00000000 
91.57500000 0.00000000 
91.62500000 0.00000000 
91.67500000 0.00000000 
91.72500000 0.00000000 
91.77500000 0.00000000 
91.82500000 0.00000000 
91.87500000 0.00000000 
91.92500000 0.00000000 
91.97500000 0.00000000 
92.02500000 0.00000000 
92.07500000 0.00000000 
92.12500000 0.00000000 
92.17500000 0.00000000 
92.22500000 0.00000000 
92.27500000 0.00000000 
92.32500000 0.00000000 
92.37500000 0.00000000 
92.42500000 0.00000000 
92.47500000 0.00000000 
92.52500000 0.00000000 
92.57500000 0.00000000 
92.62500000 0.00000000 
92.67500000 0.00000000 
92.72500000 0.00000000 
92.77500000 0.00000000 
92.82500000 0.00000000 
92.87500000 0.00000000 
92.92500000 0.00000000 
92.97500000 0.00000000 
93.02500000 0.00000000 
93.07500000 0.00000000 
93.12500000 0.00000000 
93.17500000 0.00000000 
93.22500000 0.00000000 
93.27500000 0.00000000 
93.32500000 0.00000000 
93.37500000 0.00000000 
93.42500000 0.00000000 
93.47500000 0.00000000 
93.52500000 0.00000000 
93.57500000 0.00000000 
93.62500000 0.00000000 
93.67500000 0.00000000 
93.72500000 0.00000000 
93.77500000 0.00000000 
93.82500000 0.00000000 
93.87500000 0.00000000 
93.92500000 0.00000000 
93.97500000 0.00000000 
94.02500000 0.00000000 
94.07500000 0.00000000 
94.12500000 0.00000000 
94.17500000 0.00000000 
94.22500000 0.00000000 
94.27500000 0.00000000 
94.32500000 0.00000000 
94.37500000 0.00000000 
94.42500000 0.00000000 
94.47500000 0.00000000 
94.52500000 0.00000000 
94.57500000 0.00000000 
94.62500000 0.00000000 
94.67500000 0.00000000 
94.72500000 0.00000000 
94.77500000 0.00000000 
94.82500000 0.00000000 
94.87500000 0.00000000 
94.92500000 0.00000000 
94.97500000 0.00000000 
95.02500000 0.00000000 
95.07500000 0.00000000 
95.12500000 0.00000000 
95.17500000 0.00000000 
95.22500000 0.00000000 
95.27500000 0.00000000 
95.32500000 0.00000000 
95.37500000 0.00000000 
95.42500000 0.00000000 
95.47500000 0.00000000 
95.52500000 0.00000000 
95.57500000 0.00000000 
95.62500000 0.00000000 
95.67500000 0.00000000 
95.72500000 0.00000000 
95.77500000 0.00000000 
95.82500000 0.00000000 
95.87500000 0.00000000 
95.92500000 0.00000000 
95.97500000 0.00000000 
96.02500000 0.00000000 
96.07500000 0.00000000 
96.12500000 0.00000000 
96.17500000 0.00000000 
96.22500000 0.00000000 
96.27500000 0.00000000 
96.32500000 0.00000000 
96.37500000 0.00000000 
96.42500000 0.00000000 
96.47500000 0.00000000 
96.52500000 0.00000000 
96.57500000 0.00000000 
96.62500000 0.00000000 
96.67500000 0.00000000 
96.72500000 0.00000000 
96.77500000 0.00000000 
96.82500000 0.00000000 
96.87500000 0.00000000 
96.92500000 0.00000000 
96.97500000 0.00000000 
97.02500000 0.00000000 
97.07500000 0.00000000 
97.12500000 0.00000000 
97.17500000 0.00000000 
97.22500000 0.00000000 
97.27500000 0.00000000 
97.32500000 0.00000000 
97.37500000 0.00000000 
97.42500000 0.00000000 
97.47500000 0.00000000 
97.52500000 0.00000000 
97.57500000 0.00000000 
97.62500000 0.00000000 
97.67500000 0.00000000 
97.72500000 0.00000000 
97.77500000 0.00000000 
97.82500000 0.00000000 
97.87500000 0.00000000 
97.92500000 0.00000000 
97.97500000 0.00000000 
98.02500000 0.00000000 
98.07500000 0.00000000 
98.12500000 0.00000000 
98.17500000 0.00000000 
98.22500000 0.00000000 
98.27500000 0.00000000 
98.32500000 0.00000000 
98.37500000 0.00000000 
98.42500000 0.00000000 
98.47500000 0.00000000 
98.52500000 0.00000000 
98.57500000 0.00000000 
98.62500000 0.00000000 
98.67500000 0.00000000 
98.72500000 0.00000000 
98.77500000 0.00000000 
98.82500000 0.00000000 
98.87500000 0.00000000 
98.92500000 0.00000000 
98.97500000 0.00000000 
99.02500000 0.00000000 
99.07500000 0.00000000 
99.12500000 0.00000000 
99.17500000 0.00000000 
99.22500000 0.00000000 
99.27500000 0.00000000 
99.32500000 0.00000000 
99.37500000 0.00000000 
99.42500000 0.00000000 
99.47500000 0.00000000 
99.52500000 0.00000000 
99.57500000 0.00000000 
99.62500000 0.00000000 
99.67500000 0.00000000 
99.72500000 0.00000000 
99.77500000 0.00000000 
99.82500000 0.00000000 
99.87500000 0.00000000 
99.92500000 0.00000000 
99.97500000 0.00000000 
100.02500000 0.00000000 
100.07500000 0.00000000 
100.12500000 0.00000000 
100.17500000 0.00000000 
100.22500000 0.00000000 
100.27500000 0.00000000 
100.32500000 0.00000000 
100.37500000 0.00000000 
100.42500000 0.00000000 
100.47500000 0.00000000 
100.52500000 0.00000000 
100.57500000 0.00000000 
100.62500000 0.00000000 
100.67500000 0.00000000 
100.72500000 0.00000000 
100.77500000 0.00000000 
100.82500000 0.00000000 
100.87500000 0.00000000 
100.92500000 0.00000000 
100.97500000 0.00000000 
101.02500000 0.00000000 
101.07500000 0.00000000 
101.12500000 0.00000000 
101.17500000 0.00000000 
101.22500000 0.00000000 
101.27500000 0.00000000 
101.32500000 0.00000000 
101.37500000 0.00000000 
101.42500000 0.00000000 
101.47500000 0.00000000 
101.52500000 0.00000000 
101.57500000 0.00000000 
101.62500000 0.00000000 
101.67500000 0.00000000 
101.72500000 0.00000000 
101.77500000 0.00000000 
101.82500000 0.00000000 
101.87500000 0.00000000 
101.92500000 0.00000000 
101.97500000 0.00000000 
102.02500000 0.00000000 
102.07500000 0.00000000 
102.12500000 0.00000000 
102.17500000 0.00000000 
102.22500000 0.00000000 
102.27500000 0.00000000 
102.32500000 0.00000000 
102.37500000 0.00000000 
102.42500000 0.00000000 
102.47500000 0.00000000 
102.52500000 0.00000000 
102.57500000 0.00000000 
102.62500000 0.00000000 
102.67500000 0.00000000 
102.72500000 0.00000000 
102.77500000 0.00000000 
102.82500000 0.00000000 
102.87500000 0.00000000 
102.92500000 0.00000000 
102.97500000 0.00000000 
103.02500000 0.00000000 
103.07500000 0.00000000 
103.12500000 0.00000000 
103.17500000 0.00000000 
103.22500000 0.00000000 
103.27500000 0.00000000 
103.32500000 0.00000000 
103.37500000 0.00000000 
103.42500000 0.00000000 
103.47500000 0.00000000 
103.52500000 0.00000000 
103.57500000 0.00000000 
103.62500000 0.00000000 
103.67500000 0.00000000 
103.72500000 0.00000000 
103.77500000 0.00000000 
103.82500000 0.00000000 
103.87500000 0.00000000 
103.92500000 0.00000000 
103.97500000 0.00000000 
104.02500000 0.00000000 
104.07500000 0.00000000 
104.12500000 0.00000000 
104.17500000 0.00000000 
104.22500000 0.00000000 
104.27500000 0.00000000 
104.32500000 0.00000000 
104.37500000 0.00000000 
104.42500000 0.00000000 
104.47500000 0.00000000 
104.52500000 0.00000000 
104.57500000 0.00000000 
104.62500000 0.00000000 
104.67500000 0.00000000 
104.72500000 0.00000000 
104.77500000 0.00000000 
104.82500000 0.00000000 
104.87500000 0.00000000 
104.92500000 0.00000000 
104.97500000 0.00000000 
105.02500000 0.00000000 
105.07500000 0.00000000 
105.12500000 0.00000000 
105.17500000 0.00000000 
105.22500000 0.00000000 
105.27500000 0.00000000 
105.32500000 0.00000000 
105.37500000 0.00000000 
105.42500000 0.00000000 
105.47500000 0.00000000 
105.52500000 0.00000000 
105.57500000 0.00000000 
105.62500000 0.00000000 
105.67500000 0.00000000 
105.72500000 0.00000000 
105.77500000 0.00000000 
105.82500000 0.00000000 
105.87500000 0.00000000 
105.92500000 0.00000000 
105.97500000 0.00000000 
106.02500000 0.00000000 
106.07500000 0.00000000 
106.12500000 0.00000000 
106.17500000 0.00000000 
106.22500000 0.00000000 
106.27500000 0.00000000 
106.32500000 0.00000000 
106.37500000 0.00000000 
106.42500000 0.00000000 
106.47500000 0.00000000 
106.52500000 0.00000000 
106.57500000 0.00000000 
106.62500000 0.00000000 
106.67500000 0.00000000 
106.72500000 0.00000000 
106.77500000 0.00000000 
106.82500000 0.00000000 
106.87500000 0.00000000 
106.92500000 0.00000000 
106.97500000 0.00000000 
107.02500000 0.00000000 
107.07500000 0.00000000 
107.12500000 0.00000000 
107.17500000 0.00000000 
107.22500000 0.00000000 
107.27500000 0.00000000 
107.32500000 0.00000000 
107.37500000 0.00000000 
107.42500000 0.00000000 
107.47500000 0.00000000 
107.52500000 0.00000000 
107.57500000 0.00000000 
107.62500000 0.00000000 
107.67500000 0.00000000 
107.72500000 0.00000000 
107.77500000 0.00000000 
107.82500000 0.00000000 
107.87500000 0.00000000 
107.92500000 0.00000000 
107.97500000 0.00000000 
108.02500000 0.00000000 
108.07500000 0.00000000 
108.12500000 0.00000000 
108.17500000 0.00000000 
108.22500000 0.00000000 
108.27500000 0.00000000 
108.32500000 0.00000000 
108.37500000 0.00000000 
108.42500000 0.00000000 
108.47500000 0.00000000 
108.52500000 0.00000000 
108.57500000 0.00000000 
108.62500000 0.00000000 
108.67500000 0.00000000 
108.72500000 0.00000000 
108.77500000 0.00000000 
108.82500000 0.00000000 
108.87500000 0.00000000 
108.92500000 0.00000000 
108.97500000 0.00000000 
109.02500000 0.00000000 
109.07500000 0.00000000 
109.12500000 0.00000000 
109.17500000 0.00000000 
109.22500000 0.00000000 
109.27500000 0.00000000 
109.32500000 0.00000000 
109.37500000 0.00000000 
109.42500000 0.00000000 
109.47500000 0.00000000 
109.52500000 0.00000000 
109.57500000 0.00000000 
109.62500000 0.00000000 
109.67500000 0.00000000 
109.72500000 0.00000000 
109.77500000 0.00000000 
109.82500000 0.00000000 
109.87500000 0.00000000 
109.92500000 0.00000000 
109.97500000 0.00000000 
110.02500000 0.00000000 
110.07500000 0.00000000 
110.12500000 0.00000000 
110.17500000 0.00000000 
110.22500000 0.00000000 
110.27500000 0.00000000 
110.32500000 0.00000000 
110.37500000 0.00000000 
110.42500000 0.00000000 
110.47500000 0.00000000 
110.52500000 0.00000000 
110.57500000 0.00000000 
110.62500000 0.00000000 
110.67500000 0.00000000 
110.72500000 0.00000000 
110.77500000 0.00000000 
110.82500000 0.00000000 
110.87500000 0.00000000 
110.92500000 0.00000000 
110.97500000 0.00000000 
111.02500000 0.00000000 
111.07500000 0.00000000 
111.12500000 0.00000000 
111.17500000 0.00000000 
111.22500000 0.00000000 
111.27500000 0.00000000 
111.32500000 0.00000000 
111.37500000 0.00000000 
111.42500000 0.00000000 
111.47500000 0.00000000 
111.52500000 0.00000000 
111.57500000 0.00000000 
111.62500000 0.00000000 
111.67500000 0.00000000 
111.72500000 0.00000000 
111.77500000 0.00000000 
111.82500000 0.00000000 
111.87500000 0.00000000 
111.92500000 0.00000000 
111.97500000 0.00000000 
112.02500000 0.00000000 
112.07500000 0.00000000 
112.12500000 0.00000000 
112.17500000 0.00000000 
112.22500000 0.00000000 
112.27500000 0.00000000 
112.32500000 0.00000000 
112.37500000 0.00000000 
112.42500000 0.00000000 
112.47500000 0.00000000 
112.52500000 0.00000000 
112.57500000 0.00000000 
112.62500000 0.00000000 
112.67500000 0.00000000 
112.72500000 0.00000000 
112.77500000 0.00000000 
112.82500000 0.00000000 
112.87500000 0.00000000 
112.92500000 0.00000000 
112.97500000 0.00000000 
113.02500000 0.00000000 
113.07500000 0.00000000 
113.12500000 0.00000000 
113.17500000 0.00000000 
113.22500000 0.00000000 
113.27500000 0.00000000 
113.32500000 0.00000000 
113.37500000 0.00000000 
113.42500000 0.00000000 
113.47500000 0.00000000 
113.52500000 0.00000000 
113.57500000 0.00000000 
113.62500000 0.00000000 
113.67500000 0.00000000 
113.72500000 0.00000000 
113.77500000 0.00000000 
113.82500000 0.00000000 
113.87500000 0.00000000 
113.92500000 0.00000000 
113.97500000 0.00000000 
114.02500000 0.00000000 
114.07500000 0.00000000 
114.12500000 0.00000000 
114.17500000 0.00000000 
114.22500000 0.00000000 
114.27500000 0.00000000 
114.32500000 0.00000000 
114.37500000 0.00000000 
114.42500000 0.00000000 
114.47500000 0.00000000 
114.52500000 0.00000000 
114.57500000 0.00000000 
114.62500000 0.00000000 
114.67500000 0.00000000 
114.72500000 0.00000000 
114.77500000 0.00000000 
114.82500000 0.00000000 
114.87500000 0.00000000 
114.92500000 0.00000000 
114.97500000 0.00000000 
115.02500000 0.00000000 
115.07500000 0.00000000 
115.12500000 0.00000000 
115.17500000 0.00000000 
115.22500000 0.00000000 
115.27500000 0.00000000 
115.32500000 0.00000000 
115.37500000 0.00000000 
115.42500000 0.00000000 
115.47500000 0.00000000 
115.52500000 0.00000000 
115.57500000 0.00000000 
115.62500000 0.00000000 
115.67500000 0.00000000 
115.72500000 0.00000000 
115.77500000 0.00000000 
115.82500000 0.00000000 
115.87500000 0.00000000 
115.92500000 0.00000000 
115.97500000 0.00000000 
116.02500000 0.00000000 
116.07500000 0.00000000 
116.12500000 0.00000000 
116.17500000 0.00000000 
116.22500000 0.00000000 
116.27500000 0.00000000 
116.32500000 0.00000000 
116.37500000 0.00000000 
116.42500000 0.00000000 
116.47500000 0.00000000 
116.52500000 0.00000000 
116.57500000 0.00000000 
116.62500000 0.00000000 
116.67500000 0.00000000 
116.72500000 0.00000000 
116.77500000 0.00000000 
116.82500000 0.00000000 
116.87500000 0.00000000 
116.92500000 0.00000000 
116.97500000 0.00000000 
117.02500000 0.00000000 
117.07500000 0.00000000 
117.12500000 0.00000000 
117.17500000 0.00000000 
117.22500000 0.00000000 
117.27500000 0.00000000 
117.32500000 0.00000000 
117.37500000 0.00000000 
117.42500000 0.00000000 
117.47500000 0.00000000 
117.52500000 0.00000000 
117.57500000 0.00000000 
117.62500000 0.00000000 
117.67500000 0.00000000 
117.72500000 0.00000000 
117.77500000 0.00000000 
117.82500000 0.00000000 
117.87500000 0.00000000 
117.92500000 0.00000000 
117.97500000 0.00000000 
118.02500000 0.00000000 
118.07500000 0.00000000 
118.12500000 0.00000000 
118.17500000 0.00000000 
118.22500000 0.00000000 
118.27500000 0.00000000 
118.32500000 0.00000000 
118.37500000 0.00000000 
118.42500000 0.00000000 
118.47500000 0.00000000 
118.52500000 0.00000000 
118.57500000 0.00000000 
118.62500000 0.00000000 
118.67500000 0.00000000 
118.72500000 0.00000000 
118.77500000 0.00000000 
118.82500000 0.00000000 
118.87500000 0.00000000 
118.92500000 0.00000000 
118.97500000 0.00000000 
119.02500000 0.00000000 
119.07500000 0.00000000 
119.12500000 0.00000000 
119.17500000 0.00000000 
119.22500000 0.00000000 
119.27500000 0.00000000 
119.32500000 0.00000000 
119.37500000 0.00000000 
119.42500000 0.00000000 
119.47500000 0.00000000 
119.52500000 0.00000000 
119.57500000 0.00000000 
119.62500000 0.00000000 
119.67500000 0.00000000 
119.72500000 0.00000000 
119.77500000 0.00000000 
119.82500000 0.00000000 
119.87500000 0.00000000 
119.92500000 0.00000000 
119.97500000 0.00000000 
120.02500000 0.00000000 
120.07500000 0.00000000 
120.12500000 0.00000000 
120.17500000 0.00000000 
120.22500000 0.00000000 
120.27500000 0.00000000 
120.32500000 0.00000000 
120.37500000 0.00000000 
120.42500000 0.00000000 
120.47500000 0.00000000 
120.52500000 0.00000000 
120.57500000 0.00000000 
120.62500000 0.00000000 
120.67500000 0.00000000 
120.72500000 0.00000000 
120.77500000 0.00000000 
120.82500000 0.00000000 
120.87500000 0.00000000 
120.92500000 0.00000000 
120.97500000 0.00000000 
121.02500000 0.00000000 
121.07500000 0.00000000 
121.12500000 0.00000000 
121.17500000 0.00000000 
121.22500000 0.00000000 
121.27500000 0.00000000 
121.32500000 0.00000000 
121.37500000 0.00000000 
121.42500000 0.00000000 
121.47500000 0.00000000 
121.52500000 0.00000000 
121.57500000 0.00000000 
121.62500000 0.00000000 
121.67500000 0.00000000 
121.72500000 0.00000000 
121.77500000 0.00000000 
121.82500000 0.00000000 
121.87500000 0.00000000 
121.92500000 0.00000000 
121.97500000 0.00000000 
122.02500000 0.00000000 
122.07500000 0.00000000 
122.12500000 0.00000000 
122.17500000 0.00000000 
122.22500000 0.00000000 
122.27500000 0.00000000 
122.32500000 0.00000000 
122.37500000 0.00000000 
122.42500000 0.00000000 
122.47500000 0.00000000 
122.52500000 0.00000000 
122.57500000 0.00000000 
122.62500000 0.00000000 
122.67500000 0.00000000 
122.72500000 0.00000000 
122.77500000 0.00000000 
122.82500000 0.00000000 
122.87500000 0.00000000 
122.92500000 0.00000000 
122.97500000 0.00000000 
123.02500000 0.00000000 
123.07500000 0.00000000 
123.12500000 0.00000000 
123.17500000 0.00000000 
123.22500000 0.00000000 
123.27500000 0.00000000 
123.32500000 0.00000000 
123.37500000 0.00000000 
123.42500000 0.00000000 
123.47500000 0.00000000 
123.52500000 0.00000000 
123.57500000 0.00000000 
123.62500000 0.00000000 
123.67500000 0.00000000 
123.72500000 0.00000000 
123.77500000 0.00000000 
123.82500000 0.00000000 
123.87500000 0.00000000 
123.92500000 0.00000000 
123.97500000 0.00000000 
124.02500000 0.00000000 
124.07500000 0.00000000 
124.12500000 0.00000000 
124.17500000 0.00000000 
124.22500000 0.00000000 
124.27500000 0.00000000 
124.32500000 0.00000000 
124.37500000 0.00000000 
124.42500000 0.00000000 
124.47500000 0.00000000 
124.52500000 0.00000000 
124.57500000 0.00000000 
124.62500000 0.00000000 
124.67500000 0.00000000 
124.72500000 0.00000000 
124.77500000 0.00000000 
124.82500000 0.00000000 
124.87500000 0.00000000 
124.92500000 0.00000000 
124.97500000 0.00000000 
125.02500000 0.00000000 
125.07500000 0.00000000 
125.12500000 0.00000000 
125.17500000 0.00000000 
125.22500000 0.00000000 
125.27500000 0.00000000 
125.32500000 0.00000000 
125.37500000 0.00000000 
125.42500000 0.00000000 
125.47500000 0.00000000 
125.52500000 0.00000000 
125.57500000 0.00000000 
125.62500000 0.00000000 
125.67500000 0.00000000 
125.72500000 0.00000000 
125.77500000 0.00000000 
125.82500000 0.00000000 
125.87500000 0.00000000 
125.92500000 0.00000000 
125.97500000 0.00000000 
126.02500000 0.00000000 
126.07500000 0.00000000 
126.12500000 0.00000000 
126.17500000 0.00000000 
126.22500000 0.00000000 
126.27500000 0.00000000 
126.32500000 0.00000000 
126.37500000 0.00000000 
126.42500000 0.00000000 
126.47500000 0.00000000 
126.52500000 0.00000000 
126.57500000 0.00000000 
126.62500000 0.00000000 
126.67500000 0.00000000 
126.72500000 0.00000000 
126.77500000 0.00000000 
126.82500000 0.00000000 
126.87500000 0.00000000 
126.92500000 0.00000000 
126.97500000 0.00000000 
127.02500000 0.00000000 
127.07500000 0.00000000 
127.12500000 0.00000000 
127.17500000 0.00000000 
127.22500000 0.00000000 
127.27500000 0.00000000 
127.32500000 0.00000000 
127.37500000 0.00000000 
127.42500000 0.00000000 
127.47500000 0.00000000 
127.52500000 0.00000000 
127.57500000 0.00000000 
127.62500000 0.00000000 
127.67500000 0.00000000 
127.72500000 0.00000000 
127.77500000 0.00000000 
127.82500000 0.00000000 
127.87500000 0.00000000 
127.92500000 0.00000000 
127.97500000 0.00000000 
128.02500000 0.00000000 
128.07500000 0.00000000 
128.12500000 0.00000000 
128.17500000 0.00000000 
128.22500000 0.00000000 
128.27500000 0.00000000 
128.32500000 0.00000000 
128.37500000 0.00000000 
128.42500000 0.00000000 
128.47500000 0.00000000 
128.52500000 0.00000000 
128.57500000 0.00000000 
128.62500000 0.00000000 
128.67500000 0.00000000 
128.72500000 0.00000000 
128.77500000 0.00000000 
128.82500000 0.00000000 
128.87500000 0.00000000 
128.92500000 0.00000000 
128.97500000 0.00000000 
129.02500000 0.00000000 
129.07500000 0.00000000 
129.12500000 0.00000000 
129.17500000 0.00000000 
129.22500000 0.00000000 
129.27500000 0.00000000 
129.32500000 0.00000000 
129.37500000 0.00000000 
129.42500000 0.00000000 
129.47500000 0.00000000 
129.52500000 0.00000000 
129.57500000 0.00000000 
129.62500000 0.00000000 
129.67500000 0.00000000 
129.72500000 0.00000000 
129.77500000 0.00000000 
129.82500000 0.00000000 
129.87500000 0.00000000 
129.92500000 0.00000000 
129.97500000 0.00000000 
130.02500000 0.00000000 
130.07500000 0.00000000 
130.12500000 0.00000000 
130.17500000 0.00000000 
130.22500000 0.00000000 
130.27500000 0.00000000 
130.32500000 0.00000000 
130.37500000 0.00000000 
130.42500000 0.00000000 
130.47500000 0.00000000 
130.52500000 0.00000000 
130.57500000 0.00000000 
130.62500000 0.00000000 
130.67500000 0.00000000 
130.72500000 0.00000000 
130.77500000 0.00000000 
130.82500000 0.00000000 
130.87500000 0.00000000 
130.92500000 0.00000000 
130.97500000 0.00000000 
131.02500000 0.00000000 
131.07500000 0.00000000 
131.12500000 0.00000000 
131.17500000 0.00000000 
131.22500000 0.00000000 
131.27500000 0.00000000 
131.32500000 0.00000000 
131.37500000 0.00000000 
131.42500000 0.00000000 
131.47500000 0.00000000 
131.52500000 0.00000000 
131.57500000 0.00000000 
131.62500000 0.00000000 
131.67500000 0.00000000 
131.72500000 0.00000000 
131.77500000 0.00000000 
131.82500000 0.00000000 
131.87500000 0.00000000 
131.92500000 0.00000000 
131.97500000 0.00000000 
132.02500000 0.00000000 
132.07500000 0.00000000 
132.12500000 0.00000000 
132.17500000 0.00000000 
132.22500000 0.00000000 
132.27500000 0.00000000 
132.32500000 0.00000000 
132.37500000 0.00000000 
132.42500000 0.00000000 
132.47500000 0.00000000 
132.52500000 0.00000000 
132.57500000 0.00000000 
132.62500000 0.00000000 
132.67500000 0.00000000 
132.72500000 0.00000000 
132.77500000 0.00000000 
132.82500000 0.00000000 
132.87500000 0.00000000 
132.92500000 0.00000000 
132.97500000 0.00000000 
133.02500000 0.00000000 
133.07500000 0.00000000 
133.12500000 0.00000000 
133.17500000 0.00000000 
133.22500000 0.00000000 
133.27500000 0.00000000 
133.32500000 0.00000000 
133.37500000 0.00000000 
133.42500000 0.00000000 
133.47500000 0.00000000 
133.52500000 0.00000000 
133.57500000 0.00000000 
133.62500000 0.00000000 
133.67500000 0.00000000 
133.72500000 0.00000000 
133.77500000 0.00000000 
133.82500000 0.00000000 
133.87500000 0.00000000 
133.92500000 0.00000000 
133.97500000 0.00000000 
134.02500000 0.00000000 
134.07500000 0.00000000 
134.12500000 0.00000000 
134.17500000 0.00000000 
134.22500000 0.00000000 
134.27500000 0.00000000 
134.32500000 0.00000000 
134.37500000 0.00000000 
134.42500000 0.00000000 
134.47500000 0.00000000 
134.52500000 0.00000000 
134.57500000 0.00000000 
134.62500000 0.00000000 
134.67500000 0.00000000 
134.72500000 0.00000000 
134.77500000 0.00000000 
134.82500000 0.00000000 
134.87500000 0.00000000 
134.92500000 0.00000000 
134.97500000 0.00000000 
135.02500000 0.00000000 
135.07500000 0.00000000 
135.12500000 0.00000000 
135.17500000 0.00000000 
135.22500000 0.00000000 
135.27500000 0.00000000 
135.32500000 0.00000000 
135.37500000 0.00000000 
135.42500000 0.00000000 
135.47500000 0.00000000 
135.52500000 0.00000000 
135.57500000 0.00000000 
135.62500000 0.00000000 
135.67500000 0.00000000 
135.72500000 0.00000000 
135.77500000 0.00000000 
135.82500000 0.00000000 
135.87500000 0.00000000 
135.92500000 0.00000000 
135.97500000 0.00000000 
136.02500000 0.00000000 
136.07500000 0.00000000 
136.12500000 0.00000000 
136.17500000 0.00000000 
136.22500000 0.00000000 
136.27500000 0.00000000 
136.32500000 0.00000000 
136.37500000 0.00000000 
136.42500000 0.00000000 
136.47500000 0.00000000 
136.52500000 0.00000000 
136.57500000 0.00000000 
136.62500000 0.00000000 
136.67500000 0.00000000 
136.72500000 0.00000000 
136.77500000 0.00000000 
136.82500000 0.00000000 
136.87500000 0.00000000 
136.92500000 0.00000000 
136.97500000 0.00000000 
137.02500000 0.00000000 
137.07500000 0.00000000 
137.12500000 0.00000000 
137.17500000 0.00000000 
137.22500000 0.00000000 
137.27500000 0.00000000 
137.32500000 0.00000000 
137.37500000 0.00000000 
137.42500000 0.00000000 
137.47500000 0.00000000 
137.52500000 0.00000000 
137.57500000 0.00000000 
137.62500000 0.00000000 
137.67500000 0.00000000 
137.72500000 0.00000000 
137.77500000 0.00000000 
137.82500000 0.00000000 
137.87500000 0.00000000 
137.92500000 0.00000000 
137.97500000 0.00000000 
138.02500000 0.00000000 
138.07500000 0.00000000 
138.12500000 0.00000000 
138.17500000 0.00000000 
138.22500000 0.00000000 
138.27500000 0.00000000 
138.32500000 0.00000000 
138.37500000 0.00000000 
138.42500000 0.00000000 
138.47500000 0.00000000 
138.52500000 0.00000000 
138.57500000 0.00000000 
138.62500000 0.00000000 
138.67500000 0.00000000 
138.72500000 0.00000000 
138.77500000 0.00000000 
138.82500000 0.00000000 
138.87500000 0.00000000 
138.92500000 0.00000000 
138.97500000 0.00000000 
139.02500000 0.00000000 
139.07500000 0.00000000 
139.12500000 0.00000000 
139.17500000 0.00000000 
139.22500000 0.00000000 
139.27500000 0.00000000 
139.32500000 0.00000000 
139.37500000 0.00000000 
139.42500000 0.00000000 
139.47500000 0.00000000 
139.52500000 0.00000000 
139.57500000 0.00000000 
139.62500000 0.00000000 
139.67500000 0.00000000 
139.72500000 0.00000000 
139.77500000 0.00000000 
139.82500000 0.00000000 
139.87500000 0.00000000 
139.92500000 0.00000000 
139.97500000 0.00000000 
140.02500000 0.00000000 
140.07500000 0.00000000 
140.12500000 0.00000000 
140.17500000 0.00000000 
140.22500000 0.00000000 
140.27500000 0.00000000 
140.32500000 0.00000000 
140.37500000 0.00000000 
140.42500000 0.00000000 
140.47500000 0.00000000 
140.52500000 0.00000000 
140.57500000 0.00000000 
140.62500000 0.00000000 
140.67500000 0.00000000 
140.72500000 0.00000000 
140.77500000 0.00000000 
140.82500000 0.00000000 
140.87500000 0.00000000 
140.92500000 0.00000000 
140.97500000 0.00000000 
141.02500000 0.00000000 
141.07500000 0.00000000 
141.12500000 0.00000000 
141.17500000 0.00000000 
141.22500000 0.00000000 
141.27500000 0.00000000 
141.32500000 0.00000000 
141.37500000 0.00000000 
141.42500000 0.00000000 
141.47500000 0.00000000 
141.52500000 0.00000000 
141.57500000 0.00000000 
141.62500000 0.00000000 
141.67500000 0.00000000 
141.72500000 0.00000000 
141.77500000 0.00000000 
141.82500000 0.00000000 
141.87500000 0.00000000 
141.92500000 0.00000000 
141.97500000 0.00000000 
142.02500000 0.00000000 
142.07500000 0.00000000 
142.12500000 0.00000000 
142.17500000 0.00000000 
142.22500000 0.00000000 
142.27500000 0.00000000 
142.32500000 0.00000000 
142.37500000 0.00000000 
142.42500000 0.00000000 
142.47500000 0.00000000 
142.52500000 0.00000000 
142.57500000 0.00000000 
142.62500000 0.00000000 
142.67500000 0.00000000 
142.72500000 0.00000000 
142.77500000 0.00000000 
142.82500000 0.00000000 
142.87500000 0.00000000 
142.92500000 0.00000000 
142.97500000 0.00000000 
143.02500000 0.00000000 
143.07500000 0.00000000 
143.12500000 0.00000000 
143.17500000 0.00000000 
143.22500000 0.00000000 
143.27500000 0.00000000 
143.32500000 0.00000000 
143.37500000 0.00000000 
143.42500000 0.00000000 
143.47500000 0.00000000 
143.52500000 0.00000000 
143.57500000 0.00000000 
143.62500000 0.00000000 
143.67500000 0.00000000 
143.72500000 0.00000000 
143.77500000 0.00000000 
143.82500000 0.00000000 
143.87500000 0.00000000 
143.92500000 0.00000000 
143.97500000 0.00000000 
144.02500000 0.00000000 
144.07500000 0.00000000 
144.12500000 0.00000000 
144.17500000 0.00000000 
144.22500000 0.00000000 
144.27500000 0.00000000 
144.32500000 0.00000000 
144.37500000 0.00000000 
144.42500000 0.00000000 
144.47500000 0.00000000 
144.52500000 0.00000000 
144.57500000 0.00000000 
144.62500000 0.00000000 
144.67500000 0.00000000 
144.72500000 0.00000000 
144.77500000 0.00000000 
144.82500000 0.00000000 
144.87500000 0.00000000 
144.92500000 0.00000000 
144.97500000 0.00000000 
145.02500000 0.00000000 
145.07500000 0.00000000 
145.12500000 0.00000000 
145.17500000 0.00000000 
145.22500000 0.00000000 
145.27500000 0.00000000 
145.32500000 0.00000000 
145.37500000 0.00000000 
145.42500000 0.00000000 
145.47500000 0.00000000 
145.52500000 0.00000000 
145.57500000 0.00000000 
145.62500000 0.00000000 
145.67500000 0.00000000 
145.72500000 0.00000000 
145.77500000 0.00000000 
145.82500000 0.00000000 
145.87500000 0.00000000 
145.92500000 0.00000000 
145.97500000 0.00000000 
146.02500000 0.00000000 
146.07500000 0.00000000 
146.12500000 0.00000000 
146.17500000 0.00000000 
146.22500000 0.00000000 
146.27500000 0.00000000 
146.32500000 0.00000000 
146.37500000 0.00000000 
146.42500000 0.00000000 
146.47500000 0.00000000 
146.52500000 0.00000000 
146.57500000 0.00000000 
146.62500000 0.00000000 
146.67500000 0.00000000 
146.72500000 0.00000000 
146.77500000 0.00000000 
146.82500000 0.00000000 
146.87500000 0.00000000 
146.92500000 0.00000000 
146.97500000 0.00000000 
147.02500000 0.00000000 
147.07500000 0.00000000 
147.12500000 0.00000000 
147.17500000 0.00000000 
147.22500000 0.00000000 
147.27500000 0.00000000 
147.32500000 0.00000000 
147.37500000 0.00000000 
147.42500000 0.00000000 
147.47500000 0.00000000 
147.52500000 0.00000000 
147.57500000 0.00000000 
147.62500000 0.00000000 
147.67500000 0.00000000 
147.72500000 0.00000000 
147.77500000 0.00000000 
147.82500000 0.00000000 
147.87500000 0.00000000 
147.92500000 0.00000000 
147.97500000 0.00000000 
148.02500000 0.00000000 
148.07500000 0.00000000 
148.12500000 0.00000000 
148.17500000 0.00000000 
148.22500000 0.00000000 
148.27500000 0.00000000 
148.32500000 0.00000000 
148.37500000 0.00000000 
148.42500000 0.00000000 
148.47500000 0.00000000 
148.52500000 0.00000000 
148.57500000 0.00000000 
148.62500000 0.00000000 
148.67500000 0.00000000 
148.72500000 0.00000000 
148.77500000 0.00000000 
148.82500000 0.00000000 
148.87500000 0.00000000 
148.92500000 0.00000000 
148.97500000 0.00000000 
149.02500000 0.00000000 
149.07500000 0.00000000 
149.12500000 0.00000000 
149.17500000 0.00000000 
149.22500000 0.00000000 
149.27500000 0.00000000 
149.32500000 0.00000000 
149.37500000 0.00000000 
149.42500000 0.00000000 
149.47500000 0.00000000 
149.52500000 0.00000000 
149.57500000 0.00000000 
149.62500000 0.00000000 
149.67500000 0.00000000 
149.72500000 0.00000000 
149.77500000 0.00000000 
149.82500000 0.00000000 
149.87500000 0.00000000 
149.92500000 0.00000000 
149.97500000 0.00000000 
150.02500000 0.00000000 
150.07500000 0.00000000 
150.12500000 0.00000000 
150.17500000 0.00000000 
150.22500000 0.00000000 
150.27500000 0.00000000 
150.32500000 0.00000000 
150.37500000 0.00000000 
150.42500000 0.00000000 
150.47500000 0.00000000 
150.52500000 0.00000000 
150.57500000 0.00000000 
150.62500000 0.00000000 
150.67500000 0.00000000 
150.72500000 0.00000000 
150.77500000 0.00000000 
150.82500000 0.00000000 
150.87500000 0.00000000 
150.92500000 0.00000000 
150.97500000 0.00000000 
151.02500000 0.00000000 
151.07500000 0.00000000 
151.12500000 0.00000000 
151.17500000 0.00000000 
151.22500000 0.00000000 
151.27500000 0.00000000 
151.32500000 0.00000000 
151.37500000 0.00000000 
151.42500000 0.00000000 
151.47500000 0.00000000 
151.52500000 0.00000000 
151.57500000 0.00000000 
151.62500000 0.00000000 
151.67500000 0.00000000 
151.72500000 0.00000000 
151.77500000 0.00000000 
151.82500000 0.00000000 
151.87500000 0.00000000 
151.92500000 0.00000000 
151.97500000 0.00000000 
152.02500000 0.00000000 
152.07500000 0.00000000 
152.12500000 0.00000000 
152.17500000 0.00000000 
152.22500000 0.00000000 
152.27500000 0.00000000 
152.32500000 0.00000000 
152.37500000 0.00000000 
152.42500000 0.00000000 
152.47500000 0.00000000 
152.52500000 0.00000000 
152.57500000 0.00000000 
152.62500000 0.00000000 
152.67500000 0.00000000 
152.72500000 0.00000000 
152.77500000 0.00000000 
152.82500000 0.00000000 
152.87500000 0.00000000 
152.92500000 0.00000000 
152.97500000 0.00000000 
153.02500000 0.00000000 
153.07500000 0.00000000 
153.12500000 0.00000000 
153.17500000 0.00000000 
153.22500000 0.00000000 
153.27500000 0.00000000 
153.32500000 0.00000000 
153.37500000 0.00000000 
153.42500000 0.00000000 
153.47500000 0.00000000 
153.52500000 0.00000000 
153.57500000 0.00000000 
153.62500000 0.00000000 
153.67500000 0.00000000 
153.72500000 0.00000000 
153.77500000 0.00000000 
153.82500000 0.00000000 
153.87500000 0.00000000 
153.92500000 0.00000000 
153.97500000 0.00000000 
154.02500000 0.00000000 
154.07500000 0.00000000 
154.12500000 0.00000000 
154.17500000 0.00000000 
154.22500000 0.00000000 
154.27500000 0.00000000 
154.32500000 0.00000000 
154.37500000 0.00000000 
154.42500000 0.00000000 
154.47500000 0.00000000 
154.52500000 0.00000000 
154.57500000 0.00000000 
154.62500000 0.00000000 
154.67500000 0.00000000 
154.72500000 0.00000000 
154.77500000 0.00000000 
154.82500000 0.00000000 
154.87500000 0.00000000 
154.92500000 0.00000000 
154.97500000 0.00000000 
155.02500000 0.00000000 
155.07500000 0.00000000 
155.12500000 0.00000000 
155.17500000 0.00000000 
155.22500000 0.00000000 
155.27500000 0.00000000 
155.32500000 0.00000000 
155.37500000 0.00000000 
155.42500000 0.00000000 
155.47500000 0.00000000 
155.52500000 0.00000000 
155.57500000 0.00000000 
155.62500000 0.00000000 
155.67500000 0.00000000 
155.72500000 0.00000000 
155.77500000 0.00000000 
155.82500000 0.00000000 
155.87500000 0.00000000 
155.92500000 0.00000000 
155.97500000 0.00000000 
156.02500000 0.00000000 
156.07500000 0.00000000 
156.12500000 0.00000000 
156.17500000 0.00000000 
156.22500000 0.00000000 
156.27500000 0.00000000 
156.32500000 0.00000000 
156.37500000 0.00000000 
156.42500000 0.00000000 
156.47500000 0.00000000 
156.52500000 0.00000000 
156.57500000 0.00000000 
156.62500000 0.00000000 
156.67500000 0.00000000 
156.72500000 0.00000000 
156.77500000 0.00000000 
156.82500000 0.00000000 
156.87500000 0.00000000 
156.92500000 0.00000000 
156.97500000 0.00000000 
157.02500000 0.00000000 
157.07500000 0.00000000 
157.12500000 0.00000000 
157.17500000 0.00000000 
157.22500000 0.00000000 
157.27500000 0.00000000 
157.32500000 0.00000000 
157.37500000 0.00000000 
157.42500000 0.00000000 
157.47500000 0.00000000 
157.52500000 0.00000000 
157.57500000 0.00000000 
157.62500000 0.00000000 
157.67500000 0.00000000 
157.72500000 0.00000000 
157.77500000 0.00000000 
157.82500000 0.00000000 
157.87500000 0.00000000 
157.92500000 0.00000000 
157.97500000 0.00000000 
158.02500000 0.00000000 
158.07500000 0.00000000 
158.12500000 0.00000000 
158.17500000 0.00000000 
158.22500000 0.00000000 
158.27500000 0.00000000 
158.32500000 0.00000000 
158.37500000 0.00000000 
158.42500000 0.00000000 
158.47500000 0.00000000 
158.52500000 0.00000000 
158.57500000 0.00000000 
158.62500000 0.00000000 
158.67500000 0.00000000 
158.72500000 0.00000000 
158.77500000 0.00000000 
158.82500000 0.00000000 
158.87500000 0.00000000 
158.92500000 0.00000000 
158.97500000 0.00000000 
159.02500000 0.00000000 
159.07500000 0.00000000 
159.12500000 0.00000000 
159.17500000 0.00000000 
159.22500000 0.00000000 
159.27500000 0.00000000 
159.32500000 0.00000000 
159.37500000 0.00000000 
159.42500000 0.00000000 
159.47500000 0.00000000 
159.52500000 0.00000000 
159.57500000 0.00000000 
159.62500000 0.00000000 
159.67500000 0.00000000 
159.72500000 0.00000000 
159.77500000 0.00000000 
159.82500000 0.00000000 
159.87500000 0.00000000 
159.92500000 0.00000000 
159.97500000 0.00000000 
160.02500000 0.00000000 
160.07500000 0.00000000 
160.12500000 0.00000000 
160.17500000 0.00000000 
160.22500000 0.00000000 
160.27500000 0.00000000 
160.32500000 0.00000000 
160.37500000 0.00000000 
160.42500000 0.00000000 
160.47500000 0.00000000 
160.52500000 0.00000000 
160.57500000 0.00000000 
160.62500000 0.00000000 
160.67500000 0.00000000 
160.72500000 0.00000000 
160.77500000 0.00000000 
160.82500000 0.00000000 
160.87500000 0.00000000 
160.92500000 0.00000000 
160.97500000 0.00000000 
161.02500000 0.00000000 
161.07500000 0.00000000 
161.12500000 0.00000000 
161.17500000 0.00000000 
161.22500000 0.00000000 
161.27500000 0.00000000 
161.32500000 0.00000000 
161.37500000 0.00000000 
161.42500000 0.00000000 
161.47500000 0.00000000 
161.52500000 0.00000000 
161.57500000 0.00000000 
161.62500000 0.00000000 
161.67500000 0.00000000 
161.72500000 0.00000000 
161.77500000 0.00000000 
161.82500000 0.00000000 
161.87500000 0.00000000 
161.92500000 0.00000000 
161.97500000 0.00000000 
162.02500000 0.00000000 
162.07500000 0.00000000 
162.12500000 0.00000000 
162.17500000 0.00000000 
162.22500000 0.00000000 
162.27500000 0.00000000 
162.32500000 0.00000000 
162.37500000 0.00000000 
162.42500000 0.00000000 
162.47500000 0.00000000 
162.52500000 0.00000000 
162.57500000 0.00000000 
162.62500000 0.00000000 
162.67500000 0.00000000 
162.72500000 0.00000000 
162.77500000 0.00000000 
162.82500000 0.00000000 
162.87500000 0.00000000 
162.92500000 0.00000000 
162.97500000 0.00000000 
163.02500000 0.00000000 
163.07500000 0.00000000 
163.12500000 0.00000000 
163.17500000 0.00000000 
163.22500000 0.00000000 
163.27500000 0.00000000 
163.32500000 0.00000000 
163.37500000 0.00000000 
163.42500000 0.00000000 
163.47500000 0.00000000 
163.52500000 0.00000000 
163.57500000 0.00000000 
163.62500000 0.00000000 
163.67500000 0.00000000 
163.72500000 0.00000000 
163.77500000 0.00000000 
163.82500000 0.00000000 
163.87500000 0.00000000 
163.92500000 0.00000000 
163.97500000 0.00000000 
164.02500000 0.00000000 
164.07500000 0.00000000 
164.12500000 0.00000000 
164.17500000 0.00000000 
164.22500000 0.00000000 
164.27500000 0.00000000 
164.32500000 0.00000000 
164.37500000 0.00000000 
164.42500000 0.00000000 
164.47500000 0.00000000 
164.52500000 0.00000000 
164.57500000 0.00000000 
164.62500000 0.00000000 
164.67500000 0.00000000 
164.72500000 0.00000000 
164.77500000 0.00000000 
164.82500000 0.00000000 
164.87500000 0.00000000 
164.92500000 0.00000000 
164.97500000 0.00000000 
165.02500000 0.00000000 
165.07500000 0.00000000 
165.12500000 0.00000000 
165.17500000 0.00000000 
165.22500000 0.00000000 
165.27500000 0.00000000 
165.32500000 0.00000000 
165.37500000 0.00000000 
165.42500000 0.00000000 
165.47500000 0.00000000 
165.52500000 0.00000000 
165.57500000 0.00000000 
165.62500000 0.00000000 
165.67500000 0.00000000 
165.72500000 0.00000000 
165.77500000 0.00000000 
165.82500000 0.00000000 
165.87500000 0.00000000 
165.92500000 0.00000000 
165.97500000 0.00000000 
166.02500000 0.00000000 
166.07500000 0.00000000 
166.12500000 0.00000000 
166.17500000 0.00000000 
166.22500000 0.00000000 
166.27500000 0.00000000 
166.32500000 0.00000000 
166.37500000 0.00000000 
166.42500000 0.00000000 
166.47500000 0.00000000 
166.52500000 0.00000000 
166.57500000 0.00000000 
166.62500000 0.00000000 
166.67500000 0.00000000 
166.72500000 0.00000000 
166.77500000 0.00000000 
166.82500000 0.00000000 
166.87500000 0.00000000 
166.92500000 0.00000000 
166.97500000 0.00000000 
167.02500000 0.00000000 
167.07500000 0.00000000 
167.12500000 0.00000000 
167.17500000 0.00000000 
167.22500000 0.00000000 
167.27500000 0.00000000 
167.32500000 0.00000000 
167.37500000 0.00000000 
167.42500000 0.00000000 
167.47500000 0.00000000 
167.52500000 0.00000000 
167.57500000 0.00000000 
167.62500000 0.00000000 
167.67500000 0.00000000 
167.72500000 0.00000000 
167.77500000 0.00000000 
167.82500000 0.00000000 
167.87500000 0.00000000 
167.92500000 0.00000000 
167.97500000 0.00000000 
168.02500000 0.00000000 
168.07500000 0.00000000 
168.12500000 0.00000000 
168.17500000 0.00000000 
168.22500000 0.00000000 
168.27500000 0.00000000 
168.32500000 0.00000000 
168.37500000 0.00000000 
168.42500000 0.00000000 
168.47500000 0.00000000 
168.52500000 0.00000000 
168.57500000 0.00000000 
168.62500000 0.00000000 
168.67500000 0.00000000 
168.72500000 0.00000000 
168.77500000 0.00000000 
168.82500000 0.00000000 
168.87500000 0.00000000 
168.92500000 0.00000000 
168.97500000 0.00000000 
169.02500000 0.00000000 
169.07500000 0.00000000 
169.12500000 0.00000000 
169.17500000 0.00000000 
169.22500000 0.00000000 
169.27500000 0.00000000 
169.32500000 0.00000000 
169.37500000 0.00000000 
169.42500000 0.00000000 
169.47500000 0.00000000 
169.52500000 0.00000000 
169.57500000 0.00000000 
169.62500000 0.00000000 
169.67500000 0.00000000 
169.72500000 0.00000000 
169.77500000 0.00000000 
169.82500000 0.00000000 
169.87500000 0.00000000 
169.92500000 0.00000000 
169.97500000 0.00000000 
170.02500000 0.00000000 
170.07500000 0.00000000 
170.12500000 0.00000000 
170.17500000 0.00000000 
170.22500000 0.00000000 
170.27500000 0.00000000 
170.32500000 0.00000000 
170.37500000 0.00000000 
170.42500000 0.00000000 
170.47500000 0.00000000 
170.52500000 0.00000000 
170.57500000 0.00000000 
170.62500000 0.00000000 
170.67500000 0.00000000 
170.72500000 0.00000000 
170.77500000 0.00000000 
170.82500000 0.00000000 
170.87500000 0.00000000 
170.92500000 0.00000000 
170.97500000 0.00000000 
171.02500000 0.00000000 
171.07500000 0.00000000 
171.12500000 0.00000000 
171.17500000 0.00000000 
171.22500000 0.00000000 
171.27500000 0.00000000 
171.32500000 0.00000000 
171.37500000 0.00000000 
171.42500000 0.00000000 
171.47500000 0.00000000 
171.52500000 0.00000000 
171.57500000 0.00000000 
171.62500000 0.00000000 
171.67500000 0.00000000 
171.72500000 0.00000000 
171.77500000 0.00000000 
171.82500000 0.00000000 
171.87500000 0.00000000 
171.92500000 0.00000000 
171.97500000 0.00000000 
172.02500000 0.00000000 
172.07500000 0.00000000 
172.12500000 0.00000000 
172.17500000 0.00000000 
172.22500000 0.00000000 
172.27500000 0.00000000 
172.32500000 0.00000000 
172.37500000 0.00000000 
172.42500000 0.00000000 
172.47500000 0.00000000 
172.52500000 0.00000000 
172.57500000 0.00000000 
172.62500000 0.00000000 
172.67500000 0.00000000 
172.72500000 0.00000000 
172.77500000 0.00000000 
172.82500000 0.00000000 
172.87500000 0.00000000 
172.92500000 0.00000000 
172.97500000 0.00000000 
173.02500000 0.00000000 
173.07500000 0.00000000 
173.12500000 0.00000000 
173.17500000 0.00000000 
173.22500000 0.00000000 
173.27500000 0.00000000 
173.32500000 0.00000000 
173.37500000 0.00000000 
173.42500000 0.00000000 
173.47500000 0.00000000 
173.52500000 0.00000000 
173.57500000 0.00000000 
173.62500000 0.00000000 
173.67500000 0.00000000 
173.72500000 0.00000000 
173.77500000 0.00000000 
173.82500000 0.00000000 
173.87500000 0.00000000 
173.92500000 0.00000000 
173.97500000 0.00000000 
174.02500000 0.00000000 
174.07500000 0.00000000 
174.12500000 0.00000000 
174.17500000 0.00000000 
174.22500000 0.00000000 
174.27500000 0.00000000 
174.32500000 0.00000000 
174.37500000 0.00000000 
174.42500000 0.00000000 
174.47500000 0.00000000 
174.52500000 0.00000000 
174.57500000 0.00000000 
174.62500000 0.00000000 
174.67500000 0.00000000 
174.72500000 0.00000000 
174.77500000 0.00000000 
174.82500000 0.00000000 
174.87500000 0.00000000 
174.92500000 0.00000000 
174.97500000 0.00000000 
175.02500000 0.00000000 
175.07500000 0.00000000 
175.12500000 0.00000000 
175.17500000 0.00000000 
175.22500000 0.00000000 
175.27500000 0.00000000 
175.32500000 0.00000000 
175.37500000 0.00000000 
175.42500000 0.00000000 
175.47500000 0.00000000 
175.52500000 0.00000000 
175.57500000 0.00000000 
175.62500000 0.00000000 
175.67500000 0.00000000 
175.72500000 0.00000000 
175.77500000 0.00000000 
175.82500000 0.00000000 
175.87500000 0.00000000 
175.92500000 0.00000000 
175.97500000 0.00000000 
176.02500000 0.00000000 
176.07500000 0.00000000 
176.12500000 0.00000000 
176.17500000 0.00000000 
176.22500000 0.00000000 
176.27500000 0.00000000 
176.32500000 0.00000000 
176.37500000 0.00000000 
176.42500000 0.00000000 
176.47500000 0.00000000 
176.52500000 0.00000000 
176.57500000 0.00000000 
176.62500000 0.00000000 
176.67500000 0.00000000 
176.72500000 0.00000000 
176.77500000 0.00000000 
176.82500000 0.00000000 
176.87500000 0.00000000 
176.92500000 0.00000000 
176.97500000 0.00000000 
177.02500000 0.00000000 
177.07500000 0.00000000 
177.12500000 0.00000000 
177.17500000 0.00000000 
177.22500000 0.00000000 
177.27500000 0.00000000 
177.32500000 0.00000000 
177.37500000 0.00000000 
177.42500000 0.00000000 
177.47500000 0.00000000 
177.52500000 0.00000000 
177.57500000 0.00000000 
177.62500000 0.00000000 
177.67500000 0.00000000 
177.72500000 0.00000000 
177.77500000 0.00000000 
177.82500000 0.00000000 
177.87500000 0.00000000 
177.92500000 0.00000000 
177.97500000 0.00000000 
178.02500000 0.00000000 
178.07500000 0.00000000 
178.12500000 0.00000000 
178.17500000 0.00000000 
178.22500000 0.00000000 
178.27500000 0.00000000 
178.32500000 0.00000000 
178.37500000 0.00000000 
178.42500000 0.00000000 
178.47500000 0.00000000 
178.52500000 0.00000000 
178.57500000 0.00000000 
178.62500000 0.00000000 
178.67500000 0.00000000 
178.72500000 0.00000000 
178.77500000 0.00000000 
178.82500000 0.00000000 
178.87500000 0.00000000 
178.92500000 0.00000000 
178.97500000 0.00000000 
179.02500000 0.00000000 
179.07500000 0.00000000 
179.12500000 0.00000000 
179.17500000 0.00000000 
179.22500000 0.00000000 
179.27500000 0.00000000 
179.32500000 0.00000000 
179.37500000 0.00000000 
179.42500000 0.00000000 
179.47500000 0.00000000 
179.52500000 0.00000000 
179.57500000 0.00000000 
179.62500000 0.00000000 
179.67500000 0.00000000 
179.72500000 0.00000000 
179.77500000 0.00000000 
179.82500000 0.00000000 
179.87500000 0.00000000 
179.92500000 0.00000000 
179.97500000 0.00000000 
180.02500000 0.00000000 
180.07500000 0.00000000 
180.12500000 0.00000000 
180.17500000 0.00000000 
180.22500000 0.00000000 
180.27500000 0.00000000 
180.32500000 0.00000000 
180.37500000 0.00000000 
180.42500000 0.00000000 
180.47500000 0.00000000 
180.52500000 0.00000000 
180.57500000 0.00000000 
180.62500000 0.00000000 
180.67500000 0.00000000 
180.72500000 0.00000000 
180.77500000 0.00000000 
180.82500000 0.00000000 
180.87500000 0.00000000 
180.92500000 0.00000000 
180.97500000 0.00000000 
181.02500000 0.00000000 
181.07500000 0.00000000 
181.12500000 0.00000000 
181.17500000 0.00000000 
181.22500000 0.00000000 
181.27500000 0.00000000 
181.32500000 0.00000000 
181.37500000 0.00000000 
181.42500000 0.00000000 
181.47500000 0.00000000 
181.52500000 0.00000000 
181.57500000 0.00000000 
181.62500000 0.00000000 
181.67500000 0.00000000 
181.72500000 0.00000000 
181.77500000 0.00000000 
181.82500000 0.00000000 
181.87500000 0.00000000 
181.92500000 0.00000000 
181.97500000 0.00000000 
182.02500000 0.00000000 
182.07500000 0.00000000 
182.12500000 0.00000000 
182.17500000 0.00000000 
182.22500000 0.00000000 
182.27500000 0.00000000 
182.32500000 0.00000000 
182.37500000 0.00000000 
182.42500000 0.00000000 
182.47500000 0.00000000 
182.52500000 0.00000000 
182.57500000 0.00000000 
182.62500000 0.00000000 
182.67500000 0.00000000 
182.72500000 0.00000000 
182.77500000 0.00000000 
182.82500000 0.00000000 
182.87500000 0.00000000 
182.92500000 0.00000000 
182.97500000 0.00000000 
183.02500000 0.00000000 
183.07500000 0.00000000 
183.12500000 0.00000000 
183.17500000 0.00000000 
183.22500000 0.00000000 
183.27500000 0.00000000 
183.32500000 0.00000000 
183.37500000 0.00000000 
183.42500000 0.00000000 
183.47500000 0.00000000 
183.52500000 0.00000000 
183.57500000 0.00000000 
183.62500000 0.00000000 
183.67500000 0.00000000 
183.72500000 0.00000000 
183.77500000 0.00000000 
183.82500000 0.00000000 
183.87500000 0.00000000 
183.92500000 0.00000000 
183.97500000 0.00000000 
184.02500000 0.00000000 
184.07500000 0.00000000 
184.12500000 0.00000000 
184.17500000 0.00000000 
184.22500000 0.00000000 
184.27500000 0.00000000 
184.32500000 0.00000000 
184.37500000 0.00000000 
184.42500000 0.00000000 
184.47500000 0.00000000 
184.52500000 0.00000000 
184.57500000 0.00000000 
184.62500000 0.00000000 
184.67500000 0.00000000 
184.72500000 0.00000000 
184.77500000 0.00000000 
184.82500000 0.00000000 
184.87500000 0.00000000 
184.92500000 0.00000000 
184.97500000 0.00000000 
185.02500000 0.00000000 
185.07500000 0.00000000 
185.12500000 0.00000000 
185.17500000 0.00000000 
185.22500000 0.00000000 
185.27500000 0.00000000 
185.32500000 0.00000000 
185.37500000 0.00000000 
185.42500000 0.00000000 
185.47500000 0.00000000 
185.52500000 0.00000000 
185.57500000 0.00000000 
185.62500000 0.00000000 
185.67500000 0.00000000 
185.72500000 0.00000000 
185.77500000 0.00000000 
185.82500000 0.00000000 
185.87500000 0.00000000 
185.92500000 0.00000000 
185.97500000 0.00000000 
186.02500000 0.00000000 
186.07500000 0.00000000 
186.12500000 0.00000000 
186.17500000 0.00000000 
186.22500000 0.00000000 
186.27500000 0.00000000 
186.32500000 0.00000000 
186.37500000 0.00000000 
186.42500000 0.00000000 
186.47500000 0.00000000 
186.52500000 0.00000000 
186.57500000 0.00000000 
186.62500000 0.00000000 
186.67500000 0.00000000 
186.72500000 0.00000000 
186.77500000 0.00000000 
186.82500000 0.00000000 
186.87500000 0.00000000 
186.92500000 0.00000000 
186.97500000 0.00000000 
187.02500000 0.00000000 
187.07500000 0.00000000 
187.12500000 0.00000000 
187.17500000 0.00000000 
187.22500000 0.00000000 
187.27500000 0.00000000 
187.32500000 0.00000000 
187.37500000 0.00000000 
187.42500000 0.00000000 
187.47500000 0.00000000 
187.52500000 0.00000000 
187.57500000 0.00000000 
187.62500000 0.00000000 
187.67500000 0.00000000 
187.72500000 0.00000000 
187.77500000 0.00000000 
187.82500000 0.00000000 
187.87500000 0.00000000 
187.92500000 0.00000000 
187.97500000 0.00000000 
188.02500000 0.00000000 
188.07500000 0.00000000 
188.12500000 0.00000000 
188.17500000 0.00000000 
188.22500000 0.00000000 
188.27500000 0.00000000 
188.32500000 0.00000000 
188.37500000 0.00000000 
188.42500000 0.00000000 
188.47500000 0.00000000 
188.52500000 0.00000000 
188.57500000 0.00000000 
188.62500000 0.00000000 
188.67500000 0.00000000 
188.72500000 0.00000000 
188.77500000 0.00000000 
188.82500000 0.00000000 
188.87500000 0.00000000 
188.92500000 0.00000000 
188.97500000 0.00000000 
189.02500000 0.00000000 
189.07500000 0.00000000 
189.12500000 0.00000000 
189.17500000 0.00000000 
189.22500000 0.00000000 
189.27500000 0.00000000 
189.32500000 0.00000000 
189.37500000 0.00000000 
189.42500000 0.00000000 
189.47500000 0.00000000 
189.52500000 0.00000000 
189.57500000 0.00000000 
189.62500000 0.00000000 
189.67500000 0.00000000 
189.72500000 0.00000000 
189.77500000 0.00000000 
189.82500000 0.00000000 
189.87500000 0.00000000 
189.92500000 0.00000000 
189.97500000 0.00000000 
190.02500000 0.00000000 
190.07500000 0.00000000 
190.12500000 0.00000000 
190.17500000 0.00000000 
190.22500000 0.00000000 
190.27500000 0.00000000 
190.32500000 0.00000000 
190.37500000 0.00000000 
190.42500000 0.00000000 
190.47500000 0.00000000 
190.52500000 0.00000000 
190.57500000 0.00000000 
190.62500000 0.00000000 
190.67500000 0.00000000 
190.72500000 0.00000000 
190.77500000 0.00000000 
190.82500000 0.00000000 
190.87500000 0.00000000 
190.92500000 0.00000000 
190.97500000 0.00000000 
191.02500000 0.00000000 
191.07500000 0.00000000 
191.12500000 0.00000000 
191.17500000 0.00000000 
191.22500000 0.00000000 
191.27500000 0.00000000 
191.32500000 0.00000000 
191.37500000 0.00000000 
191.42500000 0.00000000 
191.47500000 0.00000000 
191.52500000 0.00000000 
191.57500000 0.00000000 
191.62500000 0.00000000 
191.67500000 0.00000000 
191.72500000 0.00000000 
191.77500000 0.00000000 
191.82500000 0.00000000 
191.87500000 0.00000000 
191.92500000 0.00000000 
191.97500000 0.00000000 
192.02500000 0.00000000 
192.07500000 0.00000000 
192.12500000 0.00000000 
192.17500000 0.00000000 
192.22500000 0.00000000 
192.27500000 0.00000000 
192.32500000 0.00000000 
192.37500000 0.00000000 
192.42500000 0.00000000 
192.47500000 0.00000000 
192.52500000 0.00000000 
192.57500000 0.00000000 
192.62500000 0.00000000 
192.67500000 0.00000000 
192.72500000 0.00000000 
192.77500000 0.00000000 
192.82500000 0.00000000 
192.87500000 0.00000000 
192.92500000 0.00000000 
192.97500000 0.00000000 
193.02500000 0.00000000 
193.07500000 0.00000000 
193.12500000 0.00000000 
193.17500000 0.00000000 
193.22500000 0.00000000 
193.27500000 0.00000000 
193.32500000 0.00000000 
193.37500000 0.00000000 
193.42500000 0.00000000 
193.47500000 0.00000000 
193.52500000 0.00000000 
193.57500000 0.00000000 
193.62500000 0.00000000 
193.67500000 0.00000000 
193.72500000 0.00000000 
193.77500000 0.00000000 
193.82500000 0.00000000 
193.87500000 0.00000000 
193.92500000 0.00000000 
193.97500000 0.00000000 
194.02500000 0.00000000 
194.07500000 0.00000000 
194.12500000 0.00000000 
194.17500000 0.00000000 
194.22500000 0.00000000 
194.27500000 0.00000000 
194.32500000 0.00000000 
194.37500000 0.00000000 
194.42500000 0.00000000 
194.47500000 0.00000000 
194.52500000 0.00000000 
194.57500000 0.00000000 
194.62500000 0.00000000 
194.67500000 0.00000000 
194.72500000 0.00000000 
194.77500000 0.00000000 
194.82500000 0.00000000 
194.87500000 0.00000000 
194.92500000 0.00000000 
194.97500000 0.00000000 
195.02500000 0.00000000 
195.07500000 0.00000000 
195.12500000 0.00000000 
195.17500000 0.00000000 
195.22500000 0.00000000 
195.27500000 0.00000000 
195.32500000 0.00000000 
195.37500000 0.00000000 
195.42500000 0.00000000 
195.47500000 0.00000000 
195.52500000 0.00000000 
195.57500000 0.00000000 
195.62500000 0.00000000 
195.67500000 0.00000000 
195.72500000 0.00000000 
195.77500000 0.00000000 
195.82500000 0.00000000 
195.87500000 0.00000000 
195.92500000 0.00000000 
195.97500000 0.00000000 
196.02500000 0.00000000 
196.07500000 0.00000000 
196.12500000 0.00000000 
196.17500000 0.00000000 
196.22500000 0.00000000 
196.27500000 0.00000000 
196.32500000 0.00000000 
196.37500000 0.00000000 
196.42500000 0.00000000 
196.47500000 0.00000000 
196.52500000 0.00000000 
196.57500000 0.00000000 
196.62500000 0.00000000 
196.67500000 0.00000000 
196.72500000 0.00000000 
196.77500000 0.00000000 
196.82500000 0.00000000 
196.87500000 0.00000000 
196.92500000 0.00000000 
196.97500000 0.00000000 
197.02500000 0.00000000 
197.07500000 0.00000000 
197.12500000 0.00000000 
197.17500000 0.00000000 
197.22500000 0.00000000 
197.27500000 0.00000000 
197.32500000 0.00000000 
197.37500000 0.00000000 
197.42500000 0.00000000 
197.47500000 0.00000000 
197.52500000 0.00000000 
197.57500000 0.00000000 
197.62500000 0.00000000 
197.67500000 0.00000000 
197.72500000 0.00000000 
197.77500000 0.00000000 
197.82500000 0.00000000 
197.87500000 0.00000000 
197.92500000 0.00000000 
197.97500000 0.00000000 
198.02500000 0.00000000 
198.07500000 0.00000000 
198.12500000 0.00000000 
198.17500000 0.00000000 
198.22500000 0.00000000 
198.27500000 0.00000000 
198.32500000 0.00000000 
198.37500000 0.00000000 
198.42500000 0.00000000 
198.47500000 0.00000000 
198.52500000 0.00000000 
198.57500000 0.00000000 
198.62500000 0.00000000 
198.67500000 0.00000000 
198.72500000 0.00000000 
198.77500000 0.00000000 
198.82500000 0.00000000 
198.87500000 0.00000000 
198.92500000 0.00000000 
198.97500000 0.00000000 
199.02500000 0.00000000 
199.07500000 0.00000000 
199.12500000 0.00000000 
199.17500000 0.00000000 
199.22500000 0.00000000 
199.27500000 0.00000000 
199.32500000 0.00000000 
199.37500000 0.00000000 
199.42500000 0.00000000 
199.47500000 0.00000000 
199.52500000 0.00000000 
199.57500000 0.00000000 
199.62500000 0.00000000 
199.67500000 0.00000000 
199.72500000 0.00000000 
199.77500000 0.00000000 
199.82500000 0.00000000 
199.87500000 0.00000000 
199.92500000 0.00000000 
199.97500000 0.00000000 
